# Er drde_Xe drde_Ar drde_Ge
1.000000000000000021e-02 8.509603391757443503e-16 7.926401792884213965e-17 2.611638421604451141e-16
4.139393939393939958e-01 6.684438700252819709e-16 7.222236246582417826e-17 2.263244174211939699e-16
8.178787878787879828e-01 5.168182537910410836e-16 6.560467758371345529e-17 1.948502194651271226e-16
1.221818181818181914e+00 3.942298733721595599e-16 5.942445315469189775e-17 1.667718769729176098e-16
1.625757575757575957e+00 2.975341716281188930e-16 5.368458647580289022e-17 1.419846099365442753e-16
2.029696969696969777e+00 2.223914040974689165e-16 4.837981069853657827e-17 1.202934650061943040e-16
2.433636363636363598e+00 1.647258096187388964e-16 4.349851695138760176e-17 1.015311126439279601e-16
2.837575757575757862e+00 1.209946929831988630e-16 3.902403318665074771e-17 8.537264963077714003e-17
3.241515151515151683e+00 8.817180955256600088e-17 3.494027112881091161e-17 7.151824143511456612e-17
3.645454545454545503e+00 6.376137003779879984e-17 3.123946330919612607e-17 5.970334501928293129e-17
4.049393939393939768e+00 4.575823040934623583e-17 2.788068396537369164e-17 4.967515039759844277e-17
4.453333333333334032e+00 3.258360445062637751e-17 2.484028695274812583e-17 4.119995032511443364e-17
4.857272727272727408e+00 2.301393560935215222e-17 2.209515040554407514e-17 3.406629422907589323e-17
5.261212121212121673e+00 1.611457980938029747e-17 1.962259616586473327e-17 2.808350542411313983e-17
5.665151515151515937e+00 1.117854272070429732e-17 1.740007777599360781e-17 2.308333870517211647e-17
6.069090909090909314e+00 7.676284631204940805e-18 1.540675669698422949e-17 1.891785061073543473e-17
6.473030303030303578e+00 5.214528110877129340e-18 1.362210436827902690e-17 1.545845536654943371e-17
6.876969696969697843e+00 3.503575858872478749e-18 1.202743914452324121e-17 1.259402680686128183e-17
7.280909090909091219e+00 2.331020977864527094e-18 1.060482056081522621e-17 1.022898781756181759e-17
7.684848484848485484e+00 1.542346024265080788e-18 9.337827589743168690e-18 8.281851424660549915e-18
8.088787878787879748e+00 1.025655111445603773e-18 8.211304341255083064e-18 6.683414673332550275e-18
8.492727272727274013e+00 7.003180014591242164e-19 7.211015289509507045e-18 5.374928815524460826e-18
8.896666666666668277e+00 5.085217204517690029e-19 6.324163074227692946e-18 4.307063967797779407e-18
9.300606060606060765e+00 4.063948926036494605e-19 5.539085919711236166e-18 3.438230764090014053e-18
9.704545454545455030e+00 1.465769427835821461e-19 4.844891217959675124e-18 2.733777633475697585e-18
1.010848484848484929e+01 0.000000000000000000e+00 4.231980854418526722e-18 2.164650862235068092e-18
1.051242424242424356e+01 0.000000000000000000e+00 3.691549177831799830e-18 1.706748495004557913e-18
1.091636363636363782e+01 0.000000000000000000e+00 3.215561092624904207e-18 1.340057822694283835e-18
1.132030303030303209e+01 0.000000000000000000e+00 2.796914907594198004e-18 1.047979512943249672e-18
1.172424242424242458e+01 0.000000000000000000e+00 2.429225453169191874e-18 8.168430042060776551e-19
1.212818181818181884e+01 0.000000000000000000e+00 2.106638650036383079e-18 6.353453893839164101e-19
1.253212121212121311e+01 0.000000000000000000e+00 1.824013789505402549e-18 4.942031329240137622e-19
1.293606060606060737e+01 0.000000000000000000e+00 1.576765907607379722e-18 3.858026084019905350e-19
1.334000000000000163e+01 0.000000000000000000e+00 1.360726770958937673e-18 3.038899035179998531e-19
1.374393939393939590e+01 0.000000000000000000e+00 1.172242208719401282e-18 2.433590886739700035e-19
1.414787878787879016e+01 0.000000000000000000e+00 1.008051695108049252e-18 2.000275851298102862e-19
1.455181818181818265e+01 0.000000000000000000e+00 8.652675455552356653e-19 1.705321492408968540e-19
1.495575757575757692e+01 0.000000000000000000e+00 7.412821616784785766e-19 1.515079786833671004e-19
1.535969696969697118e+01 0.000000000000000000e+00 6.338348333874317976e-19 9.905562003230205480e-20
1.576363636363636545e+01 0.000000000000000000e+00 5.409123800181374596e-19 2.914580618516695783e-20
1.616757575757576149e+01 0.000000000000000000e+00 4.607276311304833399e-19 0.000000000000000000e+00
1.657151515151515397e+01 0.000000000000000000e+00 3.916950566836837263e-19 0.000000000000000000e+00
1.697545454545455001e+01 0.000000000000000000e+00 3.324350811023741613e-19 0.000000000000000000e+00
1.737939393939394250e+01 0.000000000000000000e+00 2.817257520298725829e-19 0.000000000000000000e+00
1.778333333333333854e+01 0.000000000000000000e+00 2.384862871124251877e-19 0.000000000000000000e+00
1.818727272727273103e+01 0.000000000000000000e+00 2.017633758074442750e-19 0.000000000000000000e+00
1.859121212121212352e+01 0.000000000000000000e+00 1.707308203209693467e-19 0.000000000000000000e+00
1.899515151515151956e+01 0.000000000000000000e+00 1.446570472440110558e-19 0.000000000000000000e+00
1.939909090909091205e+01 0.000000000000000000e+00 1.229001751488784659e-19 0.000000000000000000e+00
1.980303030303030809e+01 0.000000000000000000e+00 1.048956819757027779e-19 0.000000000000000000e+00
2.020696969696970058e+01 0.000000000000000000e+00 9.015073369588555060e-20 0.000000000000000000e+00
2.061090909090909662e+01 0.000000000000000000e+00 7.824233864204025169e-20 0.000000000000000000e+00
2.101484848484848911e+01 0.000000000000000000e+00 6.878660510041442350e-20 0.000000000000000000e+00
2.141878787878788160e+01 0.000000000000000000e+00 6.140551724237025179e-20 0.000000000000000000e+00
2.182272727272727764e+01 0.000000000000000000e+00 5.619574535728735346e-20 0.000000000000000000e+00
2.222666666666667012e+01 0.000000000000000000e+00 5.103261252123987984e-20 0.000000000000000000e+00
2.263060606060606617e+01 0.000000000000000000e+00 5.308130692715089832e-20 0.000000000000000000e+00
2.303454545454545865e+01 0.000000000000000000e+00 3.481248112280711556e-20 0.000000000000000000e+00
2.343848484848485114e+01 0.000000000000000000e+00 0.000000000000000000e+00 0.000000000000000000e+00
2.384242424242424718e+01 0.000000000000000000e+00 0.000000000000000000e+00 0.000000000000000000e+00
2.424636363636363967e+01 0.000000000000000000e+00 0.000000000000000000e+00 0.000000000000000000e+00
2.465030303030303571e+01 0.000000000000000000e+00 0.000000000000000000e+00 0.000000000000000000e+00
2.505424242424242820e+01 0.000000000000000000e+00 0.000000000000000000e+00 0.000000000000000000e+00
2.545818181818182424e+01 0.000000000000000000e+00 0.000000000000000000e+00 0.000000000000000000e+00
2.586212121212121673e+01 0.000000000000000000e+00 0.000000000000000000e+00 0.000000000000000000e+00
2.626606060606060922e+01 0.000000000000000000e+00 0.000000000000000000e+00 0.000000000000000000e+00
2.667000000000000526e+01 0.000000000000000000e+00 0.000000000000000000e+00 0.000000000000000000e+00
2.707393939393939775e+01 0.000000000000000000e+00 0.000000000000000000e+00 0.000000000000000000e+00
2.747787878787879379e+01 0.000000000000000000e+00 0.000000000000000000e+00 0.000000000000000000e+00
2.788181818181818628e+01 0.000000000000000000e+00 0.000000000000000000e+00 0.000000000000000000e+00
2.828575757575758232e+01 0.000000000000000000e+00 0.000000000000000000e+00 0.000000000000000000e+00
2.868969696969697480e+01 0.000000000000000000e+00 0.000000000000000000e+00 0.000000000000000000e+00
2.909363636363636729e+01 0.000000000000000000e+00 0.000000000000000000e+00 0.000000000000000000e+00
2.949757575757576333e+01 0.000000000000000000e+00 0.000000000000000000e+00 0.000000000000000000e+00
2.990151515151515582e+01 0.000000000000000000e+00 0.000000000000000000e+00 0.000000000000000000e+00
3.030545454545455186e+01 0.000000000000000000e+00 0.000000000000000000e+00 0.000000000000000000e+00
3.070939393939394435e+01 0.000000000000000000e+00 0.000000000000000000e+00 0.000000000000000000e+00
3.111333333333333684e+01 0.000000000000000000e+00 0.000000000000000000e+00 0.000000000000000000e+00
3.151727272727273288e+01 0.000000000000000000e+00 0.000000000000000000e+00 0.000000000000000000e+00
3.192121212121212537e+01 0.000000000000000000e+00 0.000000000000000000e+00 0.000000000000000000e+00
3.232515151515151786e+01 0.000000000000000000e+00 0.000000000000000000e+00 0.000000000000000000e+00
3.272909090909091390e+01 0.000000000000000000e+00 0.000000000000000000e+00 0.000000000000000000e+00
3.313303030303030283e+01 0.000000000000000000e+00 0.000000000000000000e+00 0.000000000000000000e+00
3.353696969696969887e+01 0.000000000000000000e+00 0.000000000000000000e+00 0.000000000000000000e+00
3.394090909090909491e+01 0.000000000000000000e+00 0.000000000000000000e+00 0.000000000000000000e+00
3.434484848484848385e+01 0.000000000000000000e+00 0.000000000000000000e+00 0.000000000000000000e+00
3.474878787878787989e+01 0.000000000000000000e+00 0.000000000000000000e+00 0.000000000000000000e+00
3.515272727272727593e+01 0.000000000000000000e+00 0.000000000000000000e+00 0.000000000000000000e+00
3.555666666666667197e+01 0.000000000000000000e+00 0.000000000000000000e+00 0.000000000000000000e+00
3.596060606060606091e+01 0.000000000000000000e+00 0.000000000000000000e+00 0.000000000000000000e+00
3.636454545454545695e+01 0.000000000000000000e+00 0.000000000000000000e+00 0.000000000000000000e+00
3.676848484848485299e+01 0.000000000000000000e+00 0.000000000000000000e+00 0.000000000000000000e+00
3.717242424242424192e+01 0.000000000000000000e+00 0.000000000000000000e+00 0.000000000000000000e+00
3.757636363636363797e+01 0.000000000000000000e+00 0.000000000000000000e+00 0.000000000000000000e+00
3.798030303030303401e+01 0.000000000000000000e+00 0.000000000000000000e+00 0.000000000000000000e+00
3.838424242424243005e+01 0.000000000000000000e+00 0.000000000000000000e+00 0.000000000000000000e+00
3.878818181818181898e+01 0.000000000000000000e+00 0.000000000000000000e+00 0.000000000000000000e+00
3.919212121212121502e+01 0.000000000000000000e+00 0.000000000000000000e+00 0.000000000000000000e+00
3.959606060606061106e+01 0.000000000000000000e+00 0.000000000000000000e+00 0.000000000000000000e+00
4.000000000000000000e+01 0.000000000000000000e+00 0.000000000000000000e+00 0.000000000000000000e+00