#Segue_1  Log10(Jfactor)=19.120   sigmaJ=0.535 
#[0]emin(MeV) [1]emax(MeV) [2]eflux(MeV/cm^2/s) [3]deltaLogLike 
500.0000       669.7766       0.0000e+00       0.0000 
500.0000       669.7766       5.7777e-13       -0.0000 
500.0000       669.7766       3.5222e-09       -0.0984 
500.0000       669.7766       7.0439e-09       -0.2035 
500.0000       669.7766       1.0566e-08       -0.3152 
500.0000       669.7766       1.4087e-08       -0.4333 
500.0000       669.7766       1.7609e-08       -0.5578 
500.0000       669.7766       2.1130e-08       -0.6885 
500.0000       669.7766       2.4652e-08       -0.8253 
500.0000       669.7766       2.8174e-08       -0.9681 
500.0000       669.7766       3.1695e-08       -1.1167 
500.0000       669.7766       3.5217e-08       -1.2712 
500.0000       669.7766       3.8739e-08       -1.4314 
500.0000       669.7766       4.2260e-08       -1.5971 
500.0000       669.7766       4.5782e-08       -1.7684 
500.0000       669.7766       4.9304e-08       -1.9452 
500.0000       669.7766       5.2825e-08       -2.1272 
500.0000       669.7766       5.6347e-08       -2.3146 
500.0000       669.7766       5.9869e-08       -2.5071 
500.0000       669.7766       6.3390e-08       -2.7048 
669.7766       897.2222       0.0000e+00       0.0000 
669.7766       897.2222       3.4929e-11       -0.0002 
669.7766       897.2222       4.7086e-09       -0.0403 
669.7766       897.2222       9.3823e-09       -0.0953 
669.7766       897.2222       1.4056e-08       -0.1648 
669.7766       897.2222       1.8730e-08       -0.2483 
669.7766       897.2222       2.3403e-08       -0.3455 
669.7766       897.2222       2.8077e-08       -0.4560 
669.7766       897.2222       3.2751e-08       -0.5794 
669.7766       897.2222       3.7424e-08       -0.7154 
669.7766       897.2222       4.2098e-08       -0.8636 
669.7766       897.2222       4.6772e-08       -1.0238 
669.7766       897.2222       5.1446e-08       -1.1957 
669.7766       897.2222       5.6119e-08       -1.3789 
669.7766       897.2222       6.0793e-08       -1.5733 
669.7766       897.2222       6.5467e-08       -1.7786 
669.7766       897.2222       7.0140e-08       -1.9945 
669.7766       897.2222       7.4814e-08       -2.2208 
669.7766       897.2222       7.9488e-08       -2.4573 
669.7766       897.2222       8.4161e-08       -2.7038 
897.2222       1201.8769       0.0000e+00       -0.9922 
897.2222       1201.8769       4.7483e-09       -0.7684 
897.2222       1201.8769       9.4965e-09       -0.5772 
897.2222       1201.8769       1.4245e-08       -0.4164 
897.2222       1201.8769       1.8993e-08       -0.2843 
897.2222       1201.8769       2.3741e-08       -0.1790 
897.2222       1201.8769       2.8490e-08       -0.0992 
897.2222       1201.8769       3.3238e-08       -0.0435 
897.2222       1201.8769       3.7986e-08       -0.0108 
897.2222       1201.8769       4.2734e-08       0.0000 
897.2222       1201.8769       5.1242e-08       -0.0325 
897.2222       1201.8769       5.9749e-08       -0.1273 
897.2222       1201.8769       6.8257e-08       -0.2802 
897.2222       1201.8769       7.6764e-08       -0.4876 
897.2222       1201.8769       8.5272e-08       -0.7461 
897.2222       1201.8769       9.3779e-08       -1.0527 
897.2222       1201.8769       1.0229e-07       -1.4050 
897.2222       1201.8769       1.1079e-07       -1.8005 
897.2222       1201.8769       1.1930e-07       -2.2372 
897.2222       1201.8769       1.2781e-07       -2.7130 
1201.8769       1609.9782       0.0000e+00       -0.0097 
1201.8769       1609.9782       2.1083e-11       -0.0096 
1201.8769       1609.9782       3.9205e-09       0.0000 
1201.8769       1609.9782       7.8199e-09       -0.0185 
1201.8769       1609.9782       1.1719e-08       -0.0620 
1201.8769       1609.9782       1.5619e-08       -0.1281 
1201.8769       1609.9782       1.9518e-08       -0.2149 
1201.8769       1609.9782       2.3417e-08       -0.3208 
1201.8769       1609.9782       2.7317e-08       -0.4444 
1201.8769       1609.9782       3.1216e-08       -0.5844 
1201.8769       1609.9782       3.5116e-08       -0.7399 
1201.8769       1609.9782       3.9015e-08       -0.9099 
1201.8769       1609.9782       4.2914e-08       -1.0937 
1201.8769       1609.9782       4.6814e-08       -1.2905 
1201.8769       1609.9782       5.0713e-08       -1.4997 
1201.8769       1609.9782       5.4613e-08       -1.7207 
1201.8769       1609.9782       5.8512e-08       -1.9530 
1201.8769       1609.9782       6.2411e-08       -2.1961 
1201.8769       1609.9782       6.6311e-08       -2.4496 
1201.8769       1609.9782       7.0210e-08       -2.7131 
1609.9782       2156.6516       0.0000e+00       0.0000 
1609.9782       2156.6516       1.1904e-11       -0.0001 
1609.9782       2156.6516       3.1861e-09       -0.0287 
1609.9782       2156.6516       6.3603e-09       -0.0793 
1609.9782       2156.6516       9.5345e-09       -0.1494 
1609.9782       2156.6516       1.2709e-08       -0.2370 
1609.9782       2156.6516       1.5883e-08       -0.3406 
1609.9782       2156.6516       1.9057e-08       -0.4588 
1609.9782       2156.6516       2.2231e-08       -0.5903 
1609.9782       2156.6516       2.5405e-08       -0.7342 
1609.9782       2156.6516       2.8580e-08       -0.8895 
1609.9782       2156.6516       3.1754e-08       -1.0556 
1609.9782       2156.6516       3.4928e-08       -1.2318 
1609.9782       2156.6516       3.8102e-08       -1.4173 
1609.9782       2156.6516       4.1276e-08       -1.6118 
1609.9782       2156.6516       4.4451e-08       -1.8148 
1609.9782       2156.6516       4.7625e-08       -2.0257 
1609.9782       2156.6516       5.0799e-08       -2.2442 
1609.9782       2156.6516       5.3973e-08       -2.4699 
1609.9782       2156.6516       5.7147e-08       -2.7026 
2156.6516       2889.0164       0.0000e+00       0.0000 
2156.6516       2889.0164       5.7762e-12       -0.0002 
2156.6516       2889.0164       2.5046e-09       -0.0844 
2156.6516       2889.0164       5.0034e-09       -0.1799 
2156.6516       2889.0164       7.5023e-09       -0.2855 
2156.6516       2889.0164       1.0001e-08       -0.4005 
2156.6516       2889.0164       1.2500e-08       -0.5241 
2156.6516       2889.0164       1.4999e-08       -0.6558 
2156.6516       2889.0164       1.7498e-08       -0.7948 
2156.6516       2889.0164       1.9996e-08       -0.9408 
2156.6516       2889.0164       2.2495e-08       -1.0933 
2156.6516       2889.0164       2.4994e-08       -1.2520 
2156.6516       2889.0164       2.7493e-08       -1.4164 
2156.6516       2889.0164       2.9992e-08       -1.5862 
2156.6516       2889.0164       3.2491e-08       -1.7613 
2156.6516       2889.0164       3.4989e-08       -1.9412 
2156.6516       2889.0164       3.7488e-08       -2.1258 
2156.6516       2889.0164       3.9987e-08       -2.3149 
2156.6516       2889.0164       4.2486e-08       -2.5082 
2156.6516       2889.0164       4.4985e-08       -2.7056 
2889.0164       3869.9914       0.0000e+00       0.0000 
2889.0164       3869.9914       3.4719e-12       -0.0003 
2889.0164       3869.9914       1.5929e-09       -0.1385 
2889.0164       3869.9914       3.1823e-09       -0.2786 
2889.0164       3869.9914       4.7718e-09       -0.4205 
2889.0164       3869.9914       6.3612e-09       -0.5640 
2889.0164       3869.9914       7.9506e-09       -0.7091 
2889.0164       3869.9914       9.5401e-09       -0.8557 
2889.0164       3869.9914       1.1129e-08       -1.0037 
2889.0164       3869.9914       1.2719e-08       -1.1530 
2889.0164       3869.9914       1.4308e-08       -1.3035 
2889.0164       3869.9914       1.5898e-08       -1.4552 
2889.0164       3869.9914       1.7487e-08       -1.6081 
2889.0164       3869.9914       1.9077e-08       -1.7620 
2889.0164       3869.9914       2.0666e-08       -1.9169 
2889.0164       3869.9914       2.2256e-08       -2.0729 
2889.0164       3869.9914       2.3845e-08       -2.2297 
2889.0164       3869.9914       2.5434e-08       -2.3875 
2889.0164       3869.9914       2.7024e-08       -2.5461 
2889.0164       3869.9914       2.8613e-08       -2.7055 
3869.9914       5184.0598       0.0000e+00       0.0000 
3869.9914       5184.0598       3.0514e-12       -0.0002 
3869.9914       5184.0598       2.3767e-09       -0.1216 
3869.9914       5184.0598       4.7503e-09       -0.2480 
3869.9914       5184.0598       7.1240e-09       -0.3790 
3869.9914       5184.0598       9.4976e-09       -0.5142 
3869.9914       5184.0598       1.1871e-08       -0.6532 
3869.9914       5184.0598       1.4245e-08       -0.7956 
3869.9914       5184.0598       1.6619e-08       -0.9413 
3869.9914       5184.0598       1.8992e-08       -1.0900 
3869.9914       5184.0598       2.1366e-08       -1.2415 
3869.9914       5184.0598       2.3739e-08       -1.3956 
3869.9914       5184.0598       2.6113e-08       -1.5521 
3869.9914       5184.0598       2.8487e-08       -1.7109 
3869.9914       5184.0598       3.0860e-08       -1.8719 
3869.9914       5184.0598       3.3234e-08       -2.0349 
3869.9914       5184.0598       3.5608e-08       -2.1998 
3869.9914       5184.0598       3.7981e-08       -2.3666 
3869.9914       5184.0598       4.0355e-08       -2.5351 
3869.9914       5184.0598       4.2728e-08       -2.7053 
5184.0598       6944.3244       0.0000e+00       -0.2446 
5184.0598       6944.3244       2.4709e-12       -0.2445 
5184.0598       6944.3244       6.3735e-09       -0.0899 
5184.0598       6944.3244       1.2745e-08       -0.0157 
5184.0598       6944.3244       1.9116e-08       0.0000 
5184.0598       6944.3244       2.5487e-08       -0.0296 
5184.0598       6944.3244       3.1858e-08       -0.0957 
5184.0598       6944.3244       3.8229e-08       -0.1920 
5184.0598       6944.3244       4.4600e-08       -0.3140 
5184.0598       6944.3244       5.0971e-08       -0.4583 
5184.0598       6944.3244       5.7342e-08       -0.6220 
5184.0598       6944.3244       6.3713e-08       -0.8030 
5184.0598       6944.3244       7.0084e-08       -0.9995 
5184.0598       6944.3244       7.6455e-08       -1.2099 
5184.0598       6944.3244       8.2826e-08       -1.4330 
5184.0598       6944.3244       8.9197e-08       -1.6677 
5184.0598       6944.3244       9.5568e-08       -1.9132 
5184.0598       6944.3244       1.0194e-07       -2.1685 
5184.0598       6944.3244       1.0831e-07       -2.4329 
5184.0598       6944.3244       1.1468e-07       -2.7059 
6944.3244       9302.5069       0.0000e+00       0.0000 
6944.3244       9302.5069       1.4268e-12       -0.0001 
6944.3244       9302.5069       2.4897e-09       -0.1485 
6944.3244       9302.5069       4.9779e-09       -0.2972 
6944.3244       9302.5069       7.4662e-09       -0.4461 
6944.3244       9302.5069       9.9544e-09       -0.5953 
6944.3244       9302.5069       1.2443e-08       -0.7447 
6944.3244       9302.5069       1.4931e-08       -0.8943 
6944.3244       9302.5069       1.7419e-08       -1.0442 
6944.3244       9302.5069       1.9907e-08       -1.1943 
6944.3244       9302.5069       2.2396e-08       -1.3446 
6944.3244       9302.5069       2.4884e-08       -1.4951 
6944.3244       9302.5069       2.7372e-08       -1.6457 
6944.3244       9302.5069       2.9860e-08       -1.7966 
6944.3244       9302.5069       3.2349e-08       -1.9477 
6944.3244       9302.5069       3.4837e-08       -2.0990 
6944.3244       9302.5069       3.7325e-08       -2.2505 
6944.3244       9302.5069       3.9813e-08       -2.4021 
6944.3244       9302.5069       4.2302e-08       -2.5539 
6944.3244       9302.5069       4.4790e-08       -2.7059 
9302.5069       12461.2038       0.0000e+00       0.0000 
9302.5069       12461.2038       9.8386e-13       -0.0000 
9302.5069       12461.2038       4.4462e-09       -0.1312 
9302.5069       12461.2038       8.8913e-09       -0.2658 
9302.5069       12461.2038       1.3337e-08       -0.4034 
9302.5069       12461.2038       1.7782e-08       -0.5438 
9302.5069       12461.2038       2.2227e-08       -0.6867 
9302.5069       12461.2038       2.6672e-08       -0.8319 
9302.5069       12461.2038       3.1117e-08       -0.9792 
9302.5069       12461.2038       3.5562e-08       -1.1285 
9302.5069       12461.2038       4.0008e-08       -1.2797 
9302.5069       12461.2038       4.4453e-08       -1.4326 
9302.5069       12461.2038       4.8898e-08       -1.5870 
9302.5069       12461.2038       5.3343e-08       -1.7430 
9302.5069       12461.2038       5.7788e-08       -1.9004 
9302.5069       12461.2038       6.2233e-08       -2.0591 
9302.5069       12461.2038       6.6679e-08       -2.2190 
9302.5069       12461.2038       7.1124e-08       -2.3802 
9302.5069       12461.2038       7.5569e-08       -2.5424 
9302.5069       12461.2038       8.0014e-08       -2.7058 
12461.2038       16692.4468       0.0000e+00       0.0000 
12461.2038       16692.4468       6.4693e-13       -0.0000 
12461.2038       16692.4468       5.1011e-09       -0.1410 
12461.2038       16692.4468       1.0202e-08       -0.2833 
12461.2038       16692.4468       1.5302e-08       -0.4270 
12461.2038       16692.4468       2.0402e-08       -0.5719 
12461.2038       16692.4468       2.5503e-08       -0.7180 
12461.2038       16692.4468       3.0603e-08       -0.8653 
12461.2038       16692.4468       3.5704e-08       -1.0136 
12461.2038       16692.4468       4.0804e-08       -1.1630 
12461.2038       16692.4468       4.5905e-08       -1.3134 
12461.2038       16692.4468       5.1005e-08       -1.4647 
12461.2038       16692.4468       5.6106e-08       -1.6170 
12461.2038       16692.4468       6.1206e-08       -1.7701 
12461.2038       16692.4468       6.6307e-08       -1.9241 
12461.2038       16692.4468       7.1407e-08       -2.0789 
12461.2038       16692.4468       7.6507e-08       -2.2345 
12461.2038       16692.4468       8.1608e-08       -2.3909 
12461.2038       16692.4468       8.6708e-08       -2.5480 
12461.2038       16692.4468       9.1809e-08       -2.7057 
16692.4468       22360.9371       0.0000e+00       0.0000 
16692.4468       22360.9371       4.2992e-13       -0.0000 
16692.4468       22360.9371       5.4044e-09       -0.1500 
16692.4468       22360.9371       1.0808e-08       -0.3000 
16692.4468       22360.9371       1.6212e-08       -0.4500 
16692.4468       22360.9371       2.1616e-08       -0.6001 
16692.4468       22360.9371       2.7020e-08       -0.7503 
16692.4468       22360.9371       3.2424e-08       -0.9004 
16692.4468       22360.9371       3.7828e-08       -1.0507 
16692.4468       22360.9371       4.3232e-08       -1.2009 
16692.4468       22360.9371       4.8636e-08       -1.3513 
16692.4468       22360.9371       5.4040e-08       -1.5016 
16692.4468       22360.9371       5.9444e-08       -1.6520 
16692.4468       22360.9371       6.4848e-08       -1.8024 
16692.4468       22360.9371       7.0252e-08       -1.9529 
16692.4468       22360.9371       7.5656e-08       -2.1034 
16692.4468       22360.9371       8.1060e-08       -2.2540 
16692.4468       22360.9371       8.6464e-08       -2.4046 
16692.4468       22360.9371       9.1868e-08       -2.5552 
16692.4468       22360.9371       9.7272e-08       -2.7059 
22360.9371       29953.6672       0.0000e+00       0.0000 
22360.9371       29953.6672       2.8301e-13       -0.0000 
22360.9371       29953.6672       7.4827e-09       -0.1478 
22360.9371       29953.6672       1.4965e-08       -0.2959 
22360.9371       29953.6672       2.2447e-08       -0.4444 
22360.9371       29953.6672       2.9930e-08       -0.5932 
22360.9371       29953.6672       3.7412e-08       -0.7424 
22360.9371       29953.6672       4.4895e-08       -0.8918 
22360.9371       29953.6672       5.2377e-08       -1.0415 
22360.9371       29953.6672       5.9859e-08       -1.1916 
22360.9371       29953.6672       6.7342e-08       -1.3419 
22360.9371       29953.6672       7.4824e-08       -1.4925 
22360.9371       29953.6672       8.2307e-08       -1.6433 
22360.9371       29953.6672       8.9789e-08       -1.7944 
22360.9371       29953.6672       9.7271e-08       -1.9457 
22360.9371       29953.6672       1.0475e-07       -2.0973 
22360.9371       29953.6672       1.1224e-07       -2.2491 
22360.9371       29953.6672       1.1972e-07       -2.4012 
22360.9371       29953.6672       1.2720e-07       -2.5534 
22360.9371       29953.6672       1.3468e-07       -2.7059 
29953.6672       40124.5339       0.0000e+00       0.0000 
29953.6672       40124.5339       1.8656e-13       -0.0000 
29953.6672       40124.5339       1.0394e-08       -0.1463 
29953.6672       40124.5339       2.0788e-08       -0.2931 
29953.6672       40124.5339       3.1182e-08       -0.4406 
29953.6672       40124.5339       4.1577e-08       -0.5885 
29953.6672       40124.5339       5.1971e-08       -0.7370 
29953.6672       40124.5339       6.2365e-08       -0.8860 
29953.6672       40124.5339       7.2759e-08       -1.0354 
29953.6672       40124.5339       8.3153e-08       -1.1853 
29953.6672       40124.5339       9.3547e-08       -1.3356 
29953.6672       40124.5339       1.0394e-07       -1.4864 
29953.6672       40124.5339       1.1434e-07       -1.6375 
29953.6672       40124.5339       1.2473e-07       -1.7890 
29953.6672       40124.5339       1.3512e-07       -1.9410 
29953.6672       40124.5339       1.4552e-07       -2.0932 
29953.6672       40124.5339       1.5591e-07       -2.2459 
29953.6672       40124.5339       1.6631e-07       -2.3988 
29953.6672       40124.5339       1.7670e-07       -2.5522 
29953.6672       40124.5339       1.8709e-07       -2.7058 
40124.5339       53748.9519       0.0000e+00       0.0000 
40124.5339       53748.9519       1.2253e-13       -0.0000 
40124.5339       53748.9519       1.1617e-08       -0.1503 
40124.5339       53748.9519       2.3234e-08       -0.3007 
40124.5339       53748.9519       3.4851e-08       -0.4510 
40124.5339       53748.9519       4.6468e-08       -0.6013 
40124.5339       53748.9519       5.8085e-08       -0.7516 
40124.5339       53748.9519       6.9702e-08       -0.9020 
40124.5339       53748.9519       8.1319e-08       -1.0523 
40124.5339       53748.9519       9.2936e-08       -1.2026 
40124.5339       53748.9519       1.0455e-07       -1.3529 
40124.5339       53748.9519       1.1617e-07       -1.5033 
40124.5339       53748.9519       1.2779e-07       -1.6536 
40124.5339       53748.9519       1.3940e-07       -1.8039 
40124.5339       53748.9519       1.5102e-07       -1.9543 
40124.5339       53748.9519       1.6264e-07       -2.1046 
40124.5339       53748.9519       1.7426e-07       -2.2549 
40124.5339       53748.9519       1.8587e-07       -2.4052 
40124.5339       53748.9519       1.9749e-07       -2.5556 
40124.5339       53748.9519       2.0911e-07       -2.7059 
53748.9519       72001.2440       0.0000e+00       0.0000 
53748.9519       72001.2440       8.0495e-14       -0.0000 
53748.9519       72001.2440       1.6013e-08       -0.1502 
53748.9519       72001.2440       3.2026e-08       -0.3004 
53748.9519       72001.2440       4.8038e-08       -0.4506 
53748.9519       72001.2440       6.4051e-08       -0.6008 
53748.9519       72001.2440       8.0064e-08       -0.7511 
53748.9519       72001.2440       9.6076e-08       -0.9013 
53748.9519       72001.2440       1.1209e-07       -1.0516 
53748.9519       72001.2440       1.2810e-07       -1.2019 
53748.9519       72001.2440       1.4411e-07       -1.3522 
53748.9519       72001.2440       1.6013e-07       -1.5026 
53748.9519       72001.2440       1.7614e-07       -1.6529 
53748.9519       72001.2440       1.9215e-07       -1.8033 
53748.9519       72001.2440       2.0817e-07       -1.9537 
53748.9519       72001.2440       2.2418e-07       -2.1041 
53748.9519       72001.2440       2.4019e-07       -2.2545 
53748.9519       72001.2440       2.5620e-07       -2.4050 
53748.9519       72001.2440       2.7222e-07       -2.5554 
53748.9519       72001.2440       2.8823e-07       -2.7059 
72001.2440       96449.5043       0.0000e+00       0.0000 
72001.2440       96449.5043       5.2851e-14       -0.0000 
72001.2440       96449.5043       2.0968e-08       -0.1503 
72001.2440       96449.5043       4.1935e-08       -0.3007 
72001.2440       96449.5043       6.2903e-08       -0.4510 
72001.2440       96449.5043       8.3871e-08       -0.6013 
72001.2440       96449.5043       1.0484e-07       -0.7516 
72001.2440       96449.5043       1.2581e-07       -0.9020 
72001.2440       96449.5043       1.4677e-07       -1.0523 
72001.2440       96449.5043       1.6774e-07       -1.2026 
72001.2440       96449.5043       1.8871e-07       -1.3529 
72001.2440       96449.5043       2.0968e-07       -1.5033 
72001.2440       96449.5043       2.3064e-07       -1.6536 
72001.2440       96449.5043       2.5161e-07       -1.8039 
72001.2440       96449.5043       2.7258e-07       -1.9543 
72001.2440       96449.5043       2.9355e-07       -2.1046 
72001.2440       96449.5043       3.1451e-07       -2.2549 
72001.2440       96449.5043       3.3548e-07       -2.4052 
72001.2440       96449.5043       3.5645e-07       -2.5556 
72001.2440       96449.5043       3.7742e-07       -2.7059 
96449.5043       129199.2522       0.0000e+00       -0.0000 
96449.5043       129199.2522       3.4698e-14       0.0000 
96449.5043       129199.2522       2.8254e-08       -0.1503 
96449.5043       129199.2522       5.6508e-08       -0.3007 
96449.5043       129199.2522       8.4762e-08       -0.4510 
96449.5043       129199.2522       1.1302e-07       -0.6013 
96449.5043       129199.2522       1.4127e-07       -0.7516 
96449.5043       129199.2522       1.6952e-07       -0.9020 
96449.5043       129199.2522       1.9778e-07       -1.0523 
96449.5043       129199.2522       2.2603e-07       -1.2026 
96449.5043       129199.2522       2.5429e-07       -1.3529 
96449.5043       129199.2522       2.8254e-07       -1.5033 
96449.5043       129199.2522       3.1079e-07       -1.6536 
96449.5043       129199.2522       3.3905e-07       -1.8039 
96449.5043       129199.2522       3.6730e-07       -1.9543 
96449.5043       129199.2522       3.9555e-07       -2.1046 
96449.5043       129199.2522       4.2381e-07       -2.2549 
96449.5043       129199.2522       4.5206e-07       -2.4052 
96449.5043       129199.2522       4.8032e-07       -2.5556 
96449.5043       129199.2522       5.0857e-07       -2.7059 
129199.2522       173069.2852       0.0000e+00       -0.0000 
129199.2522       173069.2852       2.2779e-14       0.0000 
129199.2522       173069.2852       4.2844e-08       -0.1471 
129199.2522       173069.2852       8.5688e-08       -0.2946 
129199.2522       173069.2852       1.2853e-07       -0.4426 
129199.2522       173069.2852       1.7137e-07       -0.5910 
129199.2522       173069.2852       2.1422e-07       -0.7399 
129199.2522       173069.2852       2.5706e-07       -0.8891 
129199.2522       173069.2852       2.9991e-07       -1.0387 
129199.2522       173069.2852       3.4275e-07       -1.1887 
129199.2522       173069.2852       3.8559e-07       -1.3390 
129199.2522       173069.2852       4.2844e-07       -1.4896 
129199.2522       173069.2852       4.7128e-07       -1.6406 
129199.2522       173069.2852       5.1412e-07       -1.7919 
129199.2522       173069.2852       5.5697e-07       -1.9435 
129199.2522       173069.2852       5.9981e-07       -2.0955 
129199.2522       173069.2852       6.4266e-07       -2.2476 
129199.2522       173069.2852       6.8550e-07       -2.4001 
129199.2522       173069.2852       7.2834e-07       -2.5529 
129199.2522       173069.2852       7.7119e-07       -2.7059 
173069.2852       231840.8711       0.0000e+00       -0.0000 
173069.2852       231840.8711       1.4954e-14       0.0000 
173069.2852       231840.8711       5.1312e-08       -0.1503 
173069.2852       231840.8711       1.0262e-07       -0.3007 
173069.2852       231840.8711       1.5394e-07       -0.4510 
173069.2852       231840.8711       2.0525e-07       -0.6013 
173069.2852       231840.8711       2.5656e-07       -0.7516 
173069.2852       231840.8711       3.0787e-07       -0.9020 
173069.2852       231840.8711       3.5918e-07       -1.0523 
173069.2852       231840.8711       4.1050e-07       -1.2026 
173069.2852       231840.8711       4.6181e-07       -1.3529 
173069.2852       231840.8711       5.1312e-07       -1.5033 
173069.2852       231840.8711       5.6443e-07       -1.6536 
173069.2852       231840.8711       6.1574e-07       -1.8039 
173069.2852       231840.8711       6.6706e-07       -1.9543 
173069.2852       231840.8711       7.1837e-07       -2.1046 
173069.2852       231840.8711       7.6968e-07       -2.2549 
173069.2852       231840.8711       8.2099e-07       -2.4052 
173069.2852       231840.8711       8.7231e-07       -2.5556 
173069.2852       231840.8711       9.2362e-07       -2.7059 
231840.8711       310563.2050       0.0000e+00       -0.0000 
231840.8711       310563.2050       9.8155e-15       0.0000 
231840.8711       310563.2050       6.8878e-08       -0.1503 
231840.8711       310563.2050       1.3776e-07       -0.3007 
231840.8711       310563.2050       2.0663e-07       -0.4510 
231840.8711       310563.2050       2.7551e-07       -0.6013 
231840.8711       310563.2050       3.4439e-07       -0.7516 
231840.8711       310563.2050       4.1327e-07       -0.9020 
231840.8711       310563.2050       4.8215e-07       -1.0523 
231840.8711       310563.2050       5.5102e-07       -1.2026 
231840.8711       310563.2050       6.1990e-07       -1.3529 
231840.8711       310563.2050       6.8878e-07       -1.5033 
231840.8711       310563.2050       7.5766e-07       -1.6536 
231840.8711       310563.2050       8.2654e-07       -1.8039 
231840.8711       310563.2050       8.9541e-07       -1.9543 
231840.8711       310563.2050       9.6429e-07       -2.1046 
231840.8711       310563.2050       1.0332e-06       -2.2549 
231840.8711       310563.2050       1.1020e-06       -2.4052 
231840.8711       310563.2050       1.1709e-06       -2.5556 
231840.8711       310563.2050       1.2398e-06       -2.7059 
310563.2050       416015.9675       0.0000e+00       -0.0000 
310563.2050       416015.9675       6.4431e-15       0.0000 
310563.2050       416015.9675       9.3040e-08       -0.1503 
310563.2050       416015.9675       1.8608e-07       -0.3007 
310563.2050       416015.9675       2.7912e-07       -0.4510 
310563.2050       416015.9675       3.7216e-07       -0.6013 
310563.2050       416015.9675       4.6520e-07       -0.7516 
310563.2050       416015.9675       5.5824e-07       -0.9020 
310563.2050       416015.9675       6.5128e-07       -1.0523 
310563.2050       416015.9675       7.4432e-07       -1.2026 
310563.2050       416015.9675       8.3736e-07       -1.3529 
310563.2050       416015.9675       9.3040e-07       -1.5033 
310563.2050       416015.9675       1.0234e-06       -1.6536 
310563.2050       416015.9675       1.1165e-06       -1.8039 
310563.2050       416015.9675       1.2095e-06       -1.9543 
310563.2050       416015.9675       1.3026e-06       -2.1046 
310563.2050       416015.9675       1.3956e-06       -2.2549 
310563.2050       416015.9675       1.4886e-06       -2.4052 
310563.2050       416015.9675       1.5817e-06       -2.5556 
310563.2050       416015.9675       1.6747e-06       -2.7059 
416015.9675       557275.5639       0.0000e+00       -0.0000 
416015.9675       557275.5639       4.2294e-15       0.0000 
416015.9675       557275.5639       1.2676e-07       -0.1503 
416015.9675       557275.5639       2.5352e-07       -0.3007 
416015.9675       557275.5639       3.8028e-07       -0.4510 
416015.9675       557275.5639       5.0705e-07       -0.6013 
416015.9675       557275.5639       6.3381e-07       -0.7516 
416015.9675       557275.5639       7.6057e-07       -0.9020 
416015.9675       557275.5639       8.8733e-07       -1.0523 
416015.9675       557275.5639       1.0141e-06       -1.2026 
416015.9675       557275.5639       1.1409e-06       -1.3529 
416015.9675       557275.5639       1.2676e-06       -1.5033 
416015.9675       557275.5639       1.3944e-06       -1.6536 
416015.9675       557275.5639       1.5211e-06       -1.8039 
416015.9675       557275.5639       1.6479e-06       -1.9543 
416015.9675       557275.5639       1.7747e-06       -2.1046 
416015.9675       557275.5639       1.9014e-06       -2.2549 
416015.9675       557275.5639       2.0282e-06       -2.4052 
416015.9675       557275.5639       2.1549e-06       -2.5556 
416015.9675       557275.5639       2.2817e-06       -2.7059 
557275.5639       746517.5120       0.0000e+00       -0.0000 
557275.5639       746517.5120       2.7765e-15       0.0000 
557275.5639       746517.5120       1.7442e-07       -0.1503 
557275.5639       746517.5120       3.4883e-07       -0.3007 
557275.5639       746517.5120       5.2325e-07       -0.4510 
557275.5639       746517.5120       6.9766e-07       -0.6013 
557275.5639       746517.5120       8.7208e-07       -0.7516 
557275.5639       746517.5120       1.0465e-06       -0.9020 
557275.5639       746517.5120       1.2209e-06       -1.0523 
557275.5639       746517.5120       1.3953e-06       -1.2026 
557275.5639       746517.5120       1.5697e-06       -1.3529 
557275.5639       746517.5120       1.7442e-06       -1.5033 
557275.5639       746517.5120       1.9186e-06       -1.6536 
557275.5639       746517.5120       2.0930e-06       -1.8039 
557275.5639       746517.5120       2.2674e-06       -1.9543 
557275.5639       746517.5120       2.4418e-06       -2.1046 
557275.5639       746517.5120       2.6162e-06       -2.2549 
557275.5639       746517.5120       2.7907e-06       -2.4052 
557275.5639       746517.5120       2.9651e-06       -2.5556 
557275.5639       746517.5120       3.1395e-06       -2.7059 
746517.5120       1000000.0000       0.0000e+00       -0.0000 
746517.5120       1000000.0000       1.8224e-15       0.0000 
746517.5120       1000000.0000       2.5170e-07       -0.1503 
746517.5120       1000000.0000       5.0339e-07       -0.3007 
746517.5120       1000000.0000       7.5509e-07       -0.4510 
746517.5120       1000000.0000       1.0068e-06       -0.6013 
746517.5120       1000000.0000       1.2585e-06       -0.7516 
746517.5120       1000000.0000       1.5102e-06       -0.9020 
746517.5120       1000000.0000       1.7619e-06       -1.0523 
746517.5120       1000000.0000       2.0136e-06       -1.2026 
746517.5120       1000000.0000       2.2653e-06       -1.3530 
746517.5120       1000000.0000       2.5170e-06       -1.5033 
746517.5120       1000000.0000       2.7687e-06       -1.6536 
746517.5120       1000000.0000       3.0204e-06       -1.8039 
746517.5120       1000000.0000       3.2721e-06       -1.9543 
746517.5120       1000000.0000       3.5238e-06       -2.1046 
746517.5120       1000000.0000       3.7755e-06       -2.2549 
746517.5120       1000000.0000       4.0272e-06       -2.4052 
746517.5120       1000000.0000       4.2789e-06       -2.5556 
746517.5120       1000000.0000       4.5306e-06       -2.7059 
