#Segue_2  Log10(Jfactor)=19.010   sigmaJ=0.600 
#[0]emin(MeV) [1]emax(MeV) [2]eflux(MeV/cm^2/s) [3]deltaLogLike 
500.0000       669.7766       0.0000e+00       0.0000 
500.0000       669.7766       1.5271e-11       -0.0002 
500.0000       669.7766       5.4414e-09       -0.0820 
500.0000       669.7766       1.0867e-08       -0.1726 
500.0000       669.7766       1.6294e-08       -0.2717 
500.0000       669.7766       2.1720e-08       -0.3793 
500.0000       669.7766       2.7146e-08       -0.4952 
500.0000       669.7766       3.2572e-08       -0.6192 
500.0000       669.7766       3.7998e-08       -0.7514 
500.0000       669.7766       4.3424e-08       -0.8914 
500.0000       669.7766       4.8850e-08       -1.0393 
500.0000       669.7766       5.4276e-08       -1.1949 
500.0000       669.7766       5.9703e-08       -1.3581 
500.0000       669.7766       6.5129e-08       -1.5287 
500.0000       669.7766       7.0555e-08       -1.7068 
500.0000       669.7766       7.5981e-08       -1.8920 
500.0000       669.7766       8.1407e-08       -2.0845 
500.0000       669.7766       8.6833e-08       -2.2841 
500.0000       669.7766       9.2259e-08       -2.4906 
500.0000       669.7766       9.7685e-08       -2.7040 
669.7766       897.2222       0.0000e+00       0.0000 
669.7766       897.2222       1.5588e-11       -0.0002 
669.7766       897.2222       4.4861e-09       -0.0758 
669.7766       897.2222       8.9566e-09       -0.1613 
669.7766       897.2222       1.3427e-08       -0.2565 
669.7766       897.2222       1.7898e-08       -0.3610 
669.7766       897.2222       2.2368e-08       -0.4747 
669.7766       897.2222       2.6839e-08       -0.5975 
669.7766       897.2222       3.1309e-08       -0.7290 
669.7766       897.2222       3.5780e-08       -0.8690 
669.7766       897.2222       4.0250e-08       -1.0175 
669.7766       897.2222       4.4721e-08       -1.1742 
669.7766       897.2222       4.9191e-08       -1.3389 
669.7766       897.2222       5.3662e-08       -1.5115 
669.7766       897.2222       5.8132e-08       -1.6918 
669.7766       897.2222       6.2603e-08       -1.8797 
669.7766       897.2222       6.7073e-08       -2.0751 
669.7766       897.2222       7.1544e-08       -2.2777 
669.7766       897.2222       7.6014e-08       -2.4875 
669.7766       897.2222       8.0485e-08       -2.7043 
897.2222       1201.8769       0.0000e+00       0.0000 
897.2222       1201.8769       6.7865e-12       -0.0002 
897.2222       1201.8769       3.0523e-09       -0.1151 
897.2222       1201.8769       6.0978e-09       -0.2346 
897.2222       1201.8769       9.1433e-09       -0.3587 
897.2222       1201.8769       1.2189e-08       -0.4873 
897.2222       1201.8769       1.5234e-08       -0.6202 
897.2222       1201.8769       1.8280e-08       -0.7573 
897.2222       1201.8769       2.1325e-08       -0.8986 
897.2222       1201.8769       2.4371e-08       -1.0440 
897.2222       1201.8769       2.7416e-08       -1.1934 
897.2222       1201.8769       3.0462e-08       -1.3467 
897.2222       1201.8769       3.3507e-08       -1.5039 
897.2222       1201.8769       3.6553e-08       -1.6648 
897.2222       1201.8769       3.9598e-08       -1.8294 
897.2222       1201.8769       4.2644e-08       -1.9976 
897.2222       1201.8769       4.5689e-08       -2.1694 
897.2222       1201.8769       4.8735e-08       -2.3447 
897.2222       1201.8769       5.1780e-08       -2.5235 
897.2222       1201.8769       5.4826e-08       -2.7056 
1201.8769       1609.9782       0.0000e+00       0.0000 
1201.8769       1609.9782       2.7114e-11       -0.0001 
1201.8769       1609.9782       4.0088e-09       -0.0254 
1201.8769       1609.9782       7.9906e-09       -0.0703 
1201.8769       1609.9782       1.1972e-08       -0.1334 
1201.8769       1609.9782       1.5954e-08       -0.2136 
1201.8769       1609.9782       1.9936e-08       -0.3098 
1201.8769       1609.9782       2.3917e-08       -0.4212 
1201.8769       1609.9782       2.7899e-08       -0.5469 
1201.8769       1609.9782       3.1881e-08       -0.6862 
1201.8769       1609.9782       3.5863e-08       -0.8384 
1201.8769       1609.9782       3.9844e-08       -1.0030 
1201.8769       1609.9782       4.3826e-08       -1.1793 
1201.8769       1609.9782       4.7808e-08       -1.3669 
1201.8769       1609.9782       5.1790e-08       -1.5653 
1201.8769       1609.9782       5.5771e-08       -1.7741 
1201.8769       1609.9782       5.9753e-08       -1.9929 
1201.8769       1609.9782       6.3735e-08       -2.2212 
1201.8769       1609.9782       6.7716e-08       -2.4589 
1201.8769       1609.9782       7.1698e-08       -2.7054 
1609.9782       2156.6516       0.0000e+00       -0.0001 
1609.9782       2156.6516       3.9568e-11       0.0000 
1609.9782       2156.6516       4.3399e-09       -0.0047 
1609.9782       2156.6516       8.6402e-09       -0.0336 
1609.9782       2156.6516       1.2941e-08       -0.0846 
1609.9782       2156.6516       1.7241e-08       -0.1561 
1609.9782       2156.6516       2.1541e-08       -0.2464 
1609.9782       2156.6516       2.5841e-08       -0.3544 
1609.9782       2156.6516       3.0142e-08       -0.4789 
1609.9782       2156.6516       3.4442e-08       -0.6188 
1609.9782       2156.6516       3.8742e-08       -0.7732 
1609.9782       2156.6516       4.3043e-08       -0.9414 
1609.9782       2156.6516       4.7343e-08       -1.1226 
1609.9782       2156.6516       5.1643e-08       -1.3160 
1609.9782       2156.6516       5.5944e-08       -1.5212 
1609.9782       2156.6516       6.0244e-08       -1.7376 
1609.9782       2156.6516       6.4544e-08       -1.9646 
1609.9782       2156.6516       6.8845e-08       -2.2018 
1609.9782       2156.6516       7.3145e-08       -2.4488 
1609.9782       2156.6516       7.7445e-08       -2.7051 
2156.6516       2889.0164       0.0000e+00       -0.5969 
2156.6516       2889.0164       2.8714e-09       -0.4554 
2156.6516       2889.0164       5.7429e-09       -0.3374 
2156.6516       2889.0164       8.6143e-09       -0.2403 
2156.6516       2889.0164       1.1486e-08       -0.1621 
2156.6516       2889.0164       1.4357e-08       -0.1009 
2156.6516       2889.0164       1.7229e-08       -0.0553 
2156.6516       2889.0164       2.0100e-08       -0.0240 
2156.6516       2889.0164       2.2971e-08       -0.0059 
2156.6516       2889.0164       2.5843e-08       0.0000 
2156.6516       2889.0164       3.3678e-08       -0.0396 
2156.6516       2889.0164       4.1512e-08       -0.1504 
2156.6516       2889.0164       4.9347e-08       -0.3220 
2156.6516       2889.0164       5.7182e-08       -0.5463 
2156.6516       2889.0164       6.5016e-08       -0.8172 
2156.6516       2889.0164       7.2851e-08       -1.1294 
2156.6516       2889.0164       8.0686e-08       -1.4788 
2156.6516       2889.0164       8.8520e-08       -1.8619 
2156.6516       2889.0164       9.6355e-08       -2.2757 
2156.6516       2889.0164       1.0419e-07       -2.7178 
2889.0164       3869.9914       0.0000e+00       0.0000 
2889.0164       3869.9914       9.5204e-12       -0.0002 
2889.0164       3869.9914       3.8422e-09       -0.0981 
2889.0164       3869.9914       7.6749e-09       -0.2040 
2889.0164       3869.9914       1.1508e-08       -0.3173 
2889.0164       3869.9914       1.5340e-08       -0.4376 
2889.0164       3869.9914       1.9173e-08       -0.5646 
2889.0164       3869.9914       2.3006e-08       -0.6980 
2889.0164       3869.9914       2.6838e-08       -0.8374 
2889.0164       3869.9914       3.0671e-08       -0.9826 
2889.0164       3869.9914       3.4504e-08       -1.1333 
2889.0164       3869.9914       3.8336e-08       -1.2893 
2889.0164       3869.9914       4.2169e-08       -1.4504 
2889.0164       3869.9914       4.6002e-08       -1.6163 
2889.0164       3869.9914       4.9834e-08       -1.7870 
2889.0164       3869.9914       5.3667e-08       -1.9622 
2889.0164       3869.9914       5.7500e-08       -2.1418 
2889.0164       3869.9914       6.1332e-08       -2.3255 
2889.0164       3869.9914       6.5165e-08       -2.5134 
2889.0164       3869.9914       6.8998e-08       -2.7052 
3869.9914       5184.0598       0.0000e+00       0.0000 
3869.9914       5184.0598       2.1585e-12       -0.0001 
3869.9914       5184.0598       3.1142e-09       -0.1171 
3869.9914       5184.0598       6.2263e-09       -0.2394 
3869.9914       5184.0598       9.3384e-09       -0.3665 
3869.9914       5184.0598       1.2450e-08       -0.4982 
3869.9914       5184.0598       1.5563e-08       -0.6341 
3869.9914       5184.0598       1.8675e-08       -0.7742 
3869.9914       5184.0598       2.1787e-08       -0.9180 
3869.9914       5184.0598       2.4899e-08       -1.0655 
3869.9914       5184.0598       2.8011e-08       -1.2164 
3869.9914       5184.0598       3.1123e-08       -1.3706 
3869.9914       5184.0598       3.4235e-08       -1.5279 
3869.9914       5184.0598       3.7347e-08       -1.6882 
3869.9914       5184.0598       4.0459e-08       -1.8514 
3869.9914       5184.0598       4.3571e-08       -2.0172 
3869.9914       5184.0598       4.6683e-08       -2.1856 
3869.9914       5184.0598       4.9796e-08       -2.3566 
3869.9914       5184.0598       5.2908e-08       -2.5299 
3869.9914       5184.0598       5.6020e-08       -2.7056 
5184.0598       6944.3244       0.0000e+00       -0.4056 
5184.0598       6944.3244       1.6788e-08       0.0000 
5184.0598       6944.3244       2.1684e-08       -0.0194 
5184.0598       6944.3244       2.6580e-08       -0.0704 
5184.0598       6944.3244       3.1475e-08       -0.1462 
5184.0598       6944.3244       3.6371e-08       -0.2424 
5184.0598       6944.3244       4.1266e-08       -0.3556 
5184.0598       6944.3244       4.6162e-08       -0.4834 
5184.0598       6944.3244       5.1057e-08       -0.6238 
5184.0598       6944.3244       5.5953e-08       -0.7754 
5184.0598       6944.3244       6.0849e-08       -0.9369 
5184.0598       6944.3244       6.5744e-08       -1.1074 
5184.0598       6944.3244       7.0640e-08       -1.2858 
5184.0598       6944.3244       7.5535e-08       -1.4717 
5184.0598       6944.3244       8.0431e-08       -1.6643 
5184.0598       6944.3244       8.5327e-08       -1.8631 
5184.0598       6944.3244       9.0222e-08       -2.0676 
5184.0598       6944.3244       9.5118e-08       -2.2775 
5184.0598       6944.3244       1.0001e-07       -2.4925 
5184.0598       6944.3244       1.0491e-07       -2.7120 
6944.3244       9302.5069       0.0000e+00       0.0000 
6944.3244       9302.5069       1.8484e-11       -0.0002 
6944.3244       9302.5069       5.2165e-09       -0.0755 
6944.3244       9302.5069       1.0414e-08       -0.1663 
6944.3244       9302.5069       1.5612e-08       -0.2704 
6944.3244       9302.5069       2.0810e-08       -0.3859 
6944.3244       9302.5069       2.6008e-08       -0.5114 
6944.3244       9302.5069       3.1206e-08       -0.6457 
6944.3244       9302.5069       3.6404e-08       -0.7878 
6944.3244       9302.5069       4.1602e-08       -0.9370 
6944.3244       9302.5069       4.6800e-08       -1.0926 
6944.3244       9302.5069       5.1998e-08       -1.2539 
6944.3244       9302.5069       5.7196e-08       -1.4206 
6944.3244       9302.5069       6.2394e-08       -1.5920 
6944.3244       9302.5069       6.7592e-08       -1.7680 
6944.3244       9302.5069       7.2790e-08       -1.9481 
6944.3244       9302.5069       7.7988e-08       -2.1321 
6944.3244       9302.5069       8.3186e-08       -2.3196 
6944.3244       9302.5069       8.8384e-08       -2.5106 
6944.3244       9302.5069       9.3582e-08       -2.7046 
9302.5069       12461.2038       0.0000e+00       0.0000 
9302.5069       12461.2038       2.1187e-12       -0.0001 
9302.5069       12461.2038       4.3105e-09       -0.1437 
9302.5069       12461.2038       8.6188e-09       -0.2882 
9302.5069       12461.2038       1.2927e-08       -0.4336 
9302.5069       12461.2038       1.7236e-08       -0.5799 
9302.5069       12461.2038       2.1544e-08       -0.7270 
9302.5069       12461.2038       2.5852e-08       -0.8749 
9302.5069       12461.2038       3.0161e-08       -1.0236 
9302.5069       12461.2038       3.4469e-08       -1.1730 
9302.5069       12461.2038       3.8777e-08       -1.3232 
9302.5069       12461.2038       4.3086e-08       -1.4742 
9302.5069       12461.2038       4.7394e-08       -1.6258 
9302.5069       12461.2038       5.1703e-08       -1.7781 
9302.5069       12461.2038       5.6011e-08       -1.9311 
9302.5069       12461.2038       6.0319e-08       -2.0848 
9302.5069       12461.2038       6.4628e-08       -2.2391 
9302.5069       12461.2038       6.8936e-08       -2.3940 
9302.5069       12461.2038       7.3244e-08       -2.5496 
9302.5069       12461.2038       7.7553e-08       -2.7057 
12461.2038       16692.4468       0.0000e+00       -0.0000 
12461.2038       16692.4468       7.4710e-14       0.0000 
12461.2038       16692.4468       4.1023e-09       -0.1501 
12461.2038       16692.4468       8.2045e-09       -0.3002 
12461.2038       16692.4468       1.2307e-08       -0.4504 
12461.2038       16692.4468       1.6409e-08       -0.6006 
12461.2038       16692.4468       2.0511e-08       -0.7508 
12461.2038       16692.4468       2.4613e-08       -0.9010 
12461.2038       16692.4468       2.8716e-08       -1.0513 
12461.2038       16692.4468       3.2818e-08       -1.2016 
12461.2038       16692.4468       3.6920e-08       -1.3519 
12461.2038       16692.4468       4.1022e-08       -1.5023 
12461.2038       16692.4468       4.5125e-08       -1.6526 
12461.2038       16692.4468       4.9227e-08       -1.8030 
12461.2038       16692.4468       5.3329e-08       -1.9534 
12461.2038       16692.4468       5.7431e-08       -2.1039 
12461.2038       16692.4468       6.1534e-08       -2.2543 
12461.2038       16692.4468       6.5636e-08       -2.4048 
12461.2038       16692.4468       6.9738e-08       -2.5554 
12461.2038       16692.4468       7.3840e-08       -2.7059 
16692.4468       22360.9371       0.0000e+00       -0.0001 
16692.4468       22360.9371       7.9468e-11       0.0000 
16692.4468       22360.9371       9.6509e-09       -0.0196 
16692.4468       22360.9371       1.9222e-08       -0.0794 
16692.4468       22360.9371       2.8794e-08       -0.1672 
16692.4468       22360.9371       3.8365e-08       -0.2758 
16692.4468       22360.9371       4.7937e-08       -0.4005 
16692.4468       22360.9371       5.7508e-08       -0.5381 
16692.4468       22360.9371       6.7079e-08       -0.6861 
16692.4468       22360.9371       7.6651e-08       -0.8429 
16692.4468       22360.9371       8.6222e-08       -1.0071 
16692.4468       22360.9371       9.5794e-08       -1.1778 
16692.4468       22360.9371       1.0536e-07       -1.3541 
16692.4468       22360.9371       1.1494e-07       -1.5352 
16692.4468       22360.9371       1.2451e-07       -1.7208 
16692.4468       22360.9371       1.3408e-07       -1.9103 
16692.4468       22360.9371       1.4365e-07       -2.1033 
16692.4468       22360.9371       1.5322e-07       -2.2995 
16692.4468       22360.9371       1.6279e-07       -2.4987 
16692.4468       22360.9371       1.7236e-07       -2.7005 
22360.9371       29953.6672       0.0000e+00       0.0000 
22360.9371       29953.6672       4.8170e-11       -0.0002 
22360.9371       29953.6672       1.2661e-08       -0.0567 
22360.9371       29953.6672       2.5273e-08       -0.1371 
22360.9371       29953.6672       3.7886e-08       -0.2360 
22360.9371       29953.6672       5.0498e-08       -0.3497 
22360.9371       29953.6672       6.3111e-08       -0.4756 
22360.9371       29953.6672       7.5723e-08       -0.6117 
22360.9371       29953.6672       8.8336e-08       -0.7566 
22360.9371       29953.6672       1.0095e-07       -0.9090 
22360.9371       29953.6672       1.1356e-07       -1.0680 
22360.9371       29953.6672       1.2617e-07       -1.2328 
22360.9371       29953.6672       1.3879e-07       -1.4028 
22360.9371       29953.6672       1.5140e-07       -1.5775 
22360.9371       29953.6672       1.6401e-07       -1.7564 
22360.9371       29953.6672       1.7662e-07       -1.9390 
22360.9371       29953.6672       1.8924e-07       -2.1252 
22360.9371       29953.6672       2.0185e-07       -2.3145 
22360.9371       29953.6672       2.1446e-07       -2.5068 
22360.9371       29953.6672       2.2707e-07       -2.7018 
29953.6672       40124.5339       0.0000e+00       0.0000 
29953.6672       40124.5339       2.2986e-11       -0.0002 
29953.6672       40124.5339       1.2325e-08       -0.1317 
29953.6672       40124.5339       2.4627e-08       -0.2666 
29953.6672       40124.5339       3.6930e-08       -0.4045 
29953.6672       40124.5339       4.9232e-08       -0.5451 
29953.6672       40124.5339       6.1534e-08       -0.6883 
29953.6672       40124.5339       7.3836e-08       -0.8337 
29953.6672       40124.5339       8.6138e-08       -0.9812 
29953.6672       40124.5339       9.8440e-08       -1.1306 
29953.6672       40124.5339       1.1074e-07       -1.2818 
29953.6672       40124.5339       1.2304e-07       -1.4347 
29953.6672       40124.5339       1.3535e-07       -1.5891 
29953.6672       40124.5339       1.4765e-07       -1.7449 
29953.6672       40124.5339       1.5995e-07       -1.9021 
29953.6672       40124.5339       1.7225e-07       -2.0605 
29953.6672       40124.5339       1.8456e-07       -2.2201 
29953.6672       40124.5339       1.9686e-07       -2.3809 
29953.6672       40124.5339       2.0916e-07       -2.5427 
29953.6672       40124.5339       2.2146e-07       -2.7055 
40124.5339       53748.9519       0.0000e+00       0.0000 
40124.5339       53748.9519       1.3268e-11       -0.0002 
40124.5339       53748.9519       1.2120e-08       -0.1504 
40124.5339       53748.9519       2.4227e-08       -0.3006 
40124.5339       53748.9519       3.6334e-08       -0.4509 
40124.5339       53748.9519       4.8440e-08       -0.6012 
40124.5339       53748.9519       6.0547e-08       -0.7515 
40124.5339       53748.9519       7.2654e-08       -0.9017 
40124.5339       53748.9519       8.4761e-08       -1.0520 
40124.5339       53748.9519       9.6868e-08       -1.2023 
40124.5339       53748.9519       1.0897e-07       -1.3527 
40124.5339       53748.9519       1.2108e-07       -1.5030 
40124.5339       53748.9519       1.3319e-07       -1.6533 
40124.5339       53748.9519       1.4529e-07       -1.8037 
40124.5339       53748.9519       1.5740e-07       -1.9540 
40124.5339       53748.9519       1.6951e-07       -2.1044 
40124.5339       53748.9519       1.8162e-07       -2.2547 
40124.5339       53748.9519       1.9372e-07       -2.4051 
40124.5339       53748.9519       2.0583e-07       -2.5555 
40124.5339       53748.9519       2.1794e-07       -2.7059 
53748.9519       72001.2440       0.0000e+00       0.0000 
53748.9519       72001.2440       1.4293e-11       -0.0001 
53748.9519       72001.2440       1.5848e-08       -0.1505 
53748.9519       72001.2440       3.1682e-08       -0.3008 
53748.9519       72001.2440       4.7516e-08       -0.4511 
53748.9519       72001.2440       6.3350e-08       -0.6014 
53748.9519       72001.2440       7.9183e-08       -0.7517 
53748.9519       72001.2440       9.5017e-08       -0.9021 
53748.9519       72001.2440       1.1085e-07       -1.0524 
53748.9519       72001.2440       1.2668e-07       -1.2027 
53748.9519       72001.2440       1.4252e-07       -1.3530 
53748.9519       72001.2440       1.5835e-07       -1.5033 
53748.9519       72001.2440       1.7419e-07       -1.6537 
53748.9519       72001.2440       1.9002e-07       -1.8040 
53748.9519       72001.2440       2.0585e-07       -1.9543 
53748.9519       72001.2440       2.2169e-07       -2.1046 
53748.9519       72001.2440       2.3752e-07       -2.2549 
53748.9519       72001.2440       2.5336e-07       -2.4053 
53748.9519       72001.2440       2.6919e-07       -2.5556 
53748.9519       72001.2440       2.8502e-07       -2.7059 
72001.2440       96449.5043       0.0000e+00       0.0000 
72001.2440       96449.5043       4.6688e-11       -0.0003 
72001.2440       96449.5043       2.2119e-08       -0.1504 
72001.2440       96449.5043       4.4190e-08       -0.3005 
72001.2440       96449.5043       6.6262e-08       -0.4507 
72001.2440       96449.5043       8.8334e-08       -0.6008 
72001.2440       96449.5043       1.1041e-07       -0.7510 
72001.2440       96449.5043       1.3248e-07       -0.9013 
72001.2440       96449.5043       1.5455e-07       -1.0515 
72001.2440       96449.5043       1.7662e-07       -1.2018 
72001.2440       96449.5043       1.9869e-07       -1.3521 
72001.2440       96449.5043       2.2077e-07       -1.5024 
72001.2440       96449.5043       2.4284e-07       -1.6528 
72001.2440       96449.5043       2.6491e-07       -1.8031 
72001.2440       96449.5043       2.8698e-07       -1.9535 
72001.2440       96449.5043       3.0905e-07       -2.1040 
72001.2440       96449.5043       3.3112e-07       -2.2544 
72001.2440       96449.5043       3.5320e-07       -2.4049 
72001.2440       96449.5043       3.7527e-07       -2.5554 
72001.2440       96449.5043       3.9734e-07       -2.7059 
96449.5043       129199.2522       0.0000e+00       0.0000 
96449.5043       129199.2522       5.9954e-11       -0.0003 
96449.5043       129199.2522       2.8833e-08       -0.1506 
96449.5043       129199.2522       5.7606e-08       -0.3009 
96449.5043       129199.2522       8.6379e-08       -0.4512 
96449.5043       129199.2522       1.1515e-07       -0.6015 
96449.5043       129199.2522       1.4392e-07       -0.7519 
96449.5043       129199.2522       1.7270e-07       -0.9022 
96449.5043       129199.2522       2.0147e-07       -1.0525 
96449.5043       129199.2522       2.3024e-07       -1.2028 
96449.5043       129199.2522       2.5902e-07       -1.3531 
96449.5043       129199.2522       2.8779e-07       -1.5034 
96449.5043       129199.2522       3.1656e-07       -1.6537 
96449.5043       129199.2522       3.4534e-07       -1.8040 
96449.5043       129199.2522       3.7411e-07       -1.9543 
96449.5043       129199.2522       4.0288e-07       -2.1047 
96449.5043       129199.2522       4.3165e-07       -2.2550 
96449.5043       129199.2522       4.6043e-07       -2.4053 
96449.5043       129199.2522       4.8920e-07       -2.5556 
96449.5043       129199.2522       5.1797e-07       -2.7059 
129199.2522       173069.2852       0.0000e+00       0.0000 
129199.2522       173069.2852       7.5200e-11       -0.0003 
129199.2522       173069.2852       3.8733e-08       -0.1506 
129199.2522       173069.2852       7.7390e-08       -0.3009 
129199.2522       173069.2852       1.1605e-07       -0.4512 
129199.2522       173069.2852       1.5471e-07       -0.6015 
129199.2522       173069.2852       1.9336e-07       -0.7518 
129199.2522       173069.2852       2.3202e-07       -0.9022 
129199.2522       173069.2852       2.7068e-07       -1.0525 
129199.2522       173069.2852       3.0934e-07       -1.2028 
129199.2522       173069.2852       3.4799e-07       -1.3531 
129199.2522       173069.2852       3.8665e-07       -1.5034 
129199.2522       173069.2852       4.2531e-07       -1.6537 
129199.2522       173069.2852       4.6397e-07       -1.8040 
129199.2522       173069.2852       5.0262e-07       -1.9543 
129199.2522       173069.2852       5.4128e-07       -2.1046 
129199.2522       173069.2852       5.7994e-07       -2.2550 
129199.2522       173069.2852       6.1860e-07       -2.4053 
129199.2522       173069.2852       6.5725e-07       -2.5556 
129199.2522       173069.2852       6.9591e-07       -2.7059 
173069.2852       231840.8711       0.0000e+00       0.0000 
173069.2852       231840.8711       1.0457e-10       -0.0003 
173069.2852       231840.8711       5.2050e-08       -0.1506 
173069.2852       231840.8711       1.0399e-07       -0.3009 
173069.2852       231840.8711       1.5594e-07       -0.4512 
173069.2852       231840.8711       2.0788e-07       -0.6015 
173069.2852       231840.8711       2.5983e-07       -0.7519 
173069.2852       231840.8711       3.1177e-07       -0.9022 
173069.2852       231840.8711       3.6372e-07       -1.0525 
173069.2852       231840.8711       4.1566e-07       -1.2028 
173069.2852       231840.8711       4.6761e-07       -1.3531 
173069.2852       231840.8711       5.1955e-07       -1.5034 
173069.2852       231840.8711       5.7150e-07       -1.6537 
173069.2852       231840.8711       6.2344e-07       -1.8040 
173069.2852       231840.8711       6.7539e-07       -1.9543 
173069.2852       231840.8711       7.2733e-07       -2.1047 
173069.2852       231840.8711       7.7928e-07       -2.2550 
173069.2852       231840.8711       8.3122e-07       -2.4053 
173069.2852       231840.8711       8.8317e-07       -2.5556 
173069.2852       231840.8711       9.3511e-07       -2.7059 
231840.8711       310563.2050       0.0000e+00       0.0000 
231840.8711       310563.2050       1.1320e-10       -0.0002 
231840.8711       310563.2050       6.9859e-08       -0.1506 
231840.8711       310563.2050       1.3961e-07       -0.3009 
231840.8711       310563.2050       2.0935e-07       -0.4512 
231840.8711       310563.2050       2.7910e-07       -0.6015 
231840.8711       310563.2050       3.4884e-07       -0.7518 
231840.8711       310563.2050       4.1859e-07       -0.9021 
231840.8711       310563.2050       4.8834e-07       -1.0524 
231840.8711       310563.2050       5.5808e-07       -1.2028 
231840.8711       310563.2050       6.2783e-07       -1.3531 
231840.8711       310563.2050       6.9757e-07       -1.5034 
231840.8711       310563.2050       7.6732e-07       -1.6537 
231840.8711       310563.2050       8.3707e-07       -1.8040 
231840.8711       310563.2050       9.0681e-07       -1.9543 
231840.8711       310563.2050       9.7656e-07       -2.1046 
231840.8711       310563.2050       1.0463e-06       -2.2550 
231840.8711       310563.2050       1.1160e-06       -2.4053 
231840.8711       310563.2050       1.1858e-06       -2.5556 
231840.8711       310563.2050       1.2555e-06       -2.7059 
310563.2050       416015.9675       0.0000e+00       0.0000 
310563.2050       416015.9675       1.4366e-10       -0.0002 
310563.2050       416015.9675       9.4431e-08       -0.1505 
310563.2050       416015.9675       1.8872e-07       -0.3009 
310563.2050       416015.9675       2.8300e-07       -0.4512 
310563.2050       416015.9675       3.7729e-07       -0.6015 
310563.2050       416015.9675       4.7158e-07       -0.7518 
310563.2050       416015.9675       5.6587e-07       -0.9021 
310563.2050       416015.9675       6.6015e-07       -1.0524 
310563.2050       416015.9675       7.5444e-07       -1.2027 
310563.2050       416015.9675       8.4873e-07       -1.3531 
310563.2050       416015.9675       9.4301e-07       -1.5034 
310563.2050       416015.9675       1.0373e-06       -1.6537 
310563.2050       416015.9675       1.1316e-06       -1.8040 
310563.2050       416015.9675       1.2259e-06       -1.9543 
310563.2050       416015.9675       1.3202e-06       -2.1046 
310563.2050       416015.9675       1.4144e-06       -2.2550 
310563.2050       416015.9675       1.5087e-06       -2.4053 
310563.2050       416015.9675       1.6030e-06       -2.5556 
310563.2050       416015.9675       1.6973e-06       -2.7059 
416015.9675       557275.5639       0.0000e+00       0.0000 
416015.9675       557275.5639       1.6389e-10       -0.0002 
416015.9675       557275.5639       1.2864e-07       -0.1505 
416015.9675       557275.5639       2.5712e-07       -0.3008 
416015.9675       557275.5639       3.8559e-07       -0.4511 
416015.9675       557275.5639       5.1407e-07       -0.6015 
416015.9675       557275.5639       6.4254e-07       -0.7518 
416015.9675       557275.5639       7.7102e-07       -0.9021 
416015.9675       557275.5639       8.9950e-07       -1.0524 
416015.9675       557275.5639       1.0280e-06       -1.2027 
416015.9675       557275.5639       1.1564e-06       -1.3530 
416015.9675       557275.5639       1.2849e-06       -1.5034 
416015.9675       557275.5639       1.4134e-06       -1.6537 
416015.9675       557275.5639       1.5419e-06       -1.8040 
416015.9675       557275.5639       1.6704e-06       -1.9543 
416015.9675       557275.5639       1.7988e-06       -2.1046 
416015.9675       557275.5639       1.9273e-06       -2.2549 
416015.9675       557275.5639       2.0558e-06       -2.4053 
416015.9675       557275.5639       2.1843e-06       -2.5556 
416015.9675       557275.5639       2.3127e-06       -2.7059 
557275.5639       746517.5120       0.0000e+00       0.0000 
557275.5639       746517.5120       1.8593e-10       -0.0002 
557275.5639       746517.5120       1.8092e-07       -0.1504 
557275.5639       746517.5120       3.6166e-07       -0.3006 
557275.5639       746517.5120       5.4240e-07       -0.4509 
557275.5639       746517.5120       7.2313e-07       -0.6012 
557275.5639       746517.5120       9.0387e-07       -0.7514 
557275.5639       746517.5120       1.0846e-06       -0.9017 
557275.5639       746517.5120       1.2653e-06       -1.0520 
557275.5639       746517.5120       1.4461e-06       -1.2023 
557275.5639       746517.5120       1.6268e-06       -1.3526 
557275.5639       746517.5120       1.8076e-06       -1.5030 
557275.5639       746517.5120       1.9883e-06       -1.6533 
557275.5639       746517.5120       2.1690e-06       -1.8036 
557275.5639       746517.5120       2.3498e-06       -1.9540 
557275.5639       746517.5120       2.5305e-06       -2.1044 
557275.5639       746517.5120       2.7112e-06       -2.2547 
557275.5639       746517.5120       2.8920e-06       -2.4051 
557275.5639       746517.5120       3.0727e-06       -2.5555 
557275.5639       746517.5120       3.2534e-06       -2.7059 
746517.5120       1000000.0000       0.0000e+00       0.0000 
746517.5120       1000000.0000       2.1031e-10       -0.0001 
746517.5120       1000000.0000       2.5746e-07       -0.1504 
746517.5120       1000000.0000       5.1470e-07       -0.3008 
746517.5120       1000000.0000       7.7194e-07       -0.4511 
746517.5120       1000000.0000       1.0292e-06       -0.6014 
746517.5120       1000000.0000       1.2864e-06       -0.7517 
746517.5120       1000000.0000       1.5437e-06       -0.9020 
746517.5120       1000000.0000       1.8009e-06       -1.0524 
746517.5120       1000000.0000       2.0582e-06       -1.2027 
746517.5120       1000000.0000       2.3154e-06       -1.3530 
746517.5120       1000000.0000       2.5727e-06       -1.5033 
746517.5120       1000000.0000       2.8299e-06       -1.6537 
746517.5120       1000000.0000       3.0871e-06       -1.8040 
746517.5120       1000000.0000       3.3444e-06       -1.9543 
746517.5120       1000000.0000       3.6016e-06       -2.1046 
746517.5120       1000000.0000       3.8589e-06       -2.2549 
746517.5120       1000000.0000       4.1161e-06       -2.4053 
746517.5120       1000000.0000       4.3734e-06       -2.5556 
746517.5120       1000000.0000       4.6306e-06       -2.7059 
