#Carina  Log10(Jfactor)=17.830   sigmaJ=0.095 
#[0]emin(MeV) [1]emax(MeV) [2]eflux(MeV/cm^2/s) [3]deltaLogLike 
500.0000       669.7766       0.0000e+00       -0.0000 
500.0000       669.7766       1.0646e-13       0.0000 
500.0000       669.7766       4.4516e-09       -0.0507 
500.0000       669.7766       8.9031e-09       -0.1146 
500.0000       669.7766       1.3355e-08       -0.1913 
500.0000       669.7766       1.7806e-08       -0.2806 
500.0000       669.7766       2.2258e-08       -0.3821 
500.0000       669.7766       2.6709e-08       -0.4956 
500.0000       669.7766       3.1161e-08       -0.6208 
500.0000       669.7766       3.5612e-08       -0.7574 
500.0000       669.7766       4.0063e-08       -0.9052 
500.0000       669.7766       4.4515e-08       -1.0640 
500.0000       669.7766       4.8966e-08       -1.2335 
500.0000       669.7766       5.3418e-08       -1.4135 
500.0000       669.7766       5.7869e-08       -1.6038 
500.0000       669.7766       6.2321e-08       -1.8042 
500.0000       669.7766       6.6772e-08       -2.0145 
500.0000       669.7766       7.1224e-08       -2.2346 
500.0000       669.7766       7.5675e-08       -2.4643 
500.0000       669.7766       8.0127e-08       -2.7034 
669.7766       897.2222       0.0000e+00       -0.0662 
669.7766       897.2222       1.1246e-08       0.0000 
669.7766       897.2222       1.5781e-08       -0.0091 
669.7766       897.2222       2.0317e-08       -0.0377 
669.7766       897.2222       2.4852e-08       -0.0851 
669.7766       897.2222       2.9387e-08       -0.1506 
669.7766       897.2222       3.3923e-08       -0.2337 
669.7766       897.2222       3.8458e-08       -0.3338 
669.7766       897.2222       4.2993e-08       -0.4505 
669.7766       897.2222       4.7529e-08       -0.5831 
669.7766       897.2222       5.2064e-08       -0.7314 
669.7766       897.2222       5.6599e-08       -0.8948 
669.7766       897.2222       6.1135e-08       -1.0729 
669.7766       897.2222       6.5670e-08       -1.2654 
669.7766       897.2222       7.0205e-08       -1.4718 
669.7766       897.2222       7.4741e-08       -1.6919 
669.7766       897.2222       7.9276e-08       -1.9253 
669.7766       897.2222       8.3811e-08       -2.1718 
669.7766       897.2222       8.8347e-08       -2.4309 
669.7766       897.2222       9.2882e-08       -2.7024 
897.2222       1201.8769       0.0000e+00       -0.0000 
897.2222       1201.8769       9.0624e-14       0.0000 
897.2222       1201.8769       2.4737e-09       -0.1031 
897.2222       1201.8769       4.9474e-09       -0.2127 
897.2222       1201.8769       7.4210e-09       -0.3285 
897.2222       1201.8769       9.8947e-09       -0.4504 
897.2222       1201.8769       1.2368e-08       -0.5781 
897.2222       1201.8769       1.4842e-08       -0.7115 
897.2222       1201.8769       1.7316e-08       -0.8505 
897.2222       1201.8769       1.9789e-08       -0.9948 
897.2222       1201.8769       2.2263e-08       -1.1443 
897.2222       1201.8769       2.4737e-08       -1.2989 
897.2222       1201.8769       2.7210e-08       -1.4585 
897.2222       1201.8769       2.9684e-08       -1.6229 
897.2222       1201.8769       3.2157e-08       -1.7920 
897.2222       1201.8769       3.4631e-08       -1.9658 
897.2222       1201.8769       3.7105e-08       -2.1441 
897.2222       1201.8769       3.9578e-08       -2.3268 
897.2222       1201.8769       4.2052e-08       -2.5139 
897.2222       1201.8769       4.4526e-08       -2.7052 
1201.8769       1609.9782       0.0000e+00       -1.5779 
1201.8769       1609.9782       4.3215e-09       -1.2003 
1201.8769       1609.9782       8.6430e-09       -0.8867 
1201.8769       1609.9782       1.2964e-08       -0.6297 
1201.8769       1609.9782       1.7286e-08       -0.4233 
1201.8769       1609.9782       2.1607e-08       -0.2623 
1201.8769       1609.9782       2.5929e-08       -0.1429 
1201.8769       1609.9782       3.0250e-08       -0.0613 
1201.8769       1609.9782       3.4572e-08       -0.0145 
1201.8769       1609.9782       3.8893e-08       0.0000 
1201.8769       1609.9782       4.5593e-08       -0.0360 
1201.8769       1609.9782       5.2293e-08       -0.1368 
1201.8769       1609.9782       5.8993e-08       -0.2964 
1201.8769       1609.9782       6.5693e-08       -0.5097 
1201.8769       1609.9782       7.2393e-08       -0.7724 
1201.8769       1609.9782       7.9093e-08       -1.0808 
1201.8769       1609.9782       8.5793e-08       -1.4315 
1201.8769       1609.9782       9.2493e-08       -1.8217 
1201.8769       1609.9782       9.9193e-08       -2.2490 
1201.8769       1609.9782       1.0589e-07       -2.7111 
1609.9782       2156.6516       0.0000e+00       -0.3742 
1609.9782       2156.6516       1.6440e-08       0.0000 
1609.9782       2156.6516       1.9676e-08       -0.0117 
1609.9782       2156.6516       2.2912e-08       -0.0460 
1609.9782       2156.6516       2.6148e-08       -0.1011 
1609.9782       2156.6516       2.9384e-08       -0.1755 
1609.9782       2156.6516       3.2620e-08       -0.2679 
1609.9782       2156.6516       3.5856e-08       -0.3772 
1609.9782       2156.6516       3.9092e-08       -0.5022 
1609.9782       2156.6516       4.2328e-08       -0.6421 
1609.9782       2156.6516       4.5564e-08       -0.7961 
1609.9782       2156.6516       4.8800e-08       -0.9633 
1609.9782       2156.6516       5.2036e-08       -1.1431 
1609.9782       2156.6516       5.5273e-08       -1.3348 
1609.9782       2156.6516       5.8509e-08       -1.5378 
1609.9782       2156.6516       6.1745e-08       -1.7517 
1609.9782       2156.6516       6.4981e-08       -1.9760 
1609.9782       2156.6516       6.8217e-08       -2.2101 
1609.9782       2156.6516       7.1453e-08       -2.4537 
1609.9782       2156.6516       7.4689e-08       -2.7064 
2156.6516       2889.0164       0.0000e+00       -0.6420 
2156.6516       2889.0164       2.2845e-09       -0.4897 
2156.6516       2889.0164       4.5690e-09       -0.3628 
2156.6516       2889.0164       6.8535e-09       -0.2583 
2156.6516       2889.0164       9.1380e-09       -0.1741 
2156.6516       2889.0164       1.1422e-08       -0.1083 
2156.6516       2889.0164       1.3707e-08       -0.0592 
2156.6516       2889.0164       1.5991e-08       -0.0256 
2156.6516       2889.0164       1.8276e-08       -0.0062 
2156.6516       2889.0164       2.0560e-08       0.0000 
2156.6516       2889.0164       2.6486e-08       -0.0395 
2156.6516       2889.0164       3.2411e-08       -0.1493 
2156.6516       2889.0164       3.8336e-08       -0.3196 
2156.6516       2889.0164       4.4262e-08       -0.5430 
2156.6516       2889.0164       5.0187e-08       -0.8132 
2156.6516       2889.0164       5.6112e-08       -1.1252 
2156.6516       2889.0164       6.2038e-08       -1.4749 
2156.6516       2889.0164       6.7963e-08       -1.8587 
2156.6516       2889.0164       7.3888e-08       -2.2738 
2156.6516       2889.0164       7.9813e-08       -2.7175 
2889.0164       3869.9914       0.0000e+00       0.0000 
2889.0164       3869.9914       4.5883e-12       -0.0000 
2889.0164       3869.9914       2.2704e-09       -0.0357 
2889.0164       3869.9914       4.5362e-09       -0.0971 
2889.0164       3869.9914       6.8021e-09       -0.1797 
2889.0164       3869.9914       9.0679e-09       -0.2800 
2889.0164       3869.9914       1.1334e-08       -0.3955 
2889.0164       3869.9914       1.3600e-08       -0.5242 
2889.0164       3869.9914       1.5865e-08       -0.6644 
2889.0164       3869.9914       1.8131e-08       -0.8148 
2889.0164       3869.9914       2.0397e-08       -0.9743 
2889.0164       3869.9914       2.2663e-08       -1.1420 
2889.0164       3869.9914       2.4929e-08       -1.3172 
2889.0164       3869.9914       2.7194e-08       -1.4992 
2889.0164       3869.9914       2.9460e-08       -1.6874 
2889.0164       3869.9914       3.1726e-08       -1.8813 
2889.0164       3869.9914       3.3992e-08       -2.0804 
2889.0164       3869.9914       3.6258e-08       -2.2845 
2889.0164       3869.9914       3.8524e-08       -2.4932 
2889.0164       3869.9914       4.0789e-08       -2.7061 
3869.9914       5184.0598       0.0000e+00       -0.0000 
3869.9914       5184.0598       4.0494e-15       0.0000 
3869.9914       5184.0598       1.9653e-09       -0.1229 
3869.9914       5184.0598       3.9306e-09       -0.2505 
3869.9914       5184.0598       5.8959e-09       -0.3824 
3869.9914       5184.0598       7.8612e-09       -0.5182 
3869.9914       5184.0598       9.8265e-09       -0.6577 
3869.9914       5184.0598       1.1792e-08       -0.8005 
3869.9914       5184.0598       1.3757e-08       -0.9463 
3869.9914       5184.0598       1.5722e-08       -1.0950 
3869.9914       5184.0598       1.7688e-08       -1.2464 
3869.9914       5184.0598       1.9653e-08       -1.4003 
3869.9914       5184.0598       2.1618e-08       -1.5565 
3869.9914       5184.0598       2.3584e-08       -1.7149 
3869.9914       5184.0598       2.5549e-08       -1.8754 
3869.9914       5184.0598       2.7514e-08       -2.0378 
3869.9914       5184.0598       2.9479e-08       -2.2021 
3869.9914       5184.0598       3.1445e-08       -2.3682 
3869.9914       5184.0598       3.3410e-08       -2.5360 
3869.9914       5184.0598       3.5375e-08       -2.7054 
5184.0598       6944.3244       0.0000e+00       0.0000 
5184.0598       6944.3244       8.2948e-10       -0.0021 
5184.0598       6944.3244       4.2613e-09       -0.0348 
5184.0598       6944.3244       7.6930e-09       -0.0983 
5184.0598       6944.3244       1.1125e-08       -0.1850 
5184.0598       6944.3244       1.4557e-08       -0.2901 
5184.0598       6944.3244       1.7988e-08       -0.4102 
5184.0598       6944.3244       2.1420e-08       -0.5429 
5184.0598       6944.3244       2.4852e-08       -0.6863 
5184.0598       6944.3244       2.8284e-08       -0.8389 
5184.0598       6944.3244       3.1715e-08       -0.9997 
5184.0598       6944.3244       3.5147e-08       -1.1678 
5184.0598       6944.3244       3.8579e-08       -1.3423 
5184.0598       6944.3244       4.2011e-08       -1.5227 
5184.0598       6944.3244       4.5443e-08       -1.7084 
5184.0598       6944.3244       4.8874e-08       -1.8991 
5184.0598       6944.3244       5.2306e-08       -2.0942 
5184.0598       6944.3244       5.5738e-08       -2.2935 
5184.0598       6944.3244       5.9170e-08       -2.4967 
5184.0598       6944.3244       6.2601e-08       -2.7036 
6944.3244       9302.5069       0.0000e+00       -0.0000 
6944.3244       9302.5069       4.6898e-15       0.0000 
6944.3244       9302.5069       2.5752e-09       -0.1434 
6944.3244       9302.5069       5.1505e-09       -0.2878 
6944.3244       9302.5069       7.7257e-09       -0.4331 
6944.3244       9302.5069       1.0301e-08       -0.5793 
6944.3244       9302.5069       1.2876e-08       -0.7264 
6944.3244       9302.5069       1.5451e-08       -0.8743 
6944.3244       9302.5069       1.8027e-08       -1.0230 
6944.3244       9302.5069       2.0602e-08       -1.1724 
6944.3244       9302.5069       2.3177e-08       -1.3227 
6944.3244       9302.5069       2.5752e-08       -1.4737 
6944.3244       9302.5069       2.8328e-08       -1.6254 
6944.3244       9302.5069       3.0903e-08       -1.7778 
6944.3244       9302.5069       3.3478e-08       -1.9309 
6944.3244       9302.5069       3.6053e-08       -2.0846 
6944.3244       9302.5069       3.8629e-08       -2.2390 
6944.3244       9302.5069       4.1204e-08       -2.3940 
6944.3244       9302.5069       4.3779e-08       -2.5496 
6944.3244       9302.5069       4.6354e-08       -2.7058 
9302.5069       12461.2038       0.0000e+00       0.0000 
9302.5069       12461.2038       7.8813e-14       -0.0000 
9302.5069       12461.2038       3.1638e-09       -0.1427 
9302.5069       12461.2038       6.3276e-09       -0.2865 
9302.5069       12461.2038       9.4913e-09       -0.4314 
9302.5069       12461.2038       1.2655e-08       -0.5774 
9302.5069       12461.2038       1.5819e-08       -0.7243 
9302.5069       12461.2038       1.8983e-08       -0.8722 
9302.5069       12461.2038       2.2146e-08       -1.0210 
9302.5069       12461.2038       2.5310e-08       -1.1706 
9302.5069       12461.2038       2.8474e-08       -1.3210 
9302.5069       12461.2038       3.1638e-08       -1.4721 
9302.5069       12461.2038       3.4801e-08       -1.6241 
9302.5069       12461.2038       3.7965e-08       -1.7767 
9302.5069       12461.2038       4.1129e-08       -1.9300 
9302.5069       12461.2038       4.4292e-08       -2.0839 
9302.5069       12461.2038       4.7456e-08       -2.2385 
9302.5069       12461.2038       5.0620e-08       -2.3936 
9302.5069       12461.2038       5.3784e-08       -2.5493 
9302.5069       12461.2038       5.6947e-08       -2.7056 
12461.2038       16692.4468       0.0000e+00       -0.0000 
12461.2038       16692.4468       3.2038e-15       0.0000 
12461.2038       16692.4468       3.4783e-09       -0.1497 
12461.2038       16692.4468       6.9567e-09       -0.2995 
12461.2038       16692.4468       1.0435e-08       -0.4493 
12461.2038       16692.4468       1.3913e-08       -0.5992 
12461.2038       16692.4468       1.7392e-08       -0.7493 
12461.2038       16692.4468       2.0870e-08       -0.8993 
12461.2038       16692.4468       2.4348e-08       -1.0495 
12461.2038       16692.4468       2.7827e-08       -1.1997 
12461.2038       16692.4468       3.1305e-08       -1.3500 
12461.2038       16692.4468       3.4783e-08       -1.5004 
12461.2038       16692.4468       3.8262e-08       -1.6508 
12461.2038       16692.4468       4.1740e-08       -1.8014 
12461.2038       16692.4468       4.5218e-08       -1.9519 
12461.2038       16692.4468       4.8697e-08       -2.1026 
12461.2038       16692.4468       5.2175e-08       -2.2533 
12461.2038       16692.4468       5.5653e-08       -2.4041 
12461.2038       16692.4468       5.9132e-08       -2.5550 
12461.2038       16692.4468       6.2610e-08       -2.7059 
16692.4468       22360.9371       0.0000e+00       -0.0000 
16692.4468       22360.9371       2.3476e-13       0.0000 
16692.4468       22360.9371       4.5068e-09       -0.1498 
16692.4468       22360.9371       9.0133e-09       -0.2997 
16692.4468       22360.9371       1.3520e-08       -0.4496 
16692.4468       22360.9371       1.8026e-08       -0.5997 
16692.4468       22360.9371       2.2533e-08       -0.7497 
16692.4468       22360.9371       2.7039e-08       -0.8999 
16692.4468       22360.9371       3.1546e-08       -1.0501 
16692.4468       22360.9371       3.6052e-08       -1.2003 
16692.4468       22360.9371       4.0559e-08       -1.3506 
16692.4468       22360.9371       4.5065e-08       -1.5010 
16692.4468       22360.9371       4.9572e-08       -1.6514 
16692.4468       22360.9371       5.4078e-08       -1.8019 
16692.4468       22360.9371       5.8585e-08       -1.9524 
16692.4468       22360.9371       6.3091e-08       -2.1030 
16692.4468       22360.9371       6.7598e-08       -2.2536 
16692.4468       22360.9371       7.2104e-08       -2.4043 
16692.4468       22360.9371       7.6611e-08       -2.5551 
16692.4468       22360.9371       8.1118e-08       -2.7059 
22360.9371       29953.6672       0.0000e+00       0.0000 
22360.9371       29953.6672       1.2048e-13       -0.0000 
22360.9371       29953.6672       1.0323e-08       -0.0709 
22360.9371       29953.6672       2.0646e-08       -0.1619 
22360.9371       29953.6672       3.0970e-08       -0.2684 
22360.9371       29953.6672       4.1293e-08       -0.3875 
22360.9371       29953.6672       5.1616e-08       -0.5169 
22360.9371       29953.6672       6.1939e-08       -0.6550 
22360.9371       29953.6672       7.2262e-08       -0.8005 
22360.9371       29953.6672       8.2585e-08       -0.9525 
22360.9371       29953.6672       9.2908e-08       -1.1101 
22360.9371       29953.6672       1.0323e-07       -1.2726 
22360.9371       29953.6672       1.1355e-07       -1.4397 
22360.9371       29953.6672       1.2388e-07       -1.6107 
22360.9371       29953.6672       1.3420e-07       -1.7853 
22360.9371       29953.6672       1.4452e-07       -1.9633 
22360.9371       29953.6672       1.5485e-07       -2.1442 
22360.9371       29953.6672       1.6517e-07       -2.3280 
22360.9371       29953.6672       1.7549e-07       -2.5143 
22360.9371       29953.6672       1.8582e-07       -2.7030 
29953.6672       40124.5339       0.0000e+00       0.0000 
29953.6672       40124.5339       1.6654e-16       -0.0000 
29953.6672       40124.5339       7.4939e-09       -0.1503 
29953.6672       40124.5339       1.4988e-08       -0.3007 
29953.6672       40124.5339       2.2482e-08       -0.4510 
29953.6672       40124.5339       2.9976e-08       -0.6013 
29953.6672       40124.5339       3.7470e-08       -0.7516 
29953.6672       40124.5339       4.4964e-08       -0.9020 
29953.6672       40124.5339       5.2458e-08       -1.0523 
29953.6672       40124.5339       5.9952e-08       -1.2026 
29953.6672       40124.5339       6.7446e-08       -1.3529 
29953.6672       40124.5339       7.4939e-08       -1.5033 
29953.6672       40124.5339       8.2433e-08       -1.6536 
29953.6672       40124.5339       8.9927e-08       -1.8039 
29953.6672       40124.5339       9.7421e-08       -1.9543 
29953.6672       40124.5339       1.0492e-07       -2.1046 
29953.6672       40124.5339       1.1241e-07       -2.2549 
29953.6672       40124.5339       1.1990e-07       -2.4052 
29953.6672       40124.5339       1.2740e-07       -2.5556 
29953.6672       40124.5339       1.3489e-07       -2.7059 
40124.5339       53748.9519       0.0000e+00       0.0000 
40124.5339       53748.9519       1.2488e-16       -0.0000 
40124.5339       53748.9519       9.9762e-09       -0.1503 
40124.5339       53748.9519       1.9952e-08       -0.3007 
40124.5339       53748.9519       2.9929e-08       -0.4510 
40124.5339       53748.9519       3.9905e-08       -0.6013 
40124.5339       53748.9519       4.9881e-08       -0.7516 
40124.5339       53748.9519       5.9857e-08       -0.9020 
40124.5339       53748.9519       6.9834e-08       -1.0523 
40124.5339       53748.9519       7.9810e-08       -1.2026 
40124.5339       53748.9519       8.9786e-08       -1.3529 
40124.5339       53748.9519       9.9762e-08       -1.5033 
40124.5339       53748.9519       1.0974e-07       -1.6536 
40124.5339       53748.9519       1.1971e-07       -1.8039 
40124.5339       53748.9519       1.2969e-07       -1.9543 
40124.5339       53748.9519       1.3967e-07       -2.1046 
40124.5339       53748.9519       1.4964e-07       -2.2549 
40124.5339       53748.9519       1.5962e-07       -2.4052 
40124.5339       53748.9519       1.6960e-07       -2.5556 
40124.5339       53748.9519       1.7957e-07       -2.7059 
53748.9519       72001.2440       0.0000e+00       0.0000 
53748.9519       72001.2440       8.9880e-11       -0.0007 
53748.9519       72001.2440       1.7421e-08       -0.1292 
53748.9519       72001.2440       3.4751e-08       -0.2619 
53748.9519       72001.2440       5.2082e-08       -0.3982 
53748.9519       72001.2440       6.9413e-08       -0.5377 
53748.9519       72001.2440       8.6743e-08       -0.6802 
53748.9519       72001.2440       1.0407e-07       -0.8253 
53748.9519       72001.2440       1.2140e-07       -0.9727 
53748.9519       72001.2440       1.3874e-07       -1.1223 
53748.9519       72001.2440       1.5607e-07       -1.2739 
53748.9519       72001.2440       1.7340e-07       -1.4272 
53748.9519       72001.2440       1.9073e-07       -1.5823 
53748.9519       72001.2440       2.0806e-07       -1.7388 
53748.9519       72001.2440       2.2539e-07       -1.8968 
53748.9519       72001.2440       2.4272e-07       -2.0561 
53748.9519       72001.2440       2.6005e-07       -2.2167 
53748.9519       72001.2440       2.7738e-07       -2.3783 
53748.9519       72001.2440       2.9471e-07       -2.5411 
53748.9519       72001.2440       3.1204e-07       -2.7049 
72001.2440       96449.5043       0.0000e+00       -0.1725 
72001.2440       96449.5043       5.7490e-08       0.0000 
72001.2440       96449.5043       8.6788e-08       -0.0255 
72001.2440       96449.5043       1.1608e-07       -0.0902 
72001.2440       96449.5043       1.4538e-07       -0.1822 
72001.2440       96449.5043       1.7468e-07       -0.2943 
72001.2440       96449.5043       2.0398e-07       -0.4217 
72001.2440       96449.5043       2.3327e-07       -0.5613 
72001.2440       96449.5043       2.6257e-07       -0.7107 
72001.2440       96449.5043       2.9187e-07       -0.8683 
72001.2440       96449.5043       3.2117e-07       -1.0328 
72001.2440       96449.5043       3.5046e-07       -1.2031 
72001.2440       96449.5043       3.7976e-07       -1.3784 
72001.2440       96449.5043       4.0906e-07       -1.5582 
72001.2440       96449.5043       4.3836e-07       -1.7418 
72001.2440       96449.5043       4.6765e-07       -1.9289 
72001.2440       96449.5043       4.9695e-07       -2.1190 
72001.2440       96449.5043       5.2625e-07       -2.3119 
72001.2440       96449.5043       5.5554e-07       -2.5072 
72001.2440       96449.5043       5.8484e-07       -2.7048 
96449.5043       129199.2522       0.0000e+00       0.0000 
96449.5043       129199.2522       5.0863e-11       -0.0003 
96449.5043       129199.2522       2.5924e-08       -0.1502 
96449.5043       129199.2522       5.1797e-08       -0.3001 
96449.5043       129199.2522       7.7670e-08       -0.4501 
96449.5043       129199.2522       1.0354e-07       -0.6002 
96449.5043       129199.2522       1.2942e-07       -0.7503 
96449.5043       129199.2522       1.5529e-07       -0.9004 
96449.5043       129199.2522       1.8116e-07       -1.0506 
96449.5043       129199.2522       2.0704e-07       -1.2009 
96449.5043       129199.2522       2.3291e-07       -1.3511 
96449.5043       129199.2522       2.5878e-07       -1.5015 
96449.5043       129199.2522       2.8466e-07       -1.6519 
96449.5043       129199.2522       3.1053e-07       -1.8023 
96449.5043       129199.2522       3.3640e-07       -1.9528 
96449.5043       129199.2522       3.6227e-07       -2.1033 
96449.5043       129199.2522       3.8815e-07       -2.2539 
96449.5043       129199.2522       4.1402e-07       -2.4045 
96449.5043       129199.2522       4.3989e-07       -2.5552 
96449.5043       129199.2522       4.6577e-07       -2.7059 
129199.2522       173069.2852       0.0000e+00       0.0000 
129199.2522       173069.2852       3.8198e-11       -0.0002 
129199.2522       173069.2852       3.2774e-08       -0.1505 
129199.2522       173069.2852       6.5510e-08       -0.3008 
129199.2522       173069.2852       9.8245e-08       -0.4511 
129199.2522       173069.2852       1.3098e-07       -0.6014 
129199.2522       173069.2852       1.6372e-07       -0.7518 
129199.2522       173069.2852       1.9645e-07       -0.9021 
129199.2522       173069.2852       2.2919e-07       -1.0524 
129199.2522       173069.2852       2.6192e-07       -1.2027 
129199.2522       173069.2852       2.9466e-07       -1.3530 
129199.2522       173069.2852       3.2739e-07       -1.5034 
129199.2522       173069.2852       3.6013e-07       -1.6537 
129199.2522       173069.2852       3.9287e-07       -1.8040 
129199.2522       173069.2852       4.2560e-07       -1.9543 
129199.2522       173069.2852       4.5834e-07       -2.1046 
129199.2522       173069.2852       4.9107e-07       -2.2549 
129199.2522       173069.2852       5.2381e-07       -2.4053 
129199.2522       173069.2852       5.5654e-07       -2.5556 
129199.2522       173069.2852       5.8928e-07       -2.7059 
173069.2852       231840.8711       0.0000e+00       0.0000 
173069.2852       231840.8711       2.8678e-11       -0.0001 
173069.2852       231840.8711       4.4304e-08       -0.1504 
173069.2852       231840.8711       8.8579e-08       -0.3007 
173069.2852       231840.8711       1.3285e-07       -0.4510 
173069.2852       231840.8711       1.7713e-07       -0.6014 
173069.2852       231840.8711       2.2140e-07       -0.7517 
173069.2852       231840.8711       2.6568e-07       -0.9020 
173069.2852       231840.8711       3.0995e-07       -1.0523 
173069.2852       231840.8711       3.5423e-07       -1.2026 
173069.2852       231840.8711       3.9850e-07       -1.3530 
173069.2852       231840.8711       4.4278e-07       -1.5033 
173069.2852       231840.8711       4.8705e-07       -1.6536 
173069.2852       231840.8711       5.3133e-07       -1.8039 
173069.2852       231840.8711       5.7560e-07       -1.9543 
173069.2852       231840.8711       6.1988e-07       -2.1046 
173069.2852       231840.8711       6.6415e-07       -2.2549 
173069.2852       231840.8711       7.0843e-07       -2.4052 
173069.2852       231840.8711       7.5270e-07       -2.5556 
173069.2852       231840.8711       7.9698e-07       -2.7059 
231840.8711       310563.2050       0.0000e+00       0.0000 
231840.8711       310563.2050       2.1517e-11       -0.0000 
231840.8711       310563.2050       5.9461e-08       -0.1504 
231840.8711       310563.2050       1.1890e-07       -0.3007 
231840.8711       310563.2050       1.7834e-07       -0.4510 
231840.8711       310563.2050       2.3778e-07       -0.6013 
231840.8711       310563.2050       2.9722e-07       -0.7517 
231840.8711       310563.2050       3.5666e-07       -0.9020 
231840.8711       310563.2050       4.1610e-07       -1.0523 
231840.8711       310563.2050       4.7554e-07       -1.2026 
231840.8711       310563.2050       5.3498e-07       -1.3530 
231840.8711       310563.2050       5.9442e-07       -1.5033 
231840.8711       310563.2050       6.5386e-07       -1.6536 
231840.8711       310563.2050       7.1330e-07       -1.8039 
231840.8711       310563.2050       7.7274e-07       -1.9543 
231840.8711       310563.2050       8.3218e-07       -2.1046 
231840.8711       310563.2050       8.9162e-07       -2.2549 
231840.8711       310563.2050       9.5106e-07       -2.4052 
231840.8711       310563.2050       1.0105e-06       -2.5556 
231840.8711       310563.2050       1.0699e-06       -2.7059 
310563.2050       416015.9675       0.0000e+00       0.0000 
310563.2050       416015.9675       1.6136e-11       -0.0000 
310563.2050       416015.9675       8.0191e-08       -0.1503 
310563.2050       416015.9675       1.6037e-07       -0.3007 
310563.2050       416015.9675       2.4054e-07       -0.4510 
310563.2050       416015.9675       3.2071e-07       -0.6013 
310563.2050       416015.9675       4.0089e-07       -0.7516 
310563.2050       416015.9675       4.8106e-07       -0.9020 
310563.2050       416015.9675       5.6124e-07       -1.0523 
310563.2050       416015.9675       6.4141e-07       -1.2026 
310563.2050       416015.9675       7.2159e-07       -1.3530 
310563.2050       416015.9675       8.0176e-07       -1.5033 
310563.2050       416015.9675       8.8194e-07       -1.6536 
310563.2050       416015.9675       9.6211e-07       -1.8039 
310563.2050       416015.9675       1.0423e-06       -1.9543 
310563.2050       416015.9675       1.1225e-06       -2.1046 
310563.2050       416015.9675       1.2026e-06       -2.2549 
310563.2050       416015.9675       1.2828e-06       -2.4052 
310563.2050       416015.9675       1.3630e-06       -2.5556 
310563.2050       416015.9675       1.4432e-06       -2.7059 
416015.9675       557275.5639       0.0000e+00       0.0000 
416015.9675       557275.5639       1.2100e-11       -0.0000 
416015.9675       557275.5639       1.0884e-07       -0.1503 
416015.9675       557275.5639       2.1768e-07       -0.3007 
416015.9675       557275.5639       3.2651e-07       -0.4510 
416015.9675       557275.5639       4.3534e-07       -0.6013 
416015.9675       557275.5639       5.4417e-07       -0.7516 
416015.9675       557275.5639       6.5301e-07       -0.9020 
416015.9675       557275.5639       7.6184e-07       -1.0523 
416015.9675       557275.5639       8.7067e-07       -1.2026 
416015.9675       557275.5639       9.7950e-07       -1.3530 
416015.9675       557275.5639       1.0883e-06       -1.5033 
416015.9675       557275.5639       1.1972e-06       -1.6536 
416015.9675       557275.5639       1.3060e-06       -1.8039 
416015.9675       557275.5639       1.4148e-06       -1.9543 
416015.9675       557275.5639       1.5237e-06       -2.1046 
416015.9675       557275.5639       1.6325e-06       -2.2549 
416015.9675       557275.5639       1.7413e-06       -2.4052 
416015.9675       557275.5639       1.8502e-06       -2.5556 
416015.9675       557275.5639       1.9590e-06       -2.7059 
557275.5639       746517.5120       0.0000e+00       0.0000 
557275.5639       746517.5120       9.0733e-12       -0.0000 
557275.5639       746517.5120       1.4924e-07       -0.1503 
557275.5639       746517.5120       2.9846e-07       -0.3007 
557275.5639       746517.5120       4.4769e-07       -0.4510 
557275.5639       746517.5120       5.9691e-07       -0.6013 
557275.5639       746517.5120       7.4614e-07       -0.7516 
557275.5639       746517.5120       8.9536e-07       -0.9020 
557275.5639       746517.5120       1.0446e-06       -1.0523 
557275.5639       746517.5120       1.1938e-06       -1.2026 
557275.5639       746517.5120       1.3430e-06       -1.3530 
557275.5639       746517.5120       1.4923e-06       -1.5033 
557275.5639       746517.5120       1.6415e-06       -1.6536 
557275.5639       746517.5120       1.7907e-06       -1.8039 
557275.5639       746517.5120       1.9399e-06       -1.9543 
557275.5639       746517.5120       2.0892e-06       -2.1046 
557275.5639       746517.5120       2.2384e-06       -2.2549 
557275.5639       746517.5120       2.3876e-06       -2.4052 
557275.5639       746517.5120       2.5369e-06       -2.5556 
557275.5639       746517.5120       2.6861e-06       -2.7059 
746517.5120       1000000.0000       0.0000e+00       0.0000 
746517.5120       1000000.0000       6.8026e-12       -0.0000 
746517.5120       1000000.0000       2.1509e-07       -0.1503 
746517.5120       1000000.0000       4.3017e-07       -0.3007 
746517.5120       1000000.0000       6.4526e-07       -0.4510 
746517.5120       1000000.0000       8.6034e-07       -0.6013 
746517.5120       1000000.0000       1.0754e-06       -0.7516 
746517.5120       1000000.0000       1.2905e-06       -0.9020 
746517.5120       1000000.0000       1.5056e-06       -1.0523 
746517.5120       1000000.0000       1.7207e-06       -1.2026 
746517.5120       1000000.0000       1.9358e-06       -1.3529 
746517.5120       1000000.0000       2.1508e-06       -1.5033 
746517.5120       1000000.0000       2.3659e-06       -1.6536 
746517.5120       1000000.0000       2.5810e-06       -1.8039 
746517.5120       1000000.0000       2.7961e-06       -1.9543 
746517.5120       1000000.0000       3.0112e-06       -2.1046 
746517.5120       1000000.0000       3.2263e-06       -2.2549 
746517.5120       1000000.0000       3.4413e-06       -2.4052 
746517.5120       1000000.0000       3.6564e-06       -2.5556 
746517.5120       1000000.0000       3.8715e-06       -2.7059 
