#Eridanus_2  Log10(Jfactor)=17.280   sigmaJ=0.900 
#[0]emin(MeV) [1]emax(MeV) [2]eflux(MeV/cm^2/s) [3]deltaLogLike 
500.0000       669.7766       0.0000e+00       -0.0000 
500.0000       669.7766       3.9892e-14       0.0000 
500.0000       669.7766       3.1820e-09       -0.0624 
500.0000       669.7766       6.3640e-09       -0.1367 
500.0000       669.7766       9.5460e-09       -0.2226 
500.0000       669.7766       1.2728e-08       -0.3198 
500.0000       669.7766       1.5910e-08       -0.4278 
500.0000       669.7766       1.9092e-08       -0.5464 
500.0000       669.7766       2.2274e-08       -0.6753 
500.0000       669.7766       2.5456e-08       -0.8142 
500.0000       669.7766       2.8638e-08       -0.9629 
500.0000       669.7766       3.1820e-08       -1.1210 
500.0000       669.7766       3.5002e-08       -1.2885 
500.0000       669.7766       3.8184e-08       -1.4649 
500.0000       669.7766       4.1366e-08       -1.6503 
500.0000       669.7766       4.4548e-08       -1.8443 
500.0000       669.7766       4.7730e-08       -2.0467 
500.0000       669.7766       5.0912e-08       -2.2574 
500.0000       669.7766       5.4094e-08       -2.4762 
500.0000       669.7766       5.7276e-08       -2.7029 
669.7766       897.2222       0.0000e+00       -0.4918 
669.7766       897.2222       2.2154e-08       0.0000 
669.7766       897.2222       2.5582e-08       -0.0104 
669.7766       897.2222       2.9009e-08       -0.0407 
669.7766       897.2222       3.2437e-08       -0.0903 
669.7766       897.2222       3.5865e-08       -0.1581 
669.7766       897.2222       3.9293e-08       -0.2436 
669.7766       897.2222       4.2720e-08       -0.3460 
669.7766       897.2222       4.6148e-08       -0.4647 
669.7766       897.2222       4.9576e-08       -0.5991 
669.7766       897.2222       5.3004e-08       -0.7487 
669.7766       897.2222       5.6431e-08       -0.9129 
669.7766       897.2222       5.9859e-08       -1.0913 
669.7766       897.2222       6.3287e-08       -1.2835 
669.7766       897.2222       6.6715e-08       -1.4889 
669.7766       897.2222       7.0142e-08       -1.7072 
669.7766       897.2222       7.3570e-08       -1.9381 
669.7766       897.2222       7.6998e-08       -2.1812 
669.7766       897.2222       8.0426e-08       -2.4361 
669.7766       897.2222       8.3853e-08       -2.7025 
897.2222       1201.8769       0.0000e+00       -0.0000 
897.2222       1201.8769       1.0758e-13       0.0000 
897.2222       1201.8769       1.7030e-09       -0.1096 
897.2222       1201.8769       3.4058e-09       -0.2252 
897.2222       1201.8769       5.1087e-09       -0.3465 
897.2222       1201.8769       6.8116e-09       -0.4731 
897.2222       1201.8769       8.5144e-09       -0.6049 
897.2222       1201.8769       1.0217e-08       -0.7416 
897.2222       1201.8769       1.1920e-08       -0.8830 
897.2222       1201.8769       1.3623e-08       -1.0289 
897.2222       1201.8769       1.5326e-08       -1.1792 
897.2222       1201.8769       1.7029e-08       -1.3337 
897.2222       1201.8769       1.8732e-08       -1.4923 
897.2222       1201.8769       2.0434e-08       -1.6547 
897.2222       1201.8769       2.2137e-08       -1.8210 
897.2222       1201.8769       2.3840e-08       -1.9909 
897.2222       1201.8769       2.5543e-08       -2.1644 
897.2222       1201.8769       2.7246e-08       -2.3413 
897.2222       1201.8769       2.8949e-08       -2.5216 
897.2222       1201.8769       3.0652e-08       -2.7052 
1201.8769       1609.9782       0.0000e+00       -0.3671 
1201.8769       1609.9782       1.2650e-08       0.0000 
1201.8769       1609.9782       1.5272e-08       -0.0118 
1201.8769       1609.9782       1.7893e-08       -0.0469 
1201.8769       1609.9782       2.0515e-08       -0.1032 
1201.8769       1609.9782       2.3136e-08       -0.1790 
1201.8769       1609.9782       2.5758e-08       -0.2729 
1201.8769       1609.9782       2.8379e-08       -0.3835 
1201.8769       1609.9782       3.1001e-08       -0.5098 
1201.8769       1609.9782       3.3622e-08       -0.6506 
1201.8769       1609.9782       3.6244e-08       -0.8053 
1201.8769       1609.9782       3.8865e-08       -0.9728 
1201.8769       1609.9782       4.1487e-08       -1.1526 
1201.8769       1609.9782       4.4108e-08       -1.3439 
1201.8769       1609.9782       4.6730e-08       -1.5463 
1201.8769       1609.9782       4.9351e-08       -1.7591 
1201.8769       1609.9782       5.1973e-08       -1.9818 
1201.8769       1609.9782       5.4594e-08       -2.2141 
1201.8769       1609.9782       5.7216e-08       -2.4555 
1201.8769       1609.9782       5.9837e-08       -2.7056 
1609.9782       2156.6516       0.0000e+00       -0.0000 
1609.9782       2156.6516       3.1269e-14       0.0000 
1609.9782       2156.6516       1.2716e-09       -0.1277 
1609.9782       2156.6516       2.5432e-09       -0.2588 
1609.9782       2156.6516       3.8148e-09       -0.3929 
1609.9782       2156.6516       5.0864e-09       -0.5301 
1609.9782       2156.6516       6.3579e-09       -0.6702 
1609.9782       2156.6516       7.6295e-09       -0.8130 
1609.9782       2156.6516       8.9011e-09       -0.9584 
1609.9782       2156.6516       1.0173e-08       -1.1063 
1609.9782       2156.6516       1.1444e-08       -1.2567 
1609.9782       2156.6516       1.2716e-08       -1.4093 
1609.9782       2156.6516       1.3987e-08       -1.5643 
1609.9782       2156.6516       1.5259e-08       -1.7214 
1609.9782       2156.6516       1.6531e-08       -1.8806 
1609.9782       2156.6516       1.7802e-08       -2.0418 
1609.9782       2156.6516       1.9074e-08       -2.2049 
1609.9782       2156.6516       2.0345e-08       -2.3700 
1609.9782       2156.6516       2.1617e-08       -2.5369 
1609.9782       2156.6516       2.2889e-08       -2.7056 
2156.6516       2889.0164       0.0000e+00       -0.0000 
2156.6516       2889.0164       1.3498e-15       0.0000 
2156.6516       2889.0164       9.0318e-10       -0.1482 
2156.6516       2889.0164       1.8064e-09       -0.2967 
2156.6516       2889.0164       2.7095e-09       -0.4455 
2156.6516       2889.0164       3.6127e-09       -0.5945 
2156.6516       2889.0164       4.5159e-09       -0.7438 
2156.6516       2889.0164       5.4191e-09       -0.8933 
2156.6516       2889.0164       6.3222e-09       -1.0431 
2156.6516       2889.0164       7.2254e-09       -1.1931 
2156.6516       2889.0164       8.1286e-09       -1.3434 
2156.6516       2889.0164       9.0318e-09       -1.4939 
2156.6516       2889.0164       9.9349e-09       -1.6447 
2156.6516       2889.0164       1.0838e-08       -1.7956 
2156.6516       2889.0164       1.1741e-08       -1.9468 
2156.6516       2889.0164       1.2644e-08       -2.0982 
2156.6516       2889.0164       1.3548e-08       -2.2498 
2156.6516       2889.0164       1.4451e-08       -2.4016 
2156.6516       2889.0164       1.5354e-08       -2.5536 
2156.6516       2889.0164       1.6257e-08       -2.7059 
2889.0164       3869.9914       0.0000e+00       -0.0001 
2889.0164       3869.9914       9.6552e-10       0.0000 
2889.0164       3869.9914       3.8475e-09       -0.0202 
2889.0164       3869.9914       6.7295e-09       -0.0673 
2889.0164       3869.9914       9.6114e-09       -0.1371 
2889.0164       3869.9914       1.2493e-08       -0.2266 
2889.0164       3869.9914       1.5375e-08       -0.3334 
2889.0164       3869.9914       1.8257e-08       -0.4554 
2889.0164       3869.9914       2.1139e-08       -0.5911 
2889.0164       3869.9914       2.4021e-08       -0.7391 
2889.0164       3869.9914       2.6903e-08       -0.8982 
2889.0164       3869.9914       2.9785e-08       -1.0674 
2889.0164       3869.9914       3.2667e-08       -1.2460 
2889.0164       3869.9914       3.5549e-08       -1.4332 
2889.0164       3869.9914       3.8431e-08       -1.6283 
2889.0164       3869.9914       4.1313e-08       -1.8309 
2889.0164       3869.9914       4.4195e-08       -2.0403 
2889.0164       3869.9914       4.7077e-08       -2.2562 
2889.0164       3869.9914       4.9959e-08       -2.4781 
2889.0164       3869.9914       5.2841e-08       -2.7058 
3869.9914       5184.0598       0.0000e+00       -0.7181 
3869.9914       5184.0598       2.4999e-09       -0.5412 
3869.9914       5184.0598       4.9998e-09       -0.3963 
3869.9914       5184.0598       7.4997e-09       -0.2792 
3869.9914       5184.0598       9.9996e-09       -0.1862 
3869.9914       5184.0598       1.2500e-08       -0.1146 
3869.9914       5184.0598       1.4999e-08       -0.0620 
3869.9914       5184.0598       1.7499e-08       -0.0264 
3869.9914       5184.0598       1.9999e-08       -0.0062 
3869.9914       5184.0598       2.2499e-08       0.0000 
3869.9914       5184.0598       2.9295e-08       -0.0444 
3869.9914       5184.0598       3.6090e-08       -0.1643 
3869.9914       5184.0598       4.2886e-08       -0.3457 
3869.9914       5184.0598       4.9682e-08       -0.5785 
3869.9914       5184.0598       5.6477e-08       -0.8549 
3869.9914       5184.0598       6.3273e-08       -1.1687 
3869.9914       5184.0598       7.0068e-08       -1.5152 
3869.9914       5184.0598       7.6864e-08       -1.8904 
3869.9914       5184.0598       8.3660e-08       -2.2910 
3869.9914       5184.0598       9.0455e-08       -2.7143 
5184.0598       6944.3244       0.0000e+00       0.0000 
5184.0598       6944.3244       6.0996e-15       -0.0000 
5184.0598       6944.3244       2.6316e-09       -0.1000 
5184.0598       6944.3244       5.2632e-09       -0.2110 
5184.0598       6944.3244       7.8948e-09       -0.3312 
5184.0598       6944.3244       1.0526e-08       -0.4592 
5184.0598       6944.3244       1.3158e-08       -0.5939 
5184.0598       6944.3244       1.5790e-08       -0.7345 
5184.0598       6944.3244       1.8421e-08       -0.8801 
5184.0598       6944.3244       2.1053e-08       -1.0302 
5184.0598       6944.3244       2.3684e-08       -1.1845 
5184.0598       6944.3244       2.6316e-08       -1.3423 
5184.0598       6944.3244       2.8948e-08       -1.5035 
5184.0598       6944.3244       3.1579e-08       -1.6677 
5184.0598       6944.3244       3.4211e-08       -1.8346 
5184.0598       6944.3244       3.6842e-08       -2.0041 
5184.0598       6944.3244       3.9474e-08       -2.1759 
5184.0598       6944.3244       4.2106e-08       -2.3500 
5184.0598       6944.3244       4.4737e-08       -2.5260 
5184.0598       6944.3244       4.7369e-08       -2.7040 
6944.3244       9302.5069       0.0000e+00       0.0000 
6944.3244       9302.5069       1.9199e-12       -0.0000 
6944.3244       9302.5069       3.9919e-09       -0.0731 
6944.3244       9302.5069       7.9819e-09       -0.1637 
6944.3244       9302.5069       1.1972e-08       -0.2685 
6944.3244       9302.5069       1.5962e-08       -0.3852 
6944.3244       9302.5069       1.9952e-08       -0.5121 
6944.3244       9302.5069       2.3942e-08       -0.6478 
6944.3244       9302.5069       2.7932e-08       -0.7912 
6944.3244       9302.5069       3.1922e-08       -0.9414 
6944.3244       9302.5069       3.5912e-08       -1.0977 
6944.3244       9302.5069       3.9902e-08       -1.2595 
6944.3244       9302.5069       4.3892e-08       -1.4263 
6944.3244       9302.5069       4.7882e-08       -1.5976 
6944.3244       9302.5069       5.1871e-08       -1.7732 
6944.3244       9302.5069       5.5861e-08       -1.9526 
6944.3244       9302.5069       5.9851e-08       -2.1355 
6944.3244       9302.5069       6.3841e-08       -2.3218 
6944.3244       9302.5069       6.7831e-08       -2.5111 
6944.3244       9302.5069       7.1821e-08       -2.7034 
9302.5069       12461.2038       0.0000e+00       -1.2290 
9302.5069       12461.2038       3.0613e-09       -0.8201 
9302.5069       12461.2038       6.1225e-09       -0.5509 
9302.5069       12461.2038       9.1838e-09       -0.3633 
9302.5069       12461.2038       1.2245e-08       -0.2299 
9302.5069       12461.2038       1.5306e-08       -0.1356 
9302.5069       12461.2038       1.8368e-08       -0.0709 
9302.5069       12461.2038       2.1429e-08       -0.0295 
9302.5069       12461.2038       2.4490e-08       -0.0069 
9302.5069       12461.2038       2.7551e-08       0.0000 
9302.5069       12461.2038       3.7490e-08       -0.0590 
9302.5069       12461.2038       4.7428e-08       -0.2067 
9302.5069       12461.2038       5.7366e-08       -0.4152 
9302.5069       12461.2038       6.7304e-08       -0.6681 
9302.5069       12461.2038       7.7242e-08       -0.9550 
9302.5069       12461.2038       8.7181e-08       -1.2688 
9302.5069       12461.2038       9.7119e-08       -1.6046 
9302.5069       12461.2038       1.0706e-07       -1.9586 
9302.5069       12461.2038       1.1700e-07       -2.3280 
9302.5069       12461.2038       1.2693e-07       -2.7106 
12461.2038       16692.4468       0.0000e+00       -1.1655 
12461.2038       16692.4468       2.5345e-09       -0.7098 
12461.2038       16692.4468       5.0691e-09       -0.4523 
12461.2038       16692.4468       7.6036e-09       -0.2877 
12461.2038       16692.4468       1.0138e-08       -0.1773 
12461.2038       16692.4468       1.2673e-08       -0.1024 
12461.2038       16692.4468       1.5207e-08       -0.0526 
12461.2038       16692.4468       1.7742e-08       -0.0216 
12461.2038       16692.4468       2.0276e-08       -0.0050 
12461.2038       16692.4468       2.2811e-08       0.0000 
12461.2038       16692.4468       3.4006e-08       -0.0720 
12461.2038       16692.4468       4.5202e-08       -0.2390 
12461.2038       16692.4468       5.6397e-08       -0.4618 
12461.2038       16692.4468       6.7592e-08       -0.7215 
12461.2038       16692.4468       7.8787e-08       -1.0075 
12461.2038       16692.4468       8.9983e-08       -1.3135 
12461.2038       16692.4468       1.0118e-07       -1.6351 
12461.2038       16692.4468       1.1237e-07       -1.9693 
12461.2038       16692.4468       1.2357e-07       -2.3139 
12461.2038       16692.4468       1.3476e-07       -2.6673 
16692.4468       22360.9371       0.0000e+00       -0.0000 
16692.4468       22360.9371       1.9388e-14       0.0000 
16692.4468       22360.9371       4.8247e-09       -0.1500 
16692.4468       22360.9371       9.6494e-09       -0.3000 
16692.4468       22360.9371       1.4474e-08       -0.4501 
16692.4468       22360.9371       1.9299e-08       -0.6003 
16692.4468       22360.9371       2.4123e-08       -0.7504 
16692.4468       22360.9371       2.8948e-08       -0.9006 
16692.4468       22360.9371       3.3773e-08       -1.0509 
16692.4468       22360.9371       3.8597e-08       -1.2011 
16692.4468       22360.9371       4.3422e-08       -1.3515 
16692.4468       22360.9371       4.8247e-08       -1.5018 
16692.4468       22360.9371       5.3072e-08       -1.6522 
16692.4468       22360.9371       5.7896e-08       -1.8026 
16692.4468       22360.9371       6.2721e-08       -1.9531 
16692.4468       22360.9371       6.7546e-08       -2.1036 
16692.4468       22360.9371       7.2370e-08       -2.2541 
16692.4468       22360.9371       7.7195e-08       -2.4047 
16692.4468       22360.9371       8.2020e-08       -2.5553 
16692.4468       22360.9371       8.6844e-08       -2.7059 
22360.9371       29953.6672       0.0000e+00       -0.0000 
22360.9371       29953.6672       3.0973e-14       0.0000 
22360.9371       29953.6672       7.6041e-09       -0.1365 
22360.9371       29953.6672       1.5208e-08       -0.2755 
22360.9371       29953.6672       2.2812e-08       -0.4166 
22360.9371       29953.6672       3.0416e-08       -0.5597 
22360.9371       29953.6672       3.8020e-08       -0.7046 
22360.9371       29953.6672       4.5624e-08       -0.8512 
22360.9371       29953.6672       5.3228e-08       -0.9994 
22360.9371       29953.6672       6.0832e-08       -1.1489 
22360.9371       29953.6672       6.8436e-08       -1.2999 
22360.9371       29953.6672       7.6040e-08       -1.4520 
22360.9371       29953.6672       8.3645e-08       -1.6053 
22360.9371       29953.6672       9.1249e-08       -1.7597 
22360.9371       29953.6672       9.8853e-08       -1.9152 
22360.9371       29953.6672       1.0646e-07       -2.0715 
22360.9371       29953.6672       1.1406e-07       -2.2288 
22360.9371       29953.6672       1.2166e-07       -2.3869 
22360.9371       29953.6672       1.2927e-07       -2.5459 
22360.9371       29953.6672       1.3687e-07       -2.7055 
29953.6672       40124.5339       0.0000e+00       -0.4653 
29953.6672       40124.5339       3.6431e-08       0.0000 
29953.6672       40124.5339       4.9384e-08       -0.0259 
29953.6672       40124.5339       6.2337e-08       -0.0907 
29953.6672       40124.5339       7.5290e-08       -0.1827 
29953.6672       40124.5339       8.8243e-08       -0.2946 
29953.6672       40124.5339       1.0120e-07       -0.4219 
29953.6672       40124.5339       1.1415e-07       -0.5612 
29953.6672       40124.5339       1.2710e-07       -0.7105 
29953.6672       40124.5339       1.4005e-07       -0.8678 
29953.6672       40124.5339       1.5301e-07       -1.0320 
29953.6672       40124.5339       1.6596e-07       -1.2020 
29953.6672       40124.5339       1.7891e-07       -1.3770 
29953.6672       40124.5339       1.9187e-07       -1.5565 
29953.6672       40124.5339       2.0482e-07       -1.7397 
29953.6672       40124.5339       2.1777e-07       -1.9265 
29953.6672       40124.5339       2.3072e-07       -2.1162 
29953.6672       40124.5339       2.4368e-07       -2.3087 
29953.6672       40124.5339       2.5663e-07       -2.5037 
29953.6672       40124.5339       2.6958e-07       -2.7010 
40124.5339       53748.9519       0.0000e+00       0.0000 
40124.5339       53748.9519       8.6808e-15       -0.0000 
40124.5339       53748.9519       1.0841e-08       -0.1503 
40124.5339       53748.9519       2.1682e-08       -0.3006 
40124.5339       53748.9519       3.2523e-08       -0.4509 
40124.5339       53748.9519       4.3364e-08       -0.6012 
40124.5339       53748.9519       5.4205e-08       -0.7515 
40124.5339       53748.9519       6.5047e-08       -0.9018 
40124.5339       53748.9519       7.5888e-08       -1.0521 
40124.5339       53748.9519       8.6729e-08       -1.2025 
40124.5339       53748.9519       9.7570e-08       -1.3528 
40124.5339       53748.9519       1.0841e-07       -1.5031 
40124.5339       53748.9519       1.1925e-07       -1.6534 
40124.5339       53748.9519       1.3009e-07       -1.8038 
40124.5339       53748.9519       1.4093e-07       -1.9541 
40124.5339       53748.9519       1.5178e-07       -2.1045 
40124.5339       53748.9519       1.6262e-07       -2.2548 
40124.5339       53748.9519       1.7346e-07       -2.4052 
40124.5339       53748.9519       1.8430e-07       -2.5555 
40124.5339       53748.9519       1.9514e-07       -2.7059 
53748.9519       72001.2440       0.0000e+00       -0.0000 
53748.9519       72001.2440       5.9590e-15       0.0000 
53748.9519       72001.2440       1.4549e-08       -0.1503 
53748.9519       72001.2440       2.9098e-08       -0.3005 
53748.9519       72001.2440       4.3648e-08       -0.4508 
53748.9519       72001.2440       5.8197e-08       -0.6011 
53748.9519       72001.2440       7.2746e-08       -0.7514 
53748.9519       72001.2440       8.7295e-08       -0.9017 
53748.9519       72001.2440       1.0184e-07       -1.0520 
53748.9519       72001.2440       1.1639e-07       -1.2023 
53748.9519       72001.2440       1.3094e-07       -1.3527 
53748.9519       72001.2440       1.4549e-07       -1.5030 
53748.9519       72001.2440       1.6004e-07       -1.6533 
53748.9519       72001.2440       1.7459e-07       -1.8037 
53748.9519       72001.2440       1.8914e-07       -1.9540 
53748.9519       72001.2440       2.0369e-07       -2.1044 
53748.9519       72001.2440       2.1824e-07       -2.2548 
53748.9519       72001.2440       2.3279e-07       -2.4051 
53748.9519       72001.2440       2.4734e-07       -2.5555 
53748.9519       72001.2440       2.6189e-07       -2.7059 
72001.2440       96449.5043       0.0000e+00       -0.0000 
72001.2440       96449.5043       3.7247e-14       0.0000 
72001.2440       96449.5043       2.7346e-08       -0.1021 
72001.2440       96449.5043       5.4692e-08       -0.2154 
72001.2440       96449.5043       8.2038e-08       -0.3377 
72001.2440       96449.5043       1.0938e-07       -0.4677 
72001.2440       96449.5043       1.3673e-07       -0.6041 
72001.2440       96449.5043       1.6408e-07       -0.7460 
72001.2440       96449.5043       1.9142e-07       -0.8927 
72001.2440       96449.5043       2.1877e-07       -1.0436 
72001.2440       96449.5043       2.4611e-07       -1.1982 
72001.2440       96449.5043       2.7346e-07       -1.3560 
72001.2440       96449.5043       3.0080e-07       -1.5169 
72001.2440       96449.5043       3.2815e-07       -1.6803 
72001.2440       96449.5043       3.5550e-07       -1.8462 
72001.2440       96449.5043       3.8284e-07       -2.0142 
72001.2440       96449.5043       4.1019e-07       -2.1842 
72001.2440       96449.5043       4.3753e-07       -2.3561 
72001.2440       96449.5043       4.6488e-07       -2.5296 
72001.2440       96449.5043       4.9223e-07       -2.7047 
96449.5043       129199.2522       0.0000e+00       -0.0000 
96449.5043       129199.2522       4.7000e-15       0.0000 
96449.5043       129199.2522       2.5964e-08       -0.1503 
96449.5043       129199.2522       5.1928e-08       -0.3007 
96449.5043       129199.2522       7.7893e-08       -0.4510 
96449.5043       129199.2522       1.0386e-07       -0.6013 
96449.5043       129199.2522       1.2982e-07       -0.7516 
96449.5043       129199.2522       1.5579e-07       -0.9020 
96449.5043       129199.2522       1.8175e-07       -1.0523 
96449.5043       129199.2522       2.0771e-07       -1.2026 
96449.5043       129199.2522       2.3368e-07       -1.3529 
96449.5043       129199.2522       2.5964e-07       -1.5033 
96449.5043       129199.2522       2.8561e-07       -1.6536 
96449.5043       129199.2522       3.1157e-07       -1.8039 
96449.5043       129199.2522       3.3754e-07       -1.9543 
96449.5043       129199.2522       3.6350e-07       -2.1046 
96449.5043       129199.2522       3.8946e-07       -2.2549 
96449.5043       129199.2522       4.1543e-07       -2.4052 
96449.5043       129199.2522       4.4139e-07       -2.5556 
96449.5043       129199.2522       4.6736e-07       -2.7059 
129199.2522       173069.2852       0.0000e+00       -0.0000 
129199.2522       173069.2852       5.2651e-13       0.0000 
129199.2522       173069.2852       3.4896e-08       -0.1503 
129199.2522       173069.2852       6.9791e-08       -0.3007 
129199.2522       173069.2852       1.0469e-07       -0.4510 
129199.2522       173069.2852       1.3958e-07       -0.6013 
129199.2522       173069.2852       1.7448e-07       -0.7516 
129199.2522       173069.2852       2.0937e-07       -0.9020 
129199.2522       173069.2852       2.4427e-07       -1.0523 
129199.2522       173069.2852       2.7916e-07       -1.2026 
129199.2522       173069.2852       3.1406e-07       -1.3529 
129199.2522       173069.2852       3.4895e-07       -1.5033 
129199.2522       173069.2852       3.8385e-07       -1.6536 
129199.2522       173069.2852       4.1874e-07       -1.8039 
129199.2522       173069.2852       4.5364e-07       -1.9543 
129199.2522       173069.2852       4.8853e-07       -2.1046 
129199.2522       173069.2852       5.2343e-07       -2.2549 
129199.2522       173069.2852       5.5832e-07       -2.4052 
129199.2522       173069.2852       5.9322e-07       -2.5556 
129199.2522       173069.2852       6.2811e-07       -2.7059 
173069.2852       231840.8711       0.0000e+00       -0.0000 
173069.2852       231840.8711       3.4368e-14       0.0000 
173069.2852       231840.8711       4.6905e-08       -0.1503 
173069.2852       231840.8711       9.3810e-08       -0.3006 
173069.2852       231840.8711       1.4071e-07       -0.4510 
173069.2852       231840.8711       1.8762e-07       -0.6013 
173069.2852       231840.8711       2.3452e-07       -0.7516 
173069.2852       231840.8711       2.8143e-07       -0.9020 
173069.2852       231840.8711       3.2833e-07       -1.0523 
173069.2852       231840.8711       3.7524e-07       -1.2026 
173069.2852       231840.8711       4.2214e-07       -1.3529 
173069.2852       231840.8711       4.6905e-07       -1.5033 
173069.2852       231840.8711       5.1595e-07       -1.6536 
173069.2852       231840.8711       5.6286e-07       -1.8039 
173069.2852       231840.8711       6.0976e-07       -1.9543 
173069.2852       231840.8711       6.5667e-07       -2.1046 
173069.2852       231840.8711       7.0357e-07       -2.2549 
173069.2852       231840.8711       7.5048e-07       -2.4052 
173069.2852       231840.8711       7.9738e-07       -2.5556 
173069.2852       231840.8711       8.4429e-07       -2.7059 
231840.8711       310563.2050       0.0000e+00       -0.0000 
231840.8711       310563.2050       1.0332e-14       0.0000 
231840.8711       310563.2050       6.3051e-08       -0.1503 
231840.8711       310563.2050       1.2610e-07       -0.3007 
231840.8711       310563.2050       1.8915e-07       -0.4510 
231840.8711       310563.2050       2.5220e-07       -0.6013 
231840.8711       310563.2050       3.1526e-07       -0.7516 
231840.8711       310563.2050       3.7831e-07       -0.9020 
231840.8711       310563.2050       4.4136e-07       -1.0523 
231840.8711       310563.2050       5.0441e-07       -1.2026 
231840.8711       310563.2050       5.6746e-07       -1.3529 
231840.8711       310563.2050       6.3051e-07       -1.5033 
231840.8711       310563.2050       6.9356e-07       -1.6536 
231840.8711       310563.2050       7.5661e-07       -1.8039 
231840.8711       310563.2050       8.1967e-07       -1.9543 
231840.8711       310563.2050       8.8272e-07       -2.1046 
231840.8711       310563.2050       9.4577e-07       -2.2549 
231840.8711       310563.2050       1.0088e-06       -2.4052 
231840.8711       310563.2050       1.0719e-06       -2.5556 
231840.8711       310563.2050       1.1349e-06       -2.7059 
310563.2050       416015.9675       0.0000e+00       -0.0000 
310563.2050       416015.9675       5.0213e-13       0.0000 
310563.2050       416015.9675       8.5077e-08       -0.1503 
310563.2050       416015.9675       1.7015e-07       -0.3007 
310563.2050       416015.9675       2.5523e-07       -0.4510 
310563.2050       416015.9675       3.4031e-07       -0.6013 
310563.2050       416015.9675       4.2538e-07       -0.7516 
310563.2050       416015.9675       5.1046e-07       -0.9020 
310563.2050       416015.9675       5.9553e-07       -1.0523 
310563.2050       416015.9675       6.8061e-07       -1.2026 
310563.2050       416015.9675       7.6569e-07       -1.3529 
310563.2050       416015.9675       8.5076e-07       -1.5033 
310563.2050       416015.9675       9.3584e-07       -1.6536 
310563.2050       416015.9675       1.0209e-06       -1.8039 
310563.2050       416015.9675       1.1060e-06       -1.9543 
310563.2050       416015.9675       1.1911e-06       -2.1046 
310563.2050       416015.9675       1.2761e-06       -2.2549 
310563.2050       416015.9675       1.3612e-06       -2.4052 
310563.2050       416015.9675       1.4463e-06       -2.5556 
310563.2050       416015.9675       1.5314e-06       -2.7059 
416015.9675       557275.5639       0.0000e+00       -0.0000 
416015.9675       557275.5639       4.0206e-14       0.0000 
416015.9675       557275.5639       1.1567e-07       -0.1503 
416015.9675       557275.5639       2.3135e-07       -0.3007 
416015.9675       557275.5639       3.4702e-07       -0.4510 
416015.9675       557275.5639       4.6270e-07       -0.6013 
416015.9675       557275.5639       5.7837e-07       -0.7516 
416015.9675       557275.5639       6.9405e-07       -0.9020 
416015.9675       557275.5639       8.0972e-07       -1.0523 
416015.9675       557275.5639       9.2540e-07       -1.2026 
416015.9675       557275.5639       1.0411e-06       -1.3529 
416015.9675       557275.5639       1.1567e-06       -1.5033 
416015.9675       557275.5639       1.2724e-06       -1.6536 
416015.9675       557275.5639       1.3881e-06       -1.8039 
416015.9675       557275.5639       1.5038e-06       -1.9543 
416015.9675       557275.5639       1.6194e-06       -2.1046 
416015.9675       557275.5639       1.7351e-06       -2.2549 
416015.9675       557275.5639       1.8508e-06       -2.4052 
416015.9675       557275.5639       1.9665e-06       -2.5556 
416015.9675       557275.5639       2.0821e-06       -2.7059 
557275.5639       746517.5120       0.0000e+00       -0.0000 
557275.5639       746517.5120       9.3161e-15       0.0000 
557275.5639       746517.5120       1.5897e-07       -0.1503 
557275.5639       746517.5120       3.1795e-07       -0.3007 
557275.5639       746517.5120       4.7692e-07       -0.4510 
557275.5639       746517.5120       6.3589e-07       -0.6013 
557275.5639       746517.5120       7.9486e-07       -0.7516 
557275.5639       746517.5120       9.5384e-07       -0.9020 
557275.5639       746517.5120       1.1128e-06       -1.0523 
557275.5639       746517.5120       1.2718e-06       -1.2026 
557275.5639       746517.5120       1.4308e-06       -1.3529 
557275.5639       746517.5120       1.5897e-06       -1.5033 
557275.5639       746517.5120       1.7487e-06       -1.6536 
557275.5639       746517.5120       1.9077e-06       -1.8039 
557275.5639       746517.5120       2.0666e-06       -1.9543 
557275.5639       746517.5120       2.2256e-06       -2.1046 
557275.5639       746517.5120       2.3846e-06       -2.2549 
557275.5639       746517.5120       2.5436e-06       -2.4052 
557275.5639       746517.5120       2.7025e-06       -2.5556 
557275.5639       746517.5120       2.8615e-06       -2.7059 
746517.5120       1000000.0000       0.0000e+00       -0.0000 
746517.5120       1000000.0000       7.1333e-14       0.0000 
746517.5120       1000000.0000       2.3116e-07       -0.1503 
746517.5120       1000000.0000       4.6233e-07       -0.3007 
746517.5120       1000000.0000       6.9349e-07       -0.4510 
746517.5120       1000000.0000       9.2466e-07       -0.6013 
746517.5120       1000000.0000       1.1558e-06       -0.7516 
746517.5120       1000000.0000       1.3870e-06       -0.9020 
746517.5120       1000000.0000       1.6181e-06       -1.0523 
746517.5120       1000000.0000       1.8493e-06       -1.2026 
746517.5120       1000000.0000       2.0805e-06       -1.3529 
746517.5120       1000000.0000       2.3116e-06       -1.5033 
746517.5120       1000000.0000       2.5428e-06       -1.6536 
746517.5120       1000000.0000       2.7740e-06       -1.8039 
746517.5120       1000000.0000       3.0051e-06       -1.9543 
746517.5120       1000000.0000       3.2363e-06       -2.1046 
746517.5120       1000000.0000       3.4675e-06       -2.2549 
746517.5120       1000000.0000       3.6986e-06       -2.4052 
746517.5120       1000000.0000       3.9298e-06       -2.5556 
746517.5120       1000000.0000       4.1610e-06       -2.7059 
