#Pictor_1  Log10(Jfactor)=18.000   sigmaJ=0.600 
#[0]emin(MeV) [1]emax(MeV) [2]eflux(MeV/cm^2/s) [3]deltaLogLike 
500.0000       669.7766       0.0000e+00       -1.0054 
500.0000       669.7766       4.4307e-09       -0.7842 
500.0000       669.7766       8.8615e-09       -0.5930 
500.0000       669.7766       1.3292e-08       -0.4307 
500.0000       669.7766       1.7723e-08       -0.2959 
500.0000       669.7766       2.2154e-08       -0.1875 
500.0000       669.7766       2.6584e-08       -0.1047 
500.0000       669.7766       3.1015e-08       -0.0464 
500.0000       669.7766       3.5446e-08       -0.0117 
500.0000       669.7766       3.9877e-08       0.0000 
500.0000       669.7766       4.7392e-08       -0.0304 
500.0000       669.7766       5.4908e-08       -0.1211 
500.0000       669.7766       6.2424e-08       -0.2694 
500.0000       669.7766       6.9940e-08       -0.4724 
500.0000       669.7766       7.7456e-08       -0.7277 
500.0000       669.7766       8.4972e-08       -1.0332 
500.0000       669.7766       9.2487e-08       -1.3867 
500.0000       669.7766       1.0000e-07       -1.7865 
500.0000       669.7766       1.0752e-07       -2.2307 
500.0000       669.7766       1.1503e-07       -2.7179 
669.7766       897.2222       0.0000e+00       0.0000 
669.7766       897.2222       7.1844e-12       -0.0000 
669.7766       897.2222       3.2017e-09       -0.0148 
669.7766       897.2222       6.3962e-09       -0.0494 
669.7766       897.2222       9.5907e-09       -0.1028 
669.7766       897.2222       1.2785e-08       -0.1741 
669.7766       897.2222       1.5980e-08       -0.2624 
669.7766       897.2222       1.9174e-08       -0.3672 
669.7766       897.2222       2.2369e-08       -0.4876 
669.7766       897.2222       2.5563e-08       -0.6231 
669.7766       897.2222       2.8758e-08       -0.7732 
669.7766       897.2222       3.1952e-08       -0.9372 
669.7766       897.2222       3.5147e-08       -1.1148 
669.7766       897.2222       3.8341e-08       -1.3054 
669.7766       897.2222       4.1536e-08       -1.5086 
669.7766       897.2222       4.4730e-08       -1.7241 
669.7766       897.2222       4.7925e-08       -1.9514 
669.7766       897.2222       5.1119e-08       -2.1903 
669.7766       897.2222       5.4314e-08       -2.4404 
669.7766       897.2222       5.7508e-08       -2.7013 
897.2222       1201.8769       0.0000e+00       -0.0253 
897.2222       1201.8769       4.3330e-09       0.0000 
897.2222       1201.8769       7.0379e-09       -0.0141 
897.2222       1201.8769       9.7428e-09       -0.0493 
897.2222       1201.8769       1.2448e-08       -0.1043 
897.2222       1201.8769       1.5153e-08       -0.1779 
897.2222       1201.8769       1.7857e-08       -0.2692 
897.2222       1201.8769       2.0562e-08       -0.3771 
897.2222       1201.8769       2.3267e-08       -0.5008 
897.2222       1201.8769       2.5972e-08       -0.6395 
897.2222       1201.8769       2.8677e-08       -0.7926 
897.2222       1201.8769       3.1382e-08       -0.9594 
897.2222       1201.8769       3.4087e-08       -1.1393 
897.2222       1201.8769       3.6792e-08       -1.3317 
897.2222       1201.8769       3.9496e-08       -1.5362 
897.2222       1201.8769       4.2201e-08       -1.7523 
897.2222       1201.8769       4.4906e-08       -1.9796 
897.2222       1201.8769       4.7611e-08       -2.2176 
897.2222       1201.8769       5.0316e-08       -2.4660 
897.2222       1201.8769       5.3021e-08       -2.7245 
1201.8769       1609.9782       0.0000e+00       -0.0000 
1201.8769       1609.9782       4.2340e-15       0.0000 
1201.8769       1609.9782       1.7408e-09       -0.1095 
1201.8769       1609.9782       3.4816e-09       -0.2248 
1201.8769       1609.9782       5.2224e-09       -0.3457 
1201.8769       1609.9782       6.9632e-09       -0.4719 
1201.8769       1609.9782       8.7040e-09       -0.6033 
1201.8769       1609.9782       1.0445e-08       -0.7396 
1201.8769       1609.9782       1.2186e-08       -0.8806 
1201.8769       1609.9782       1.3926e-08       -1.0262 
1201.8769       1609.9782       1.5667e-08       -1.1763 
1201.8769       1609.9782       1.7408e-08       -1.3306 
1201.8769       1609.9782       1.9149e-08       -1.4891 
1201.8769       1609.9782       2.0890e-08       -1.6516 
1201.8769       1609.9782       2.2630e-08       -1.8181 
1201.8769       1609.9782       2.4371e-08       -1.9883 
1201.8769       1609.9782       2.6112e-08       -2.1622 
1201.8769       1609.9782       2.7853e-08       -2.3397 
1201.8769       1609.9782       2.9594e-08       -2.5207 
1201.8769       1609.9782       3.1335e-08       -2.7051 
1609.9782       2156.6516       0.0000e+00       -0.0000 
1609.9782       2156.6516       9.5751e-16       0.0000 
1609.9782       2156.6516       1.4616e-09       -0.0741 
1609.9782       2156.6516       2.9232e-09       -0.1633 
1609.9782       2156.6516       4.3847e-09       -0.2654 
1609.9782       2156.6516       5.8463e-09       -0.3790 
1609.9782       2156.6516       7.3079e-09       -0.5026 
1609.9782       2156.6516       8.7695e-09       -0.6352 
1609.9782       2156.6516       1.0231e-08       -0.7760 
1609.9782       2156.6516       1.1693e-08       -0.9242 
1609.9782       2156.6516       1.3154e-08       -1.0791 
1609.9782       2156.6516       1.4616e-08       -1.2402 
1609.9782       2156.6516       1.6077e-08       -1.4070 
1609.9782       2156.6516       1.7539e-08       -1.5791 
1609.9782       2156.6516       1.9000e-08       -1.7562 
1609.9782       2156.6516       2.0462e-08       -1.9380 
1609.9782       2156.6516       2.1924e-08       -2.1240 
1609.9782       2156.6516       2.3385e-08       -2.3142 
1609.9782       2156.6516       2.4847e-08       -2.5082 
1609.9782       2156.6516       2.6308e-08       -2.7059 
2156.6516       2889.0164       0.0000e+00       0.0000 
2156.6516       2889.0164       3.5987e-10       -0.0018 
2156.6516       2889.0164       2.9019e-09       -0.0285 
2156.6516       2889.0164       5.4439e-09       -0.0777 
2156.6516       2889.0164       7.9858e-09       -0.1470 
2156.6516       2889.0164       1.0528e-08       -0.2341 
2156.6516       2889.0164       1.3070e-08       -0.3375 
2156.6516       2889.0164       1.5612e-08       -0.4556 
2156.6516       2889.0164       1.8154e-08       -0.5872 
2156.6516       2889.0164       2.0696e-08       -0.7314 
2156.6516       2889.0164       2.3238e-08       -0.8871 
2156.6516       2889.0164       2.5780e-08       -1.0535 
2156.6516       2889.0164       2.8322e-08       -1.2301 
2156.6516       2889.0164       3.0864e-08       -1.4162 
2156.6516       2889.0164       3.3406e-08       -1.6111 
2156.6516       2889.0164       3.5948e-08       -1.8145 
2156.6516       2889.0164       3.8490e-08       -2.0258 
2156.6516       2889.0164       4.1032e-08       -2.2446 
2156.6516       2889.0164       4.3574e-08       -2.4707 
2156.6516       2889.0164       4.6116e-08       -2.7036 
2889.0164       3869.9914       0.0000e+00       -0.5747 
2889.0164       3869.9914       1.4705e-09       -0.4282 
2889.0164       3869.9914       2.9410e-09       -0.3108 
2889.0164       3869.9914       4.4114e-09       -0.2174 
2889.0164       3869.9914       5.8819e-09       -0.1443 
2889.0164       3869.9914       7.3524e-09       -0.0886 
2889.0164       3869.9914       8.8229e-09       -0.0480 
2889.0164       3869.9914       1.0293e-08       -0.0206 
2889.0164       3869.9914       1.1764e-08       -0.0050 
2889.0164       3869.9914       1.3234e-08       0.0000 
2889.0164       3869.9914       1.8147e-08       -0.0474 
2889.0164       3869.9914       2.3060e-08       -0.1739 
2889.0164       3869.9914       2.7973e-08       -0.3619 
2889.0164       3869.9914       3.2886e-08       -0.5993 
2889.0164       3869.9914       3.7799e-08       -0.8778 
2889.0164       3869.9914       4.2712e-08       -1.1911 
2889.0164       3869.9914       4.7625e-08       -1.5343 
2889.0164       3869.9914       5.2538e-08       -1.9039 
2889.0164       3869.9914       5.7450e-08       -2.2967 
2889.0164       3869.9914       6.2363e-08       -2.7104 
3869.9914       5184.0598       0.0000e+00       -0.2521 
3869.9914       5184.0598       1.2742e-08       0.0000 
3869.9914       5184.0598       1.6228e-08       -0.0143 
3869.9914       5184.0598       1.9714e-08       -0.0547 
3869.9914       5184.0598       2.3200e-08       -0.1179 
3869.9914       5184.0598       2.6686e-08       -0.2012 
3869.9914       5184.0598       3.0172e-08       -0.3026 
3869.9914       5184.0598       3.3658e-08       -0.4201 
3869.9914       5184.0598       3.7144e-08       -0.5523 
3869.9914       5184.0598       4.0630e-08       -0.6980 
3869.9914       5184.0598       4.4116e-08       -0.8559 
3869.9914       5184.0598       4.7602e-08       -1.0253 
3869.9914       5184.0598       5.1088e-08       -1.2051 
3869.9914       5184.0598       5.4574e-08       -1.3947 
3869.9914       5184.0598       5.8060e-08       -1.5934 
3869.9914       5184.0598       6.1547e-08       -1.8007 
3869.9914       5184.0598       6.5033e-08       -2.0160 
3869.9914       5184.0598       6.8519e-08       -2.2388 
3869.9914       5184.0598       7.2005e-08       -2.4688 
3869.9914       5184.0598       7.5491e-08       -2.7055 
5184.0598       6944.3244       0.0000e+00       -0.0617 
5184.0598       6944.3244       4.1541e-09       0.0000 
5184.0598       6944.3244       7.1280e-09       -0.0224 
5184.0598       6944.3244       1.0102e-08       -0.0808 
5184.0598       6944.3244       1.3076e-08       -0.1657 
5184.0598       6944.3244       1.6050e-08       -0.2711 
5184.0598       6944.3244       1.9024e-08       -0.3932 
5184.0598       6944.3244       2.1998e-08       -0.5289 
5184.0598       6944.3244       2.4972e-08       -0.6761 
5184.0598       6944.3244       2.7945e-08       -0.8333 
5184.0598       6944.3244       3.0919e-08       -0.9990 
5184.0598       6944.3244       3.3893e-08       -1.1724 
5184.0598       6944.3244       3.6867e-08       -1.3526 
5184.0598       6944.3244       3.9841e-08       -1.5388 
5184.0598       6944.3244       4.2815e-08       -1.7306 
5184.0598       6944.3244       4.5789e-08       -1.9274 
5184.0598       6944.3244       4.8763e-08       -2.1287 
5184.0598       6944.3244       5.1737e-08       -2.3343 
5184.0598       6944.3244       5.4711e-08       -2.5438 
5184.0598       6944.3244       5.7685e-08       -2.7569 
6944.3244       9302.5069       0.0000e+00       0.0000 
6944.3244       9302.5069       1.0921e-11       -0.0007 
6944.3244       9302.5069       2.3063e-09       -0.1465 
6944.3244       9302.5069       4.6016e-09       -0.2929 
6944.3244       9302.5069       6.8970e-09       -0.4399 
6944.3244       9302.5069       9.1923e-09       -0.5874 
6944.3244       9302.5069       1.1488e-08       -0.7355 
6944.3244       9302.5069       1.3783e-08       -0.8841 
6944.3244       9302.5069       1.6078e-08       -1.0332 
6944.3244       9302.5069       1.8374e-08       -1.1829 
6944.3244       9302.5069       2.0669e-08       -1.3330 
6944.3244       9302.5069       2.2964e-08       -1.4837 
6944.3244       9302.5069       2.5260e-08       -1.6348 
6944.3244       9302.5069       2.7555e-08       -1.7864 
6944.3244       9302.5069       2.9851e-08       -1.9385 
6944.3244       9302.5069       3.2146e-08       -2.0911 
6944.3244       9302.5069       3.4441e-08       -2.2441 
6944.3244       9302.5069       3.6737e-08       -2.3976 
6944.3244       9302.5069       3.9032e-08       -2.5515 
6944.3244       9302.5069       4.1327e-08       -2.7058 
9302.5069       12461.2038       0.0000e+00       0.0000 
9302.5069       12461.2038       4.5563e-12       -0.0003 
9302.5069       12461.2038       2.4802e-09       -0.1495 
9302.5069       12461.2038       4.9559e-09       -0.2989 
9302.5069       12461.2038       7.4315e-09       -0.4484 
9302.5069       12461.2038       9.9072e-09       -0.5980 
9302.5069       12461.2038       1.2383e-08       -0.7478 
9302.5069       12461.2038       1.4858e-08       -0.8977 
9302.5069       12461.2038       1.7334e-08       -1.0477 
9302.5069       12461.2038       1.9810e-08       -1.1979 
9302.5069       12461.2038       2.2285e-08       -1.3481 
9302.5069       12461.2038       2.4761e-08       -1.4985 
9302.5069       12461.2038       2.7237e-08       -1.6490 
9302.5069       12461.2038       2.9712e-08       -1.7997 
9302.5069       12461.2038       3.2188e-08       -1.9504 
9302.5069       12461.2038       3.4664e-08       -2.1013 
9302.5069       12461.2038       3.7139e-08       -2.2523 
9302.5069       12461.2038       3.9615e-08       -2.4034 
9302.5069       12461.2038       4.2091e-08       -2.5546 
9302.5069       12461.2038       4.4566e-08       -2.7059 
12461.2038       16692.4468       0.0000e+00       0.0000 
12461.2038       16692.4468       1.8979e-12       -0.0001 
12461.2038       16692.4468       3.1643e-09       -0.1497 
12461.2038       16692.4468       6.3266e-09       -0.2994 
12461.2038       16692.4468       9.4890e-09       -0.4491 
12461.2038       16692.4468       1.2651e-08       -0.5990 
12461.2038       16692.4468       1.5814e-08       -0.7489 
12461.2038       16692.4468       1.8976e-08       -0.8990 
12461.2038       16692.4468       2.2139e-08       -1.0491 
12461.2038       16692.4468       2.5301e-08       -1.1993 
12461.2038       16692.4468       2.8463e-08       -1.3496 
12461.2038       16692.4468       3.1626e-08       -1.5000 
12461.2038       16692.4468       3.4788e-08       -1.6504 
12461.2038       16692.4468       3.7950e-08       -1.8010 
12461.2038       16692.4468       4.1113e-08       -1.9516 
12461.2038       16692.4468       4.4275e-08       -2.1023 
12461.2038       16692.4468       4.7437e-08       -2.2531 
12461.2038       16692.4468       5.0600e-08       -2.4039 
12461.2038       16692.4468       5.3762e-08       -2.5549 
12461.2038       16692.4468       5.6925e-08       -2.7059 
16692.4468       22360.9371       0.0000e+00       0.0000 
16692.4468       22360.9371       7.8984e-13       -0.0000 
16692.4468       22360.9371       3.8479e-09       -0.1504 
16692.4468       22360.9371       7.6949e-09       -0.3007 
16692.4468       22360.9371       1.1542e-08       -0.4510 
16692.4468       22360.9371       1.5389e-08       -0.6013 
16692.4468       22360.9371       1.9236e-08       -0.7516 
16692.4468       22360.9371       2.3083e-08       -0.9020 
16692.4468       22360.9371       2.6930e-08       -1.0523 
16692.4468       22360.9371       3.0777e-08       -1.2026 
16692.4468       22360.9371       3.4624e-08       -1.3530 
16692.4468       22360.9371       3.8472e-08       -1.5033 
16692.4468       22360.9371       4.2319e-08       -1.6536 
16692.4468       22360.9371       4.6166e-08       -1.8039 
16692.4468       22360.9371       5.0013e-08       -1.9543 
16692.4468       22360.9371       5.3860e-08       -2.1046 
16692.4468       22360.9371       5.7707e-08       -2.2549 
16692.4468       22360.9371       6.1554e-08       -2.4052 
16692.4468       22360.9371       6.5401e-08       -2.5556 
16692.4468       22360.9371       6.9248e-08       -2.7059 
22360.9371       29953.6672       0.0000e+00       -0.0854 
22360.9371       29953.6672       3.2866e-13       -0.0854 
22360.9371       29953.6672       9.3978e-09       0.0000 
22360.9371       29953.6672       1.8795e-08       -0.0053 
22360.9371       29953.6672       2.8193e-08       -0.0640 
22360.9371       29953.6672       3.7590e-08       -0.1577 
22360.9371       29953.6672       4.6988e-08       -0.2764 
22360.9371       29953.6672       5.6385e-08       -0.4135 
22360.9371       29953.6672       6.5782e-08       -0.5651 
22360.9371       29953.6672       7.5180e-08       -0.7281 
22360.9371       29953.6672       8.4577e-08       -0.9005 
22360.9371       29953.6672       9.3975e-08       -1.0807 
22360.9371       29953.6672       1.0337e-07       -1.2674 
22360.9371       29953.6672       1.1277e-07       -1.4599 
22360.9371       29953.6672       1.2217e-07       -1.6571 
22360.9371       29953.6672       1.3156e-07       -1.8587 
22360.9371       29953.6672       1.4096e-07       -2.0641 
22360.9371       29953.6672       1.5036e-07       -2.2728 
22360.9371       29953.6672       1.5976e-07       -2.4845 
22360.9371       29953.6672       1.6915e-07       -2.6989 
29953.6672       40124.5339       0.0000e+00       0.0000 
29953.6672       40124.5339       1.3672e-13       -0.0000 
29953.6672       40124.5339       6.9267e-09       -0.1503 
29953.6672       40124.5339       1.3853e-08       -0.3005 
29953.6672       40124.5339       2.0780e-08       -0.4508 
29953.6672       40124.5339       2.7706e-08       -0.6011 
29953.6672       40124.5339       3.4633e-08       -0.7513 
29953.6672       40124.5339       4.1559e-08       -0.9016 
29953.6672       40124.5339       4.8486e-08       -1.0519 
29953.6672       40124.5339       5.5413e-08       -1.2023 
29953.6672       40124.5339       6.2339e-08       -1.3526 
29953.6672       40124.5339       6.9266e-08       -1.5029 
29953.6672       40124.5339       7.6192e-08       -1.6533 
29953.6672       40124.5339       8.3119e-08       -1.8036 
29953.6672       40124.5339       9.0045e-08       -1.9540 
29953.6672       40124.5339       9.6972e-08       -2.1043 
29953.6672       40124.5339       1.0390e-07       -2.2547 
29953.6672       40124.5339       1.1083e-07       -2.4051 
29953.6672       40124.5339       1.1775e-07       -2.5555 
29953.6672       40124.5339       1.2468e-07       -2.7059 
40124.5339       53748.9519       0.0000e+00       -0.0000 
40124.5339       53748.9519       5.6881e-14       0.0000 
40124.5339       53748.9519       9.0741e-09       -0.1503 
40124.5339       53748.9519       1.8148e-08       -0.3007 
40124.5339       53748.9519       2.7222e-08       -0.4510 
40124.5339       53748.9519       3.6296e-08       -0.6013 
40124.5339       53748.9519       4.5370e-08       -0.7516 
40124.5339       53748.9519       5.4444e-08       -0.9020 
40124.5339       53748.9519       6.3519e-08       -1.0523 
40124.5339       53748.9519       7.2593e-08       -1.2026 
40124.5339       53748.9519       8.1667e-08       -1.3529 
40124.5339       53748.9519       9.0741e-08       -1.5033 
40124.5339       53748.9519       9.9815e-08       -1.6536 
40124.5339       53748.9519       1.0889e-07       -1.8039 
40124.5339       53748.9519       1.1796e-07       -1.9543 
40124.5339       53748.9519       1.2704e-07       -2.1046 
40124.5339       53748.9519       1.3611e-07       -2.2549 
40124.5339       53748.9519       1.4519e-07       -2.4052 
40124.5339       53748.9519       1.5426e-07       -2.5556 
40124.5339       53748.9519       1.6333e-07       -2.7059 
53748.9519       72001.2440       0.0000e+00       -0.0000 
53748.9519       72001.2440       2.3666e-14       0.0000 
53748.9519       72001.2440       1.2210e-08       -0.1503 
53748.9519       72001.2440       2.4421e-08       -0.3006 
53748.9519       72001.2440       3.6631e-08       -0.4510 
53748.9519       72001.2440       4.8841e-08       -0.6013 
53748.9519       72001.2440       6.1051e-08       -0.7516 
53748.9519       72001.2440       7.3262e-08       -0.9019 
53748.9519       72001.2440       8.5472e-08       -1.0523 
53748.9519       72001.2440       9.7682e-08       -1.2026 
53748.9519       72001.2440       1.0989e-07       -1.3529 
53748.9519       72001.2440       1.2210e-07       -1.5032 
53748.9519       72001.2440       1.3431e-07       -1.6536 
53748.9519       72001.2440       1.4652e-07       -1.8039 
53748.9519       72001.2440       1.5873e-07       -1.9542 
53748.9519       72001.2440       1.7094e-07       -2.1046 
53748.9519       72001.2440       1.8315e-07       -2.2549 
53748.9519       72001.2440       1.9536e-07       -2.4052 
53748.9519       72001.2440       2.0757e-07       -2.5556 
53748.9519       72001.2440       2.1978e-07       -2.7059 
72001.2440       96449.5043       0.0000e+00       -0.0000 
72001.2440       96449.5043       9.8444e-15       0.0000 
72001.2440       96449.5043       1.6690e-08       -0.1503 
72001.2440       96449.5043       3.3380e-08       -0.3005 
72001.2440       96449.5043       5.0070e-08       -0.4508 
72001.2440       96449.5043       6.6759e-08       -0.6011 
72001.2440       96449.5043       8.3449e-08       -0.7514 
72001.2440       96449.5043       1.0014e-07       -0.9017 
72001.2440       96449.5043       1.1683e-07       -1.0520 
72001.2440       96449.5043       1.3352e-07       -1.2023 
72001.2440       96449.5043       1.5021e-07       -1.3526 
72001.2440       96449.5043       1.6690e-07       -1.5029 
72001.2440       96449.5043       1.8359e-07       -1.6533 
72001.2440       96449.5043       2.0028e-07       -1.8036 
72001.2440       96449.5043       2.1697e-07       -1.9540 
72001.2440       96449.5043       2.3366e-07       -2.1043 
72001.2440       96449.5043       2.5035e-07       -2.2547 
72001.2440       96449.5043       2.6704e-07       -2.4051 
72001.2440       96449.5043       2.8373e-07       -2.5555 
72001.2440       96449.5043       3.0042e-07       -2.7059 
96449.5043       129199.2522       0.0000e+00       -0.0000 
96449.5043       129199.2522       4.0955e-15       0.0000 
96449.5043       129199.2522       2.2034e-08       -0.1503 
96449.5043       129199.2522       4.4068e-08       -0.3007 
96449.5043       129199.2522       6.6102e-08       -0.4510 
96449.5043       129199.2522       8.8135e-08       -0.6013 
96449.5043       129199.2522       1.1017e-07       -0.7516 
96449.5043       129199.2522       1.3220e-07       -0.9020 
96449.5043       129199.2522       1.5424e-07       -1.0523 
96449.5043       129199.2522       1.7627e-07       -1.2026 
96449.5043       129199.2522       1.9830e-07       -1.3529 
96449.5043       129199.2522       2.2034e-07       -1.5033 
96449.5043       129199.2522       2.4237e-07       -1.6536 
96449.5043       129199.2522       2.6441e-07       -1.8039 
96449.5043       129199.2522       2.8644e-07       -1.9543 
96449.5043       129199.2522       3.0847e-07       -2.1046 
96449.5043       129199.2522       3.3051e-07       -2.2549 
96449.5043       129199.2522       3.5254e-07       -2.4052 
96449.5043       129199.2522       3.7458e-07       -2.5556 
96449.5043       129199.2522       3.9661e-07       -2.7059 
129199.2522       173069.2852       0.0000e+00       -0.0000 
129199.2522       173069.2852       1.7039e-15       0.0000 
129199.2522       173069.2852       3.0595e-08       -0.1501 
129199.2522       173069.2852       6.1190e-08       -0.3003 
129199.2522       173069.2852       9.1785e-08       -0.4505 
129199.2522       173069.2852       1.2238e-07       -0.6007 
129199.2522       173069.2852       1.5297e-07       -0.7510 
129199.2522       173069.2852       1.8357e-07       -0.9012 
129199.2522       173069.2852       2.1416e-07       -1.0515 
129199.2522       173069.2852       2.4476e-07       -1.2018 
129199.2522       173069.2852       2.7535e-07       -1.3521 
129199.2522       173069.2852       3.0595e-07       -1.5025 
129199.2522       173069.2852       3.3654e-07       -1.6528 
129199.2522       173069.2852       3.6714e-07       -1.8032 
129199.2522       173069.2852       3.9773e-07       -1.9536 
129199.2522       173069.2852       4.2833e-07       -2.1040 
129199.2522       173069.2852       4.5892e-07       -2.2545 
129199.2522       173069.2852       4.8952e-07       -2.4049 
129199.2522       173069.2852       5.2011e-07       -2.5554 
129199.2522       173069.2852       5.5071e-07       -2.7059 
173069.2852       231840.8711       0.0000e+00       -0.0000 
173069.2852       231840.8711       7.0889e-16       0.0000 
173069.2852       231840.8711       3.9930e-08       -0.1503 
173069.2852       231840.8711       7.9859e-08       -0.3007 
173069.2852       231840.8711       1.1979e-07       -0.4510 
173069.2852       231840.8711       1.5972e-07       -0.6013 
173069.2852       231840.8711       1.9965e-07       -0.7516 
173069.2852       231840.8711       2.3958e-07       -0.9020 
173069.2852       231840.8711       2.7951e-07       -1.0523 
173069.2852       231840.8711       3.1944e-07       -1.2026 
173069.2852       231840.8711       3.5937e-07       -1.3530 
173069.2852       231840.8711       3.9930e-07       -1.5033 
173069.2852       231840.8711       4.3923e-07       -1.6536 
173069.2852       231840.8711       4.7916e-07       -1.8039 
173069.2852       231840.8711       5.1908e-07       -1.9543 
173069.2852       231840.8711       5.5901e-07       -2.1046 
173069.2852       231840.8711       5.9894e-07       -2.2549 
173069.2852       231840.8711       6.3887e-07       -2.4052 
173069.2852       231840.8711       6.7880e-07       -2.5556 
173069.2852       231840.8711       7.1873e-07       -2.7059 
231840.8711       310563.2050       0.0000e+00       -0.0000 
231840.8711       310563.2050       2.9488e-16       0.0000 
231840.8711       310563.2050       5.3698e-08       -0.1503 
231840.8711       310563.2050       1.0740e-07       -0.3007 
231840.8711       310563.2050       1.6109e-07       -0.4510 
231840.8711       310563.2050       2.1479e-07       -0.6013 
231840.8711       310563.2050       2.6849e-07       -0.7516 
231840.8711       310563.2050       3.2219e-07       -0.9020 
231840.8711       310563.2050       3.7589e-07       -1.0523 
231840.8711       310563.2050       4.2958e-07       -1.2026 
231840.8711       310563.2050       4.8328e-07       -1.3529 
231840.8711       310563.2050       5.3698e-07       -1.5033 
231840.8711       310563.2050       5.9068e-07       -1.6536 
231840.8711       310563.2050       6.4438e-07       -1.8039 
231840.8711       310563.2050       6.9807e-07       -1.9543 
231840.8711       310563.2050       7.5177e-07       -2.1046 
231840.8711       310563.2050       8.0547e-07       -2.2549 
231840.8711       310563.2050       8.5917e-07       -2.4052 
231840.8711       310563.2050       9.1287e-07       -2.5556 
231840.8711       310563.2050       9.6656e-07       -2.7059 
310563.2050       416015.9675       0.0000e+00       -0.0000 
310563.2050       416015.9675       1.2268e-16       0.0000 
310563.2050       416015.9675       7.2355e-08       -0.1503 
310563.2050       416015.9675       1.4471e-07       -0.3007 
310563.2050       416015.9675       2.1706e-07       -0.4510 
310563.2050       416015.9675       2.8942e-07       -0.6013 
310563.2050       416015.9675       3.6177e-07       -0.7516 
310563.2050       416015.9675       4.3413e-07       -0.9020 
310563.2050       416015.9675       5.0648e-07       -1.0523 
310563.2050       416015.9675       5.7884e-07       -1.2026 
310563.2050       416015.9675       6.5119e-07       -1.3529 
310563.2050       416015.9675       7.2355e-07       -1.5033 
310563.2050       416015.9675       7.9590e-07       -1.6536 
310563.2050       416015.9675       8.6826e-07       -1.8039 
310563.2050       416015.9675       9.4061e-07       -1.9543 
310563.2050       416015.9675       1.0130e-06       -2.1046 
310563.2050       416015.9675       1.0853e-06       -2.2549 
310563.2050       416015.9675       1.1577e-06       -2.4052 
310563.2050       416015.9675       1.2300e-06       -2.5556 
310563.2050       416015.9675       1.3024e-06       -2.7059 
416015.9675       557275.5639       0.0000e+00       -0.0000 
416015.9675       557275.5639       5.1038e-17       0.0000 
416015.9675       557275.5639       9.8057e-08       -0.1503 
416015.9675       557275.5639       1.9611e-07       -0.3007 
416015.9675       557275.5639       2.9417e-07       -0.4510 
416015.9675       557275.5639       3.9223e-07       -0.6013 
416015.9675       557275.5639       4.9028e-07       -0.7516 
416015.9675       557275.5639       5.8834e-07       -0.9020 
416015.9675       557275.5639       6.8640e-07       -1.0523 
416015.9675       557275.5639       7.8445e-07       -1.2026 
416015.9675       557275.5639       8.8251e-07       -1.3529 
416015.9675       557275.5639       9.8057e-07       -1.5033 
416015.9675       557275.5639       1.0786e-06       -1.6536 
416015.9675       557275.5639       1.1767e-06       -1.8039 
416015.9675       557275.5639       1.2747e-06       -1.9543 
416015.9675       557275.5639       1.3728e-06       -2.1046 
416015.9675       557275.5639       1.4708e-06       -2.2549 
416015.9675       557275.5639       1.5689e-06       -2.4052 
416015.9675       557275.5639       1.6670e-06       -2.5556 
416015.9675       557275.5639       1.7650e-06       -2.7059 
557275.5639       746517.5120       0.0000e+00       -0.0000 
557275.5639       746517.5120       2.1234e-17       0.0000 
557275.5639       746517.5120       1.3405e-07       -0.1503 
557275.5639       746517.5120       2.6810e-07       -0.3007 
557275.5639       746517.5120       4.0215e-07       -0.4510 
557275.5639       746517.5120       5.3620e-07       -0.6013 
557275.5639       746517.5120       6.7025e-07       -0.7516 
557275.5639       746517.5120       8.0430e-07       -0.9020 
557275.5639       746517.5120       9.3835e-07       -1.0523 
557275.5639       746517.5120       1.0724e-06       -1.2026 
557275.5639       746517.5120       1.2064e-06       -1.3529 
557275.5639       746517.5120       1.3405e-06       -1.5033 
557275.5639       746517.5120       1.4745e-06       -1.6536 
557275.5639       746517.5120       1.6086e-06       -1.8039 
557275.5639       746517.5120       1.7426e-06       -1.9543 
557275.5639       746517.5120       1.8767e-06       -2.1046 
557275.5639       746517.5120       2.0107e-06       -2.2549 
557275.5639       746517.5120       2.1448e-06       -2.4052 
557275.5639       746517.5120       2.2788e-06       -2.5556 
557275.5639       746517.5120       2.4129e-06       -2.7059 
746517.5120       1000000.0000       0.0000e+00       -0.0000 
746517.5120       1000000.0000       8.8330e-18       0.0000 
746517.5120       1000000.0000       1.9154e-07       -0.1503 
746517.5120       1000000.0000       3.8309e-07       -0.3007 
746517.5120       1000000.0000       5.7463e-07       -0.4510 
746517.5120       1000000.0000       7.6618e-07       -0.6013 
746517.5120       1000000.0000       9.5772e-07       -0.7516 
746517.5120       1000000.0000       1.1493e-06       -0.9020 
746517.5120       1000000.0000       1.3408e-06       -1.0523 
746517.5120       1000000.0000       1.5324e-06       -1.2026 
746517.5120       1000000.0000       1.7239e-06       -1.3529 
746517.5120       1000000.0000       1.9154e-06       -1.5033 
746517.5120       1000000.0000       2.1070e-06       -1.6536 
746517.5120       1000000.0000       2.2985e-06       -1.8039 
746517.5120       1000000.0000       2.4901e-06       -1.9543 
746517.5120       1000000.0000       2.6816e-06       -2.1046 
746517.5120       1000000.0000       2.8732e-06       -2.2549 
746517.5120       1000000.0000       3.0647e-06       -2.4052 
746517.5120       1000000.0000       3.2563e-06       -2.5556 
746517.5120       1000000.0000       3.4478e-06       -2.7059 
