#Hercules  Log10(Jfactor)=17.370   sigmaJ=0.530 
#[0]emin(MeV) [1]emax(MeV) [2]eflux(MeV/cm^2/s) [3]deltaLogLike 
500.0000       669.7766       0.0000e+00       0.0000 
500.0000       669.7766       1.1011e-13       -0.0000 
500.0000       669.7766       4.7176e-09       -0.0964 
500.0000       669.7766       9.4351e-09       -0.1995 
500.0000       669.7766       1.4153e-08       -0.3093 
500.0000       669.7766       1.8870e-08       -0.4258 
500.0000       669.7766       2.3588e-08       -0.5487 
500.0000       669.7766       2.8305e-08       -0.6780 
500.0000       669.7766       3.3023e-08       -0.8137 
500.0000       669.7766       3.7740e-08       -0.9557 
500.0000       669.7766       4.2458e-08       -1.1039 
500.0000       669.7766       4.7175e-08       -1.2582 
500.0000       669.7766       5.1893e-08       -1.4185 
500.0000       669.7766       5.6610e-08       -1.5848 
500.0000       669.7766       6.1328e-08       -1.7570 
500.0000       669.7766       6.6045e-08       -1.9351 
500.0000       669.7766       7.0763e-08       -2.1190 
500.0000       669.7766       7.5480e-08       -2.3085 
500.0000       669.7766       8.0198e-08       -2.5037 
500.0000       669.7766       8.4915e-08       -2.7045 
669.7766       897.2222       0.0000e+00       -0.4140 
669.7766       897.2222       3.8561e-08       0.0000 
669.7766       897.2222       4.4742e-08       -0.0088 
669.7766       897.2222       5.0923e-08       -0.0366 
669.7766       897.2222       5.7104e-08       -0.0830 
669.7766       897.2222       6.3285e-08       -0.1473 
669.7766       897.2222       6.9465e-08       -0.2291 
669.7766       897.2222       7.5646e-08       -0.3279 
669.7766       897.2222       8.1827e-08       -0.4434 
669.7766       897.2222       8.8008e-08       -0.5751 
669.7766       897.2222       9.4189e-08       -0.7226 
669.7766       897.2222       1.0037e-07       -0.8855 
669.7766       897.2222       1.0655e-07       -1.0634 
669.7766       897.2222       1.1273e-07       -1.2562 
669.7766       897.2222       1.1891e-07       -1.4633 
669.7766       897.2222       1.2509e-07       -1.6845 
669.7766       897.2222       1.3127e-07       -1.9195 
669.7766       897.2222       1.3745e-07       -2.1680 
669.7766       897.2222       1.4364e-07       -2.4298 
669.7766       897.2222       1.4982e-07       -2.7046 
897.2222       1201.8769       0.0000e+00       -1.7122 
897.2222       1201.8769       6.9169e-09       -1.3217 
897.2222       1201.8769       1.3834e-08       -0.9899 
897.2222       1201.8769       2.0751e-08       -0.7123 
897.2222       1201.8769       2.7668e-08       -0.4851 
897.2222       1201.8769       3.4584e-08       -0.3050 
897.2222       1201.8769       4.1501e-08       -0.1689 
897.2222       1201.8769       4.8418e-08       -0.0742 
897.2222       1201.8769       5.5335e-08       -0.0186 
897.2222       1201.8769       6.2252e-08       0.0000 
897.2222       1201.8769       7.1761e-08       -0.0313 
897.2222       1201.8769       8.1269e-08       -0.1245 
897.2222       1201.8769       9.0778e-08       -0.2759 
897.2222       1201.8769       1.0029e-07       -0.4818 
897.2222       1201.8769       1.0980e-07       -0.7393 
897.2222       1201.8769       1.1930e-07       -1.0455 
897.2222       1201.8769       1.2881e-07       -1.3981 
897.2222       1201.8769       1.3832e-07       -1.7947 
897.2222       1201.8769       1.4783e-07       -2.2333 
897.2222       1201.8769       1.5734e-07       -2.7120 
1201.8769       1609.9782       0.0000e+00       -0.0594 
1201.8769       1609.9782       9.4138e-09       0.0000 
1201.8769       1609.9782       1.3623e-08       -0.0118 
1201.8769       1609.9782       1.7832e-08       -0.0450 
1201.8769       1609.9782       2.2040e-08       -0.0982 
1201.8769       1609.9782       2.6249e-08       -0.1702 
1201.8769       1609.9782       3.0458e-08       -0.2600 
1201.8769       1609.9782       3.4667e-08       -0.3666 
1201.8769       1609.9782       3.8876e-08       -0.4891 
1201.8769       1609.9782       4.3085e-08       -0.6268 
1201.8769       1609.9782       4.7294e-08       -0.7789 
1201.8769       1609.9782       5.1502e-08       -0.9448 
1201.8769       1609.9782       5.5711e-08       -1.1239 
1201.8769       1609.9782       5.9920e-08       -1.3156 
1201.8769       1609.9782       6.4129e-08       -1.5194 
1201.8769       1609.9782       6.8338e-08       -1.7350 
1201.8769       1609.9782       7.2547e-08       -1.9617 
1201.8769       1609.9782       7.6756e-08       -2.1993 
1201.8769       1609.9782       8.0965e-08       -2.4473 
1201.8769       1609.9782       8.5173e-08       -2.7054 
1609.9782       2156.6516       0.0000e+00       -0.0358 
1609.9782       2156.6516       6.9310e-09       0.0000 
1609.9782       2156.6516       1.1073e-08       -0.0134 
1609.9782       2156.6516       1.5214e-08       -0.0499 
1609.9782       2156.6516       1.9356e-08       -0.1075 
1609.9782       2156.6516       2.3497e-08       -0.1845 
1609.9782       2156.6516       2.7639e-08       -0.2794 
1609.9782       2156.6516       3.1781e-08       -0.3911 
1609.9782       2156.6516       3.5922e-08       -0.5183 
1609.9782       2156.6516       4.0064e-08       -0.6603 
1609.9782       2156.6516       4.4205e-08       -0.8161 
1609.9782       2156.6516       4.8347e-08       -0.9850 
1609.9782       2156.6516       5.2489e-08       -1.1662 
1609.9782       2156.6516       5.6630e-08       -1.3593 
1609.9782       2156.6516       6.0772e-08       -1.5635 
1609.9782       2156.6516       6.4914e-08       -1.7784 
1609.9782       2156.6516       6.9055e-08       -2.0035 
1609.9782       2156.6516       7.3197e-08       -2.2385 
1609.9782       2156.6516       7.7338e-08       -2.4829 
1609.9782       2156.6516       8.1480e-08       -2.7362 
2156.6516       2889.0164       0.0000e+00       -3.5898 
2156.6516       2889.0164       7.0313e-09       -2.7016 
2156.6516       2889.0164       1.4856e-08       -1.9301 
2156.6516       2889.0164       2.2681e-08       -1.3337 
2156.6516       2889.0164       3.0506e-08       -0.8764 
2156.6516       2889.0164       3.8331e-08       -0.5333 
2156.6516       2889.0164       4.6155e-08       -0.2863 
2156.6516       2889.0164       5.3980e-08       -0.1218 
2156.6516       2889.0164       6.1805e-08       -0.0292 
2156.6516       2889.0164       6.9630e-08       0.0000 
2156.6516       2889.0164       7.8599e-08       -0.0358 
2156.6516       2889.0164       8.7568e-08       -0.1376 
2156.6516       2889.0164       9.6537e-08       -0.2985 
2156.6516       2889.0164       1.0551e-07       -0.5127 
2156.6516       2889.0164       1.1447e-07       -0.7754 
2156.6516       2889.0164       1.2344e-07       -1.0826 
2156.6516       2889.0164       1.3241e-07       -1.4306 
2156.6516       2889.0164       1.4138e-07       -1.8164 
2156.6516       2889.0164       1.5035e-07       -2.2373 
2156.6516       2889.0164       1.5932e-07       -2.6909 
2889.0164       3869.9914       0.0000e+00       -0.3268 
2889.0164       3869.9914       1.6358e-08       0.0000 
2889.0164       3869.9914       2.0418e-08       -0.0140 
2889.0164       3869.9914       2.4477e-08       -0.0539 
2889.0164       3869.9914       2.8536e-08       -0.1163 
2889.0164       3869.9914       3.2596e-08       -0.1987 
2889.0164       3869.9914       3.6655e-08       -0.2990 
2889.0164       3869.9914       4.0715e-08       -0.4155 
2889.0164       3869.9914       4.4774e-08       -0.5467 
2889.0164       3869.9914       4.8834e-08       -0.6915 
2889.0164       3869.9914       5.2893e-08       -0.8487 
2889.0164       3869.9914       5.6953e-08       -1.0175 
2889.0164       3869.9914       6.1012e-08       -1.1970 
2889.0164       3869.9914       6.5072e-08       -1.3867 
2889.0164       3869.9914       6.9131e-08       -1.5857 
2889.0164       3869.9914       7.3191e-08       -1.7937 
2889.0164       3869.9914       7.7250e-08       -2.0100 
2889.0164       3869.9914       8.1309e-08       -2.2343 
2889.0164       3869.9914       8.5369e-08       -2.4661 
2889.0164       3869.9914       8.9428e-08       -2.7051 
3869.9914       5184.0598       0.0000e+00       0.0000 
3869.9914       5184.0598       2.4912e-14       -0.0000 
3869.9914       5184.0598       3.3913e-09       -0.0554 
3869.9914       5184.0598       6.7826e-09       -0.1317 
3869.9914       5184.0598       1.0174e-08       -0.2252 
3869.9914       5184.0598       1.3565e-08       -0.3332 
3869.9914       5184.0598       1.6957e-08       -0.4536 
3869.9914       5184.0598       2.0348e-08       -0.5850 
3869.9914       5184.0598       2.3739e-08       -0.7259 
3869.9914       5184.0598       2.7130e-08       -0.8755 
3869.9914       5184.0598       3.0522e-08       -1.0327 
3869.9914       5184.0598       3.3913e-08       -1.1970 
3869.9914       5184.0598       3.7304e-08       -1.3677 
3869.9914       5184.0598       4.0696e-08       -1.5443 
3869.9914       5184.0598       4.4087e-08       -1.7263 
3869.9914       5184.0598       4.7478e-08       -1.9134 
3869.9914       5184.0598       5.0870e-08       -2.1051 
3869.9914       5184.0598       5.4261e-08       -2.3013 
3869.9914       5184.0598       5.7652e-08       -2.5016 
3869.9914       5184.0598       6.1044e-08       -2.7058 
5184.0598       6944.3244       0.0000e+00       0.0000 
5184.0598       6944.3244       8.9807e-14       -0.0000 
5184.0598       6944.3244       3.0612e-09       -0.1321 
5184.0598       6944.3244       6.1223e-09       -0.2668 
5184.0598       6944.3244       9.1833e-09       -0.4040 
5184.0598       6944.3244       1.2244e-08       -0.5436 
5184.0598       6944.3244       1.5306e-08       -0.6856 
5184.0598       6944.3244       1.8367e-08       -0.8298 
5184.0598       6944.3244       2.1428e-08       -0.9761 
5184.0598       6944.3244       2.4489e-08       -1.1244 
5184.0598       6944.3244       2.7550e-08       -1.2747 
5184.0598       6944.3244       3.0611e-08       -1.4269 
5184.0598       6944.3244       3.3672e-08       -1.5810 
5184.0598       6944.3244       3.6733e-08       -1.7368 
5184.0598       6944.3244       3.9794e-08       -1.8943 
5184.0598       6944.3244       4.2855e-08       -2.0534 
5184.0598       6944.3244       4.5916e-08       -2.2141 
5184.0598       6944.3244       4.8977e-08       -2.3764 
5184.0598       6944.3244       5.2039e-08       -2.5402 
5184.0598       6944.3244       5.5100e-08       -2.7054 
6944.3244       9302.5069       0.0000e+00       -0.7884 
6944.3244       9302.5069       2.5495e-09       -0.5670 
6944.3244       9302.5069       5.0991e-09       -0.3999 
6944.3244       9302.5069       7.6486e-09       -0.2732 
6944.3244       9302.5069       1.0198e-08       -0.1777 
6944.3244       9302.5069       1.2748e-08       -0.1072 
6944.3244       9302.5069       1.5297e-08       -0.0571 
6944.3244       9302.5069       1.7847e-08       -0.0242 
6944.3244       9302.5069       2.0396e-08       -0.0058 
6944.3244       9302.5069       2.2946e-08       0.0000 
6944.3244       9302.5069       3.1649e-08       -0.0547 
6944.3244       9302.5069       4.0353e-08       -0.1956 
6944.3244       9302.5069       4.9056e-08       -0.3979 
6944.3244       9302.5069       5.7760e-08       -0.6466 
6944.3244       9302.5069       6.6464e-08       -0.9316 
6944.3244       9302.5069       7.5167e-08       -1.2457 
6944.3244       9302.5069       8.3871e-08       -1.5840 
6944.3244       9302.5069       9.2574e-08       -1.9425 
6944.3244       9302.5069       1.0128e-07       -2.3182 
6944.3244       9302.5069       1.0998e-07       -2.7088 
9302.5069       12461.2038       0.0000e+00       -0.0000 
9302.5069       12461.2038       4.4567e-15       0.0000 
9302.5069       12461.2038       3.0963e-09       -0.1498 
9302.5069       12461.2038       6.1927e-09       -0.2996 
9302.5069       12461.2038       9.2890e-09       -0.4495 
9302.5069       12461.2038       1.2385e-08       -0.5995 
9302.5069       12461.2038       1.5482e-08       -0.7495 
9302.5069       12461.2038       1.8578e-08       -0.8996 
9302.5069       12461.2038       2.1674e-08       -1.0498 
9302.5069       12461.2038       2.4771e-08       -1.2001 
9302.5069       12461.2038       2.7867e-08       -1.3504 
9302.5069       12461.2038       3.0963e-08       -1.5007 
9302.5069       12461.2038       3.4060e-08       -1.6511 
9302.5069       12461.2038       3.7156e-08       -1.8016 
9302.5069       12461.2038       4.0252e-08       -1.9522 
9302.5069       12461.2038       4.3349e-08       -2.1028 
9302.5069       12461.2038       4.6445e-08       -2.2535 
9302.5069       12461.2038       4.9541e-08       -2.4042 
9302.5069       12461.2038       5.2638e-08       -2.5550 
9302.5069       12461.2038       5.5734e-08       -2.7059 
12461.2038       16692.4468       0.0000e+00       -0.0000 
12461.2038       16692.4468       3.5037e-15       0.0000 
12461.2038       16692.4468       4.3102e-09       -0.1492 
12461.2038       16692.4468       8.6205e-09       -0.2986 
12461.2038       16692.4468       1.2931e-08       -0.4481 
12461.2038       16692.4468       1.7241e-08       -0.5978 
12461.2038       16692.4468       2.1551e-08       -0.7476 
12461.2038       16692.4468       2.5861e-08       -0.8975 
12461.2038       16692.4468       3.0172e-08       -1.0475 
12461.2038       16692.4468       3.4482e-08       -1.1977 
12461.2038       16692.4468       3.8792e-08       -1.3479 
12461.2038       16692.4468       4.3102e-08       -1.4983 
12461.2038       16692.4468       4.7413e-08       -1.6489 
12461.2038       16692.4468       5.1723e-08       -1.7995 
12461.2038       16692.4468       5.6033e-08       -1.9503 
12461.2038       16692.4468       6.0343e-08       -2.1012 
12461.2038       16692.4468       6.4654e-08       -2.2522 
12461.2038       16692.4468       6.8964e-08       -2.4033 
12461.2038       16692.4468       7.3274e-08       -2.5545 
12461.2038       16692.4468       7.7584e-08       -2.7059 
16692.4468       22360.9371       0.0000e+00       -0.0000 
16692.4468       22360.9371       2.5396e-14       0.0000 
16692.4468       22360.9371       7.4860e-09       -0.1185 
16692.4468       22360.9371       1.4972e-08       -0.2430 
16692.4468       22360.9371       2.2458e-08       -0.3729 
16692.4468       22360.9371       2.9944e-08       -0.5076 
16692.4468       22360.9371       3.7430e-08       -0.6465 
16692.4468       22360.9371       4.4916e-08       -0.7891 
16692.4468       22360.9371       5.2402e-08       -0.9353 
16692.4468       22360.9371       5.9888e-08       -1.0846 
16692.4468       22360.9371       6.7374e-08       -1.2367 
16692.4468       22360.9371       7.4860e-08       -1.3915 
16692.4468       22360.9371       8.2346e-08       -1.5488 
16692.4468       22360.9371       8.9832e-08       -1.7083 
16692.4468       22360.9371       9.7318e-08       -1.8699 
16692.4468       22360.9371       1.0480e-07       -2.0334 
16692.4468       22360.9371       1.1229e-07       -2.1988 
16692.4468       22360.9371       1.1978e-07       -2.3659 
16692.4468       22360.9371       1.2726e-07       -2.5347 
16692.4468       22360.9371       1.3475e-07       -2.7049 
22360.9371       29953.6672       0.0000e+00       -0.0000 
22360.9371       29953.6672       1.0501e-14       0.0000 
22360.9371       29953.6672       6.3247e-09       -0.1503 
22360.9371       29953.6672       1.2649e-08       -0.3007 
22360.9371       29953.6672       1.8974e-08       -0.4510 
22360.9371       29953.6672       2.5299e-08       -0.6013 
22360.9371       29953.6672       3.1623e-08       -0.7516 
22360.9371       29953.6672       3.7948e-08       -0.9020 
22360.9371       29953.6672       4.4273e-08       -1.0523 
22360.9371       29953.6672       5.0597e-08       -1.2026 
22360.9371       29953.6672       5.6922e-08       -1.3529 
22360.9371       29953.6672       6.3247e-08       -1.5033 
22360.9371       29953.6672       6.9571e-08       -1.6536 
22360.9371       29953.6672       7.5896e-08       -1.8039 
22360.9371       29953.6672       8.2221e-08       -1.9543 
22360.9371       29953.6672       8.8545e-08       -2.1046 
22360.9371       29953.6672       9.4870e-08       -2.2549 
22360.9371       29953.6672       1.0119e-07       -2.4052 
22360.9371       29953.6672       1.0752e-07       -2.5556 
22360.9371       29953.6672       1.1384e-07       -2.7059 
29953.6672       40124.5339       0.0000e+00       -0.0000 
29953.6672       40124.5339       1.8732e-15       0.0000 
29953.6672       40124.5339       8.2687e-09       -0.1503 
29953.6672       40124.5339       1.6537e-08       -0.3007 
29953.6672       40124.5339       2.4806e-08       -0.4510 
29953.6672       40124.5339       3.3075e-08       -0.6013 
29953.6672       40124.5339       4.1343e-08       -0.7516 
29953.6672       40124.5339       4.9612e-08       -0.9020 
29953.6672       40124.5339       5.7881e-08       -1.0523 
29953.6672       40124.5339       6.6150e-08       -1.2026 
29953.6672       40124.5339       7.4418e-08       -1.3529 
29953.6672       40124.5339       8.2687e-08       -1.5033 
29953.6672       40124.5339       9.0956e-08       -1.6536 
29953.6672       40124.5339       9.9224e-08       -1.8039 
29953.6672       40124.5339       1.0749e-07       -1.9543 
29953.6672       40124.5339       1.1576e-07       -2.1046 
29953.6672       40124.5339       1.2403e-07       -2.2549 
29953.6672       40124.5339       1.3230e-07       -2.4052 
29953.6672       40124.5339       1.4057e-07       -2.5556 
29953.6672       40124.5339       1.4884e-07       -2.7059 
40124.5339       53748.9519       0.0000e+00       -0.0690 
40124.5339       53748.9519       2.3941e-08       0.0000 
40124.5339       53748.9519       4.1735e-08       -0.0257 
40124.5339       53748.9519       5.9529e-08       -0.0905 
40124.5339       53748.9519       7.7323e-08       -0.1825 
40124.5339       53748.9519       9.5117e-08       -0.2946 
40124.5339       53748.9519       1.1291e-07       -0.4220 
40124.5339       53748.9519       1.3070e-07       -0.5616 
40124.5339       53748.9519       1.4850e-07       -0.7110 
40124.5339       53748.9519       1.6629e-07       -0.8686 
40124.5339       53748.9519       1.8409e-07       -1.0331 
40124.5339       53748.9519       2.0188e-07       -1.2034 
40124.5339       53748.9519       2.1967e-07       -1.3788 
40124.5339       53748.9519       2.3747e-07       -1.5585 
40124.5339       53748.9519       2.5526e-07       -1.7422 
40124.5339       53748.9519       2.7306e-07       -1.9292 
40124.5339       53748.9519       2.9085e-07       -2.1193 
40124.5339       53748.9519       3.0864e-07       -2.3122 
40124.5339       53748.9519       3.2644e-07       -2.5075 
40124.5339       53748.9519       3.4423e-07       -2.7051 
53748.9519       72001.2440       0.0000e+00       -0.0000 
53748.9519       72001.2440       1.3141e-15       0.0000 
53748.9519       72001.2440       1.4687e-08       -0.1503 
53748.9519       72001.2440       2.9374e-08       -0.3007 
53748.9519       72001.2440       4.4061e-08       -0.4510 
53748.9519       72001.2440       5.8748e-08       -0.6013 
53748.9519       72001.2440       7.3435e-08       -0.7516 
53748.9519       72001.2440       8.8122e-08       -0.9020 
53748.9519       72001.2440       1.0281e-07       -1.0523 
53748.9519       72001.2440       1.1750e-07       -1.2026 
53748.9519       72001.2440       1.3218e-07       -1.3529 
53748.9519       72001.2440       1.4687e-07       -1.5033 
53748.9519       72001.2440       1.6156e-07       -1.6536 
53748.9519       72001.2440       1.7624e-07       -1.8039 
53748.9519       72001.2440       1.9093e-07       -1.9543 
53748.9519       72001.2440       2.0562e-07       -2.1046 
53748.9519       72001.2440       2.2031e-07       -2.2549 
53748.9519       72001.2440       2.3499e-07       -2.4052 
53748.9519       72001.2440       2.4968e-07       -2.5556 
53748.9519       72001.2440       2.6437e-07       -2.7059 
72001.2440       96449.5043       0.0000e+00       0.0000 
72001.2440       96449.5043       9.9765e-16       -0.0000 
72001.2440       96449.5043       1.9959e-08       -0.1503 
72001.2440       96449.5043       3.9918e-08       -0.3006 
72001.2440       96449.5043       5.9877e-08       -0.4510 
72001.2440       96449.5043       7.9836e-08       -0.6013 
72001.2440       96449.5043       9.9795e-08       -0.7516 
72001.2440       96449.5043       1.1975e-07       -0.9019 
72001.2440       96449.5043       1.3971e-07       -1.0523 
72001.2440       96449.5043       1.5967e-07       -1.2026 
72001.2440       96449.5043       1.7963e-07       -1.3529 
72001.2440       96449.5043       1.9959e-07       -1.5033 
72001.2440       96449.5043       2.1955e-07       -1.6536 
72001.2440       96449.5043       2.3951e-07       -1.8039 
72001.2440       96449.5043       2.5947e-07       -1.9542 
72001.2440       96449.5043       2.7943e-07       -2.1046 
72001.2440       96449.5043       2.9939e-07       -2.2549 
72001.2440       96449.5043       3.1935e-07       -2.4052 
72001.2440       96449.5043       3.3930e-07       -2.5556 
72001.2440       96449.5043       3.5926e-07       -2.7059 
96449.5043       129199.2522       0.0000e+00       0.0000 
96449.5043       129199.2522       8.0698e-16       -0.0000 
96449.5043       129199.2522       2.6631e-08       -0.1503 
96449.5043       129199.2522       5.3261e-08       -0.3007 
96449.5043       129199.2522       7.9892e-08       -0.4510 
96449.5043       129199.2522       1.0652e-07       -0.6013 
96449.5043       129199.2522       1.3315e-07       -0.7516 
96449.5043       129199.2522       1.5978e-07       -0.9020 
96449.5043       129199.2522       1.8641e-07       -1.0523 
96449.5043       129199.2522       2.1304e-07       -1.2026 
96449.5043       129199.2522       2.3967e-07       -1.3529 
96449.5043       129199.2522       2.6631e-07       -1.5033 
96449.5043       129199.2522       2.9294e-07       -1.6536 
96449.5043       129199.2522       3.1957e-07       -1.8039 
96449.5043       129199.2522       3.4620e-07       -1.9543 
96449.5043       129199.2522       3.7283e-07       -2.1046 
96449.5043       129199.2522       3.9946e-07       -2.2549 
96449.5043       129199.2522       4.2609e-07       -2.4052 
96449.5043       129199.2522       4.5272e-07       -2.5556 
96449.5043       129199.2522       4.7935e-07       -2.7059 
129199.2522       173069.2852       0.0000e+00       0.0000 
129199.2522       173069.2852       6.5247e-16       -0.0000 
129199.2522       173069.2852       3.6115e-08       -0.1503 
129199.2522       173069.2852       7.2230e-08       -0.3007 
129199.2522       173069.2852       1.0834e-07       -0.4510 
129199.2522       173069.2852       1.4446e-07       -0.6013 
129199.2522       173069.2852       1.8057e-07       -0.7516 
129199.2522       173069.2852       2.1669e-07       -0.9020 
129199.2522       173069.2852       2.5280e-07       -1.0523 
129199.2522       173069.2852       2.8892e-07       -1.2026 
129199.2522       173069.2852       3.2503e-07       -1.3529 
129199.2522       173069.2852       3.6115e-07       -1.5033 
129199.2522       173069.2852       3.9726e-07       -1.6536 
129199.2522       173069.2852       4.3338e-07       -1.8039 
129199.2522       173069.2852       4.6949e-07       -1.9542 
129199.2522       173069.2852       5.0561e-07       -2.1046 
129199.2522       173069.2852       5.4172e-07       -2.2549 
129199.2522       173069.2852       5.7784e-07       -2.4052 
129199.2522       173069.2852       6.1395e-07       -2.5556 
129199.2522       173069.2852       6.5007e-07       -2.7059 
173069.2852       231840.8711       0.0000e+00       0.0000 
173069.2852       231840.8711       5.2748e-16       -0.0000 
173069.2852       231840.8711       4.8329e-08       -0.1503 
173069.2852       231840.8711       9.6657e-08       -0.3007 
173069.2852       231840.8711       1.4499e-07       -0.4510 
173069.2852       231840.8711       1.9331e-07       -0.6013 
173069.2852       231840.8711       2.4164e-07       -0.7516 
173069.2852       231840.8711       2.8997e-07       -0.9020 
173069.2852       231840.8711       3.3830e-07       -1.0523 
173069.2852       231840.8711       3.8663e-07       -1.2026 
173069.2852       231840.8711       4.3496e-07       -1.3529 
173069.2852       231840.8711       4.8329e-07       -1.5033 
173069.2852       231840.8711       5.3161e-07       -1.6536 
173069.2852       231840.8711       5.7994e-07       -1.8039 
173069.2852       231840.8711       6.2827e-07       -1.9543 
173069.2852       231840.8711       6.7660e-07       -2.1046 
173069.2852       231840.8711       7.2493e-07       -2.2549 
173069.2852       231840.8711       7.7326e-07       -2.4052 
173069.2852       231840.8711       8.2159e-07       -2.5556 
173069.2852       231840.8711       8.6991e-07       -2.7059 
231840.8711       310563.2050       0.0000e+00       0.0000 
231840.8711       310563.2050       4.1638e-10       -0.0010 
231840.8711       310563.2050       6.5798e-08       -0.1512 
231840.8711       310563.2050       1.3118e-07       -0.3015 
231840.8711       310563.2050       1.9656e-07       -0.4518 
231840.8711       310563.2050       2.6194e-07       -0.6020 
231840.8711       310563.2050       3.2733e-07       -0.7523 
231840.8711       310563.2050       3.9271e-07       -0.9026 
231840.8711       310563.2050       4.5809e-07       -1.0529 
231840.8711       310563.2050       5.2347e-07       -1.2031 
231840.8711       310563.2050       5.8885e-07       -1.3534 
231840.8711       310563.2050       6.5423e-07       -1.5037 
231840.8711       310563.2050       7.1962e-07       -1.6540 
231840.8711       310563.2050       7.8500e-07       -1.8042 
231840.8711       310563.2050       8.5038e-07       -1.9545 
231840.8711       310563.2050       9.1576e-07       -2.1048 
231840.8711       310563.2050       9.8114e-07       -2.2551 
231840.8711       310563.2050       1.0465e-06       -2.4053 
231840.8711       310563.2050       1.1119e-06       -2.5556 
231840.8711       310563.2050       1.1773e-06       -2.7059 
310563.2050       416015.9675       0.0000e+00       0.0000 
310563.2050       416015.9675       3.3693e-10       -0.0006 
310563.2050       416015.9675       8.8209e-08       -0.1509 
310563.2050       416015.9675       1.7608e-07       -0.3012 
310563.2050       416015.9675       2.6395e-07       -0.4515 
310563.2050       416015.9675       3.5183e-07       -0.6018 
310563.2050       416015.9675       4.3970e-07       -0.7521 
310563.2050       416015.9675       5.2757e-07       -0.9024 
310563.2050       416015.9675       6.1544e-07       -1.0526 
310563.2050       416015.9675       7.0332e-07       -1.2029 
310563.2050       416015.9675       7.9119e-07       -1.3532 
310563.2050       416015.9675       8.7906e-07       -1.5035 
310563.2050       416015.9675       9.6693e-07       -1.6538 
310563.2050       416015.9675       1.0548e-06       -1.8041 
310563.2050       416015.9675       1.1427e-06       -1.9544 
310563.2050       416015.9675       1.2306e-06       -2.1047 
310563.2050       416015.9675       1.3184e-06       -2.2550 
310563.2050       416015.9675       1.4063e-06       -2.4053 
310563.2050       416015.9675       1.4942e-06       -2.5556 
310563.2050       416015.9675       1.5820e-06       -2.7059 
416015.9675       557275.5639       0.0000e+00       0.0000 
416015.9675       557275.5639       2.7245e-10       -0.0003 
416015.9675       557275.5639       1.2002e-07       -0.1507 
416015.9675       557275.5639       2.3977e-07       -0.3010 
416015.9675       557275.5639       3.5952e-07       -0.4513 
416015.9675       557275.5639       4.7927e-07       -0.6016 
416015.9675       557275.5639       5.9902e-07       -0.7519 
416015.9675       557275.5639       7.1877e-07       -0.9022 
416015.9675       557275.5639       8.3852e-07       -1.0525 
416015.9675       557275.5639       9.5827e-07       -1.2028 
416015.9675       557275.5639       1.0780e-06       -1.3531 
416015.9675       557275.5639       1.1978e-06       -1.5034 
416015.9675       557275.5639       1.3175e-06       -1.6537 
416015.9675       557275.5639       1.4373e-06       -1.8040 
416015.9675       557275.5639       1.5570e-06       -1.9544 
416015.9675       557275.5639       1.6768e-06       -2.1047 
416015.9675       557275.5639       1.7965e-06       -2.2550 
416015.9675       557275.5639       1.9163e-06       -2.4053 
416015.9675       557275.5639       2.0360e-06       -2.5556 
416015.9675       557275.5639       2.1558e-06       -2.7059 
557275.5639       746517.5120       0.0000e+00       0.0000 
557275.5639       746517.5120       2.2028e-10       -0.0002 
557275.5639       746517.5120       1.6515e-07       -0.1505 
557275.5639       746517.5120       3.3007e-07       -0.3008 
557275.5639       746517.5120       4.9500e-07       -0.4512 
557275.5639       746517.5120       6.5993e-07       -0.6015 
557275.5639       746517.5120       8.2486e-07       -0.7518 
557275.5639       746517.5120       9.8978e-07       -0.9021 
557275.5639       746517.5120       1.1547e-06       -1.0524 
557275.5639       746517.5120       1.3196e-06       -1.2027 
557275.5639       746517.5120       1.4846e-06       -1.3530 
557275.5639       746517.5120       1.6495e-06       -1.5034 
557275.5639       746517.5120       1.8144e-06       -1.6537 
557275.5639       746517.5120       1.9793e-06       -1.8040 
557275.5639       746517.5120       2.1443e-06       -1.9543 
557275.5639       746517.5120       2.3092e-06       -2.1046 
557275.5639       746517.5120       2.4741e-06       -2.2549 
557275.5639       746517.5120       2.6391e-06       -2.4053 
557275.5639       746517.5120       2.8040e-06       -2.5556 
557275.5639       746517.5120       2.9689e-06       -2.7059 
746517.5120       1000000.0000       0.0000e+00       0.0000 
746517.5120       1000000.0000       1.7809e-10       -0.0001 
746517.5120       1000000.0000       2.3888e-07       -0.1504 
746517.5120       1000000.0000       4.7758e-07       -0.3008 
746517.5120       1000000.0000       7.1629e-07       -0.4511 
746517.5120       1000000.0000       9.5499e-07       -0.6014 
746517.5120       1000000.0000       1.1937e-06       -0.7517 
746517.5120       1000000.0000       1.4324e-06       -0.9020 
746517.5120       1000000.0000       1.6711e-06       -1.0524 
746517.5120       1000000.0000       1.9098e-06       -1.2027 
746517.5120       1000000.0000       2.1485e-06       -1.3530 
746517.5120       1000000.0000       2.3872e-06       -1.5033 
746517.5120       1000000.0000       2.6259e-06       -1.6536 
746517.5120       1000000.0000       2.8646e-06       -1.8040 
746517.5120       1000000.0000       3.1033e-06       -1.9543 
746517.5120       1000000.0000       3.3420e-06       -2.1046 
746517.5120       1000000.0000       3.5807e-06       -2.2549 
746517.5120       1000000.0000       3.8194e-06       -2.4053 
746517.5120       1000000.0000       4.0581e-06       -2.5556 
746517.5120       1000000.0000       4.2968e-06       -2.7059 
