#Sagittarius  Log10(Jfactor)=18.720   sigmaJ=0.200 
#[0]emin(MeV) [1]emax(MeV) [2]eflux(MeV/cm^2/s) [3]deltaLogLike 
500.0000       669.7766       0.0000e+00       -0.0000 
500.0000       669.7766       2.5962e-12       0.0000 
500.0000       669.7766       9.6444e-09       -0.0172 
500.0000       669.7766       1.9286e-08       -0.0515 
500.0000       669.7766       2.8928e-08       -0.1028 
500.0000       669.7766       3.8570e-08       -0.1706 
500.0000       669.7766       4.8212e-08       -0.2546 
500.0000       669.7766       5.7854e-08       -0.3546 
500.0000       669.7766       6.7495e-08       -0.4702 
500.0000       669.7766       7.7137e-08       -0.6012 
500.0000       669.7766       8.6779e-08       -0.7474 
500.0000       669.7766       9.6421e-08       -0.9084 
500.0000       669.7766       1.0606e-07       -1.0841 
500.0000       669.7766       1.1570e-07       -1.2741 
500.0000       669.7766       1.2535e-07       -1.4783 
500.0000       669.7766       1.3499e-07       -1.6965 
500.0000       669.7766       1.4463e-07       -1.9283 
500.0000       669.7766       1.5427e-07       -2.1737 
500.0000       669.7766       1.6391e-07       -2.4324 
500.0000       669.7766       1.7356e-07       -2.7042 
669.7766       897.2222       0.0000e+00       -0.6839 
669.7766       897.2222       7.8841e-09       -0.5367 
669.7766       897.2222       1.5768e-08       -0.4083 
669.7766       897.2222       2.3652e-08       -0.2982 
669.7766       897.2222       3.1536e-08       -0.2060 
669.7766       897.2222       3.9421e-08       -0.1313 
669.7766       897.2222       4.7305e-08       -0.0737 
669.7766       897.2222       5.5189e-08       -0.0329 
669.7766       897.2222       6.3073e-08       -0.0084 
669.7766       897.2222       7.0957e-08       0.0000 
669.7766       897.2222       8.6546e-08       -0.0294 
669.7766       897.2222       1.0213e-07       -0.1178 
669.7766       897.2222       1.1772e-07       -0.2632 
669.7766       897.2222       1.3331e-07       -0.4634 
669.7766       897.2222       1.4890e-07       -0.7167 
669.7766       897.2222       1.6449e-07       -1.0211 
669.7766       897.2222       1.8008e-07       -1.3751 
669.7766       897.2222       1.9567e-07       -1.7770 
669.7766       897.2222       2.1125e-07       -2.2253 
669.7766       897.2222       2.2684e-07       -2.7188 
897.2222       1201.8769       0.0000e+00       0.0000 
897.2222       1201.8769       8.2415e-10       -0.0000 
897.2222       1201.8769       7.8913e-09       -0.0110 
897.2222       1201.8769       1.4958e-08       -0.0409 
897.2222       1201.8769       2.2026e-08       -0.0890 
897.2222       1201.8769       2.9093e-08       -0.1550 
897.2222       1201.8769       3.6160e-08       -0.2382 
897.2222       1201.8769       4.3227e-08       -0.3382 
897.2222       1201.8769       5.0294e-08       -0.4545 
897.2222       1201.8769       5.7361e-08       -0.5867 
897.2222       1201.8769       6.4428e-08       -0.7344 
897.2222       1201.8769       7.1496e-08       -0.8972 
897.2222       1201.8769       7.8563e-08       -1.0748 
897.2222       1201.8769       8.5630e-08       -1.2667 
897.2222       1201.8769       9.2697e-08       -1.4726 
897.2222       1201.8769       9.9764e-08       -1.6922 
897.2222       1201.8769       1.0683e-07       -1.9252 
897.2222       1201.8769       1.1390e-07       -2.1714 
897.2222       1201.8769       1.2097e-07       -2.4304 
897.2222       1201.8769       1.2803e-07       -2.7019 
1201.8769       1609.9782       0.0000e+00       -0.0017 
1201.8769       1609.9782       2.9878e-09       0.0000 
1201.8769       1609.9782       9.2267e-09       -0.0115 
1201.8769       1609.9782       1.5466e-08       -0.0425 
1201.8769       1609.9782       2.1705e-08       -0.0925 
1201.8769       1609.9782       2.7943e-08       -0.1605 
1201.8769       1609.9782       3.4182e-08       -0.2460 
1201.8769       1609.9782       4.0421e-08       -0.3483 
1201.8769       1609.9782       4.6660e-08       -0.4668 
1201.8769       1609.9782       5.2899e-08       -0.6010 
1201.8769       1609.9782       5.9138e-08       -0.7504 
1201.8769       1609.9782       6.5377e-08       -0.9145 
1201.8769       1609.9782       7.1616e-08       -1.0927 
1201.8769       1609.9782       7.7855e-08       -1.2848 
1201.8769       1609.9782       8.4094e-08       -1.4903 
1201.8769       1609.9782       9.0333e-08       -1.7088 
1201.8769       1609.9782       9.6571e-08       -1.9399 
1201.8769       1609.9782       1.0281e-07       -2.1834 
1201.8769       1609.9782       1.0905e-07       -2.4388 
1201.8769       1609.9782       1.1529e-07       -2.7059 
1609.9782       2156.6516       0.0000e+00       -0.4720 
1609.9782       2156.6516       4.1034e-08       0.0000 
1609.9782       2156.6516       4.7574e-08       -0.0100 
1609.9782       2156.6516       5.4115e-08       -0.0403 
1609.9782       2156.6516       6.0656e-08       -0.0899 
1609.9782       2156.6516       6.7197e-08       -0.1580 
1609.9782       2156.6516       7.3738e-08       -0.2439 
1609.9782       2156.6516       8.0279e-08       -0.3467 
1609.9782       2156.6516       8.6820e-08       -0.4658 
1609.9782       2156.6516       9.3361e-08       -0.6007 
1609.9782       2156.6516       9.9902e-08       -0.7508 
1609.9782       2156.6516       1.0644e-07       -0.9154 
1609.9782       2156.6516       1.1298e-07       -1.0942 
1609.9782       2156.6516       1.1952e-07       -1.2867 
1609.9782       2156.6516       1.2607e-07       -1.4924 
1609.9782       2156.6516       1.3261e-07       -1.7108 
1609.9782       2156.6516       1.3915e-07       -1.9417 
1609.9782       2156.6516       1.4569e-07       -2.1846 
1609.9782       2156.6516       1.5223e-07       -2.4393 
1609.9782       2156.6516       1.5877e-07       -2.7053 
2156.6516       2889.0164       0.0000e+00       -0.2423 
2156.6516       2889.0164       2.7456e-08       0.0000 
2156.6516       2889.0164       3.3743e-08       -0.0111 
2156.6516       2889.0164       4.0031e-08       -0.0434 
2156.6516       2889.0164       4.6318e-08       -0.0958 
2156.6516       2889.0164       5.2605e-08       -0.1671 
2156.6516       2889.0164       5.8893e-08       -0.2562 
2156.6516       2889.0164       6.5180e-08       -0.3623 
2156.6516       2889.0164       7.1468e-08       -0.4844 
2156.6516       2889.0164       7.7755e-08       -0.6218 
2156.6516       2889.0164       8.4042e-08       -0.7738 
2156.6516       2889.0164       9.0330e-08       -0.9398 
2156.6516       2889.0164       9.6617e-08       -1.1192 
2156.6516       2889.0164       1.0290e-07       -1.3114 
2156.6516       2889.0164       1.0919e-07       -1.5160 
2156.6516       2889.0164       1.1548e-07       -1.7324 
2156.6516       2889.0164       1.2177e-07       -1.9602 
2156.6516       2889.0164       1.2805e-07       -2.1990 
2156.6516       2889.0164       1.3434e-07       -2.4485 
2156.6516       2889.0164       1.4063e-07       -2.7082 
2889.0164       3869.9914       0.0000e+00       -0.4038 
2889.0164       3869.9914       3.3280e-08       0.0000 
2889.0164       3869.9914       3.9716e-08       -0.0117 
2889.0164       3869.9914       4.6152e-08       -0.0461 
2889.0164       3869.9914       5.2588e-08       -0.1014 
2889.0164       3869.9914       5.9024e-08       -0.1760 
2889.0164       3869.9914       6.5460e-08       -0.2685 
2889.0164       3869.9914       7.1896e-08       -0.3779 
2889.0164       3869.9914       7.8332e-08       -0.5030 
2889.0164       3869.9914       8.4768e-08       -0.6429 
2889.0164       3869.9914       9.1204e-08       -0.7968 
2889.0164       3869.9914       9.7640e-08       -0.9639 
2889.0164       3869.9914       1.0408e-07       -1.1435 
2889.0164       3869.9914       1.1051e-07       -1.3351 
2889.0164       3869.9914       1.1695e-07       -1.5381 
2889.0164       3869.9914       1.2338e-07       -1.7519 
2889.0164       3869.9914       1.2982e-07       -1.9762 
2889.0164       3869.9914       1.3626e-07       -2.2103 
2889.0164       3869.9914       1.4269e-07       -2.4540 
2889.0164       3869.9914       1.4913e-07       -2.7069 
3869.9914       5184.0598       0.0000e+00       0.0000 
3869.9914       5184.0598       2.4340e-11       -0.0001 
3869.9914       5184.0598       5.7617e-09       -0.0260 
3869.9914       5184.0598       1.1499e-08       -0.0740 
3869.9914       5184.0598       1.7236e-08       -0.1418 
3869.9914       5184.0598       2.2974e-08       -0.2276 
3869.9914       5184.0598       2.8711e-08       -0.3297 
3869.9914       5184.0598       3.4448e-08       -0.4467 
3869.9914       5184.0598       4.0186e-08       -0.5775 
3869.9914       5184.0598       4.5923e-08       -0.7211 
3869.9914       5184.0598       5.1660e-08       -0.8766 
3869.9914       5184.0598       5.7398e-08       -1.0431 
3869.9914       5184.0598       6.3135e-08       -1.2200 
3869.9914       5184.0598       6.8872e-08       -1.4067 
3869.9914       5184.0598       7.4610e-08       -1.6026 
3869.9914       5184.0598       8.0347e-08       -1.8071 
3869.9914       5184.0598       8.6084e-08       -2.0199 
3869.9914       5184.0598       9.1822e-08       -2.2405 
3869.9914       5184.0598       9.7559e-08       -2.4685 
3869.9914       5184.0598       1.0330e-07       -2.7036 
5184.0598       6944.3244       0.0000e+00       -0.4232 
5184.0598       6944.3244       3.3705e-08       0.0000 
5184.0598       6944.3244       4.1076e-08       -0.0140 
5184.0598       6944.3244       4.8447e-08       -0.0535 
5184.0598       6944.3244       5.5817e-08       -0.1154 
5184.0598       6944.3244       6.3188e-08       -0.1973 
5184.0598       6944.3244       7.0558e-08       -0.2970 
5184.0598       6944.3244       7.7929e-08       -0.4129 
5184.0598       6944.3244       8.5300e-08       -0.5437 
5184.0598       6944.3244       9.2670e-08       -0.6881 
5184.0598       6944.3244       1.0004e-07       -0.8450 
5184.0598       6944.3244       1.0741e-07       -1.0137 
5184.0598       6944.3244       1.1478e-07       -1.1932 
5184.0598       6944.3244       1.2215e-07       -1.3830 
5184.0598       6944.3244       1.2952e-07       -1.5823 
5184.0598       6944.3244       1.3689e-07       -1.7907 
5184.0598       6944.3244       1.4426e-07       -2.0075 
5184.0598       6944.3244       1.5164e-07       -2.2324 
5184.0598       6944.3244       1.5901e-07       -2.4650 
5184.0598       6944.3244       1.6638e-07       -2.7048 
6944.3244       9302.5069       0.0000e+00       -0.0000 
6944.3244       9302.5069       1.1421e-14       0.0000 
6944.3244       9302.5069       5.2604e-09       -0.0962 
6944.3244       9302.5069       1.0521e-08       -0.2015 
6944.3244       9302.5069       1.5781e-08       -0.3152 
6944.3244       9302.5069       2.1042e-08       -0.4366 
6944.3244       9302.5069       2.6302e-08       -0.5651 
6944.3244       9302.5069       3.1562e-08       -0.7001 
6944.3244       9302.5069       3.6823e-08       -0.8414 
6944.3244       9302.5069       4.2083e-08       -0.9883 
6944.3244       9302.5069       4.7344e-08       -1.1406 
6944.3244       9302.5069       5.2604e-08       -1.2979 
6944.3244       9302.5069       5.7864e-08       -1.4599 
6944.3244       9302.5069       6.3125e-08       -1.6263 
6944.3244       9302.5069       6.8385e-08       -1.7969 
6944.3244       9302.5069       7.3645e-08       -1.9715 
6944.3244       9302.5069       7.8906e-08       -2.1499 
6944.3244       9302.5069       8.4166e-08       -2.3318 
6944.3244       9302.5069       8.9427e-08       -2.5172 
6944.3244       9302.5069       9.4687e-08       -2.7057 
9302.5069       12461.2038       0.0000e+00       -0.4793 
9302.5069       12461.2038       2.7874e-08       0.0000 
9302.5069       12461.2038       3.5282e-08       -0.0183 
9302.5069       12461.2038       4.2691e-08       -0.0682 
9302.5069       12461.2038       5.0099e-08       -0.1435 
9302.5069       12461.2038       5.7508e-08       -0.2395 
9302.5069       12461.2038       6.4917e-08       -0.3529 
9302.5069       12461.2038       7.2325e-08       -0.4811 
9302.5069       12461.2038       7.9734e-08       -0.6222 
9302.5069       12461.2038       8.7142e-08       -0.7746 
9302.5069       12461.2038       9.4551e-08       -0.9369 
9302.5069       12461.2038       1.0196e-07       -1.1081 
9302.5069       12461.2038       1.0937e-07       -1.2873 
9302.5069       12461.2038       1.1678e-07       -1.4737 
9302.5069       12461.2038       1.2419e-07       -1.6667 
9302.5069       12461.2038       1.3159e-07       -1.8657 
9302.5069       12461.2038       1.3900e-07       -2.0702 
9302.5069       12461.2038       1.4641e-07       -2.2799 
9302.5069       12461.2038       1.5382e-07       -2.4943 
9302.5069       12461.2038       1.6123e-07       -2.7131 
12461.2038       16692.4468       0.0000e+00       -0.0000 
12461.2038       16692.4468       4.7119e-14       0.0000 
12461.2038       16692.4468       4.7754e-09       -0.1487 
12461.2038       16692.4468       9.5508e-09       -0.2977 
12461.2038       16692.4468       1.4326e-08       -0.4468 
12461.2038       16692.4468       1.9102e-08       -0.5962 
12461.2038       16692.4468       2.3877e-08       -0.7457 
12461.2038       16692.4468       2.8652e-08       -0.8954 
12461.2038       16692.4468       3.3428e-08       -1.0453 
12461.2038       16692.4468       3.8203e-08       -1.1954 
12461.2038       16692.4468       4.2979e-08       -1.3457 
12461.2038       16692.4468       4.7754e-08       -1.4961 
12461.2038       16692.4468       5.2529e-08       -1.6467 
12461.2038       16692.4468       5.7305e-08       -1.7975 
12461.2038       16692.4468       6.2080e-08       -1.9485 
12461.2038       16692.4468       6.6856e-08       -2.0996 
12461.2038       16692.4468       7.1631e-08       -2.2510 
12461.2038       16692.4468       7.6406e-08       -2.4024 
12461.2038       16692.4468       8.1182e-08       -2.5541 
12461.2038       16692.4468       8.5957e-08       -2.7059 
16692.4468       22360.9371       0.0000e+00       -0.0000 
16692.4468       22360.9371       3.2214e-14       0.0000 
16692.4468       22360.9371       6.1412e-09       -0.1493 
16692.4468       22360.9371       1.2282e-08       -0.2987 
16692.4468       22360.9371       1.8424e-08       -0.4482 
16692.4468       22360.9371       2.4565e-08       -0.5979 
16692.4468       22360.9371       3.0706e-08       -0.7476 
16692.4468       22360.9371       3.6847e-08       -0.8976 
16692.4468       22360.9371       4.2988e-08       -1.0476 
16692.4468       22360.9371       4.9130e-08       -1.1978 
16692.4468       22360.9371       5.5271e-08       -1.3480 
16692.4468       22360.9371       6.1412e-08       -1.4984 
16692.4468       22360.9371       6.7553e-08       -1.6490 
16692.4468       22360.9371       7.3694e-08       -1.7996 
16692.4468       22360.9371       7.9835e-08       -1.9504 
16692.4468       22360.9371       8.5977e-08       -2.1012 
16692.4468       22360.9371       9.2118e-08       -2.2522 
16692.4468       22360.9371       9.8259e-08       -2.4033 
16692.4468       22360.9371       1.0440e-07       -2.5546 
16692.4468       22360.9371       1.1054e-07       -2.7059 
22360.9371       29953.6672       0.0000e+00       -0.0000 
22360.9371       29953.6672       3.3104e-14       0.0000 
22360.9371       29953.6672       1.0946e-08       -0.1136 
22360.9371       29953.6672       2.1892e-08       -0.2342 
22360.9371       29953.6672       3.2837e-08       -0.3609 
22360.9371       29953.6672       4.3783e-08       -0.4930 
22360.9371       29953.6672       5.4729e-08       -0.6301 
22360.9371       29953.6672       6.5675e-08       -0.7715 
22360.9371       29953.6672       7.6621e-08       -0.9169 
22360.9371       29953.6672       8.7567e-08       -1.0660 
22360.9371       29953.6672       9.8512e-08       -1.2184 
22360.9371       29953.6672       1.0946e-07       -1.3738 
22360.9371       29953.6672       1.2040e-07       -1.5321 
22360.9371       29953.6672       1.3135e-07       -1.6931 
22360.9371       29953.6672       1.4230e-07       -1.8565 
22360.9371       29953.6672       1.5324e-07       -2.0221 
22360.9371       29953.6672       1.6419e-07       -2.1899 
22360.9371       29953.6672       1.7513e-07       -2.3597 
22360.9371       29953.6672       1.8608e-07       -2.5314 
22360.9371       29953.6672       1.9702e-07       -2.7048 
29953.6672       40124.5339       0.0000e+00       -0.0000 
29953.6672       40124.5339       2.3370e-14       0.0000 
29953.6672       40124.5339       1.1643e-08       -0.1457 
29953.6672       40124.5339       2.3287e-08       -0.2920 
29953.6672       40124.5339       3.4930e-08       -0.4389 
29953.6672       40124.5339       4.6574e-08       -0.5865 
29953.6672       40124.5339       5.8217e-08       -0.7346 
29953.6672       40124.5339       6.9861e-08       -0.8832 
29953.6672       40124.5339       8.1504e-08       -1.0324 
29953.6672       40124.5339       9.3148e-08       -1.1821 
29953.6672       40124.5339       1.0479e-07       -1.3324 
29953.6672       40124.5339       1.1643e-07       -1.4831 
29953.6672       40124.5339       1.2808e-07       -1.6344 
29953.6672       40124.5339       1.3972e-07       -1.7861 
29953.6672       40124.5339       1.5137e-07       -1.9383 
29953.6672       40124.5339       1.6301e-07       -2.0909 
29953.6672       40124.5339       1.7465e-07       -2.2440 
29953.6672       40124.5339       1.8630e-07       -2.3976 
29953.6672       40124.5339       1.9794e-07       -2.5515 
29953.6672       40124.5339       2.0958e-07       -2.7059 
40124.5339       53748.9519       0.0000e+00       -1.1116 
40124.5339       53748.9519       7.7306e-09       -0.6836 
40124.5339       53748.9519       1.5461e-08       -0.4373 
40124.5339       53748.9519       2.3192e-08       -0.2787 
40124.5339       53748.9519       3.0922e-08       -0.1718 
40124.5339       53748.9519       3.8653e-08       -0.0992 
40124.5339       53748.9519       4.6384e-08       -0.0509 
40124.5339       53748.9519       5.4114e-08       -0.0208 
40124.5339       53748.9519       6.1845e-08       -0.0048 
40124.5339       53748.9519       6.9576e-08       0.0000 
40124.5339       53748.9519       1.0443e-07       -0.0734 
40124.5339       53748.9519       1.3928e-07       -0.2422 
40124.5339       53748.9519       1.7413e-07       -0.4662 
40124.5339       53748.9519       2.0898e-07       -0.7264 
40124.5339       53748.9519       2.4383e-07       -1.0121 
40124.5339       53748.9519       2.7868e-07       -1.3167 
40124.5339       53748.9519       3.1353e-07       -1.6361 
40124.5339       53748.9519       3.4838e-07       -1.9672 
40124.5339       53748.9519       3.8323e-07       -2.3078 
40124.5339       53748.9519       4.1808e-07       -2.6564 
53748.9519       72001.2440       0.0000e+00       -0.0000 
53748.9519       72001.2440       9.8397e-15       0.0000 
53748.9519       72001.2440       2.1740e-08       -0.1342 
53748.9519       72001.2440       4.3481e-08       -0.2710 
53748.9519       72001.2440       6.5221e-08       -0.4102 
53748.9519       72001.2440       8.6962e-08       -0.5516 
53748.9519       72001.2440       1.0870e-07       -0.6952 
53748.9519       72001.2440       1.3044e-07       -0.8407 
53748.9519       72001.2440       1.5218e-07       -0.9880 
53748.9519       72001.2440       1.7392e-07       -1.1371 
53748.9519       72001.2440       1.9566e-07       -1.2879 
53748.9519       72001.2440       2.1740e-07       -1.4402 
53748.9519       72001.2440       2.3914e-07       -1.5939 
53748.9519       72001.2440       2.6089e-07       -1.7491 
53748.9519       72001.2440       2.8263e-07       -1.9056 
53748.9519       72001.2440       3.0437e-07       -2.0633 
53748.9519       72001.2440       3.2611e-07       -2.2222 
53748.9519       72001.2440       3.4785e-07       -2.3823 
53748.9519       72001.2440       3.6959e-07       -2.5434 
53748.9519       72001.2440       3.9133e-07       -2.7056 
72001.2440       96449.5043       0.0000e+00       0.0000 
72001.2440       96449.5043       1.5621e-12       -0.0000 
72001.2440       96449.5043       2.6342e-08       -0.1456 
72001.2440       96449.5043       5.2683e-08       -0.2919 
72001.2440       96449.5043       7.9023e-08       -0.4388 
72001.2440       96449.5043       1.0536e-07       -0.5863 
72001.2440       96449.5043       1.3170e-07       -0.7344 
72001.2440       96449.5043       1.5805e-07       -0.8831 
72001.2440       96449.5043       1.8439e-07       -1.0324 
72001.2440       96449.5043       2.1073e-07       -1.1822 
72001.2440       96449.5043       2.3707e-07       -1.3325 
72001.2440       96449.5043       2.6341e-07       -1.4833 
72001.2440       96449.5043       2.8975e-07       -1.6346 
72001.2440       96449.5043       3.1609e-07       -1.7863 
72001.2440       96449.5043       3.4243e-07       -1.9385 
72001.2440       96449.5043       3.6877e-07       -2.0911 
72001.2440       96449.5043       3.9511e-07       -2.2442 
72001.2440       96449.5043       4.2145e-07       -2.3977 
72001.2440       96449.5043       4.4779e-07       -2.5515 
72001.2440       96449.5043       4.7413e-07       -2.7058 
96449.5043       129199.2522       0.0000e+00       -0.0000 
96449.5043       129199.2522       2.5366e-15       0.0000 
96449.5043       129199.2522       2.8849e-08       -0.1503 
96449.5043       129199.2522       5.7698e-08       -0.3006 
96449.5043       129199.2522       8.6547e-08       -0.4509 
96449.5043       129199.2522       1.1540e-07       -0.6012 
96449.5043       129199.2522       1.4425e-07       -0.7515 
96449.5043       129199.2522       1.7309e-07       -0.9018 
96449.5043       129199.2522       2.0194e-07       -1.0521 
96449.5043       129199.2522       2.3079e-07       -1.2024 
96449.5043       129199.2522       2.5964e-07       -1.3528 
96449.5043       129199.2522       2.8849e-07       -1.5031 
96449.5043       129199.2522       3.1734e-07       -1.6534 
96449.5043       129199.2522       3.4619e-07       -1.8038 
96449.5043       129199.2522       3.7504e-07       -1.9541 
96449.5043       129199.2522       4.0389e-07       -2.1045 
96449.5043       129199.2522       4.3274e-07       -2.2548 
96449.5043       129199.2522       4.6158e-07       -2.4052 
96449.5043       129199.2522       4.9043e-07       -2.5555 
96449.5043       129199.2522       5.1928e-07       -2.7059 
129199.2522       173069.2852       0.0000e+00       0.0000 
129199.2522       173069.2852       1.5673e-15       -0.0000 
129199.2522       173069.2852       3.8564e-08       -0.1503 
129199.2522       173069.2852       7.7128e-08       -0.3006 
129199.2522       173069.2852       1.1569e-07       -0.4510 
129199.2522       173069.2852       1.5426e-07       -0.6013 
129199.2522       173069.2852       1.9282e-07       -0.7516 
129199.2522       173069.2852       2.3138e-07       -0.9020 
129199.2522       173069.2852       2.6995e-07       -1.0523 
129199.2522       173069.2852       3.0851e-07       -1.2026 
129199.2522       173069.2852       3.4708e-07       -1.3529 
129199.2522       173069.2852       3.8564e-07       -1.5033 
129199.2522       173069.2852       4.2421e-07       -1.6536 
129199.2522       173069.2852       4.6277e-07       -1.8039 
129199.2522       173069.2852       5.0133e-07       -1.9543 
129199.2522       173069.2852       5.3990e-07       -2.1046 
129199.2522       173069.2852       5.7846e-07       -2.2549 
129199.2522       173069.2852       6.1703e-07       -2.4052 
129199.2522       173069.2852       6.5559e-07       -2.5556 
129199.2522       173069.2852       6.9415e-07       -2.7059 
173069.2852       231840.8711       0.0000e+00       0.0000 
173069.2852       231840.8711       1.3324e-15       -0.0000 
173069.2852       231840.8711       5.1610e-08       -0.1503 
173069.2852       231840.8711       1.0322e-07       -0.3007 
173069.2852       231840.8711       1.5483e-07       -0.4510 
173069.2852       231840.8711       2.0644e-07       -0.6013 
173069.2852       231840.8711       2.5805e-07       -0.7516 
173069.2852       231840.8711       3.0966e-07       -0.9020 
173069.2852       231840.8711       3.6127e-07       -1.0523 
173069.2852       231840.8711       4.1288e-07       -1.2026 
173069.2852       231840.8711       4.6449e-07       -1.3529 
173069.2852       231840.8711       5.1610e-07       -1.5033 
173069.2852       231840.8711       5.6771e-07       -1.6536 
173069.2852       231840.8711       6.1932e-07       -1.8039 
173069.2852       231840.8711       6.7093e-07       -1.9543 
173069.2852       231840.8711       7.2254e-07       -2.1046 
173069.2852       231840.8711       7.7415e-07       -2.2549 
173069.2852       231840.8711       8.2575e-07       -2.4052 
173069.2852       231840.8711       8.7736e-07       -2.5556 
173069.2852       231840.8711       9.2897e-07       -2.7059 
231840.8711       310563.2050       0.0000e+00       0.0000 
231840.8711       310563.2050       1.1319e-15       -0.0000 
231840.8711       310563.2050       6.9389e-08       -0.1503 
231840.8711       310563.2050       1.3878e-07       -0.3007 
231840.8711       310563.2050       2.0817e-07       -0.4510 
231840.8711       310563.2050       2.7756e-07       -0.6013 
231840.8711       310563.2050       3.4695e-07       -0.7516 
231840.8711       310563.2050       4.1633e-07       -0.9020 
231840.8711       310563.2050       4.8572e-07       -1.0523 
231840.8711       310563.2050       5.5511e-07       -1.2026 
231840.8711       310563.2050       6.2450e-07       -1.3530 
231840.8711       310563.2050       6.9389e-07       -1.5033 
231840.8711       310563.2050       7.6328e-07       -1.6536 
231840.8711       310563.2050       8.3267e-07       -1.8039 
231840.8711       310563.2050       9.0206e-07       -1.9543 
231840.8711       310563.2050       9.7145e-07       -2.1046 
231840.8711       310563.2050       1.0408e-06       -2.2549 
231840.8711       310563.2050       1.1102e-06       -2.4052 
231840.8711       310563.2050       1.1796e-06       -2.5556 
231840.8711       310563.2050       1.2490e-06       -2.7059 
310563.2050       416015.9675       0.0000e+00       0.0000 
310563.2050       416015.9675       9.6095e-16       -0.0000 
310563.2050       416015.9675       9.4548e-08       -0.1503 
310563.2050       416015.9675       1.8910e-07       -0.3006 
310563.2050       416015.9675       2.8364e-07       -0.4509 
310563.2050       416015.9675       3.7819e-07       -0.6013 
310563.2050       416015.9675       4.7274e-07       -0.7516 
310563.2050       416015.9675       5.6729e-07       -0.9019 
310563.2050       416015.9675       6.6183e-07       -1.0522 
310563.2050       416015.9675       7.5638e-07       -1.2026 
310563.2050       416015.9675       8.5093e-07       -1.3529 
310563.2050       416015.9675       9.4548e-07       -1.5032 
310563.2050       416015.9675       1.0400e-06       -1.6535 
310563.2050       416015.9675       1.1346e-06       -1.8039 
310563.2050       416015.9675       1.2291e-06       -1.9542 
310563.2050       416015.9675       1.3237e-06       -2.1045 
310563.2050       416015.9675       1.4182e-06       -2.2549 
310563.2050       416015.9675       1.5128e-06       -2.4052 
310563.2050       416015.9675       1.6073e-06       -2.5556 
310563.2050       416015.9675       1.7019e-06       -2.7059 
416015.9675       557275.5639       0.0000e+00       0.0000 
416015.9675       557275.5639       7.9475e-10       -0.0009 
416015.9675       557275.5639       1.2833e-07       -0.1512 
416015.9675       557275.5639       2.5587e-07       -0.3015 
416015.9675       557275.5639       3.8341e-07       -0.4518 
416015.9675       557275.5639       5.1095e-07       -0.6020 
416015.9675       557275.5639       6.3849e-07       -0.7523 
416015.9675       557275.5639       7.6602e-07       -0.9026 
416015.9675       557275.5639       8.9356e-07       -1.0529 
416015.9675       557275.5639       1.0211e-06       -1.2031 
416015.9675       557275.5639       1.1486e-06       -1.3534 
416015.9675       557275.5639       1.2762e-06       -1.5037 
416015.9675       557275.5639       1.4037e-06       -1.6540 
416015.9675       557275.5639       1.5313e-06       -1.8042 
416015.9675       557275.5639       1.6588e-06       -1.9545 
416015.9675       557275.5639       1.7863e-06       -2.1048 
416015.9675       557275.5639       1.9139e-06       -2.2551 
416015.9675       557275.5639       2.0414e-06       -2.4053 
416015.9675       557275.5639       2.1689e-06       -2.5556 
416015.9675       557275.5639       2.2965e-06       -2.7059 
557275.5639       746517.5120       0.0000e+00       0.0000 
557275.5639       746517.5120       6.7661e-10       -0.0006 
557275.5639       746517.5120       1.7594e-07       -0.1509 
557275.5639       746517.5120       3.5121e-07       -0.3012 
557275.5639       746517.5120       5.2648e-07       -0.4515 
557275.5639       746517.5120       7.0175e-07       -0.6018 
557275.5639       746517.5120       8.7702e-07       -0.7521 
557275.5639       746517.5120       1.0523e-06       -0.9024 
557275.5639       746517.5120       1.2276e-06       -1.0526 
557275.5639       746517.5120       1.4028e-06       -1.2029 
557275.5639       746517.5120       1.5781e-06       -1.3532 
557275.5639       746517.5120       1.7534e-06       -1.5035 
557275.5639       746517.5120       1.9286e-06       -1.6538 
557275.5639       746517.5120       2.1039e-06       -1.8041 
557275.5639       746517.5120       2.2792e-06       -1.9544 
557275.5639       746517.5120       2.4544e-06       -2.1047 
557275.5639       746517.5120       2.6297e-06       -2.2550 
557275.5639       746517.5120       2.8050e-06       -2.4053 
557275.5639       746517.5120       2.9802e-06       -2.5556 
557275.5639       746517.5120       3.1555e-06       -2.7059 
746517.5120       1000000.0000       0.0000e+00       0.0000 
746517.5120       1000000.0000       5.7550e-10       -0.0003 
746517.5120       1000000.0000       2.5392e-07       -0.1506 
746517.5120       1000000.0000       5.0726e-07       -0.3010 
746517.5120       1000000.0000       7.6061e-07       -0.4513 
746517.5120       1000000.0000       1.0140e-06       -0.6016 
746517.5120       1000000.0000       1.2673e-06       -0.7519 
746517.5120       1000000.0000       1.5206e-06       -0.9022 
746517.5120       1000000.0000       1.7740e-06       -1.0525 
746517.5120       1000000.0000       2.0273e-06       -1.2028 
746517.5120       1000000.0000       2.2807e-06       -1.3531 
746517.5120       1000000.0000       2.5340e-06       -1.5034 
746517.5120       1000000.0000       2.7874e-06       -1.6537 
746517.5120       1000000.0000       3.0407e-06       -1.8040 
746517.5120       1000000.0000       3.2940e-06       -1.9544 
746517.5120       1000000.0000       3.5474e-06       -2.1047 
746517.5120       1000000.0000       3.8007e-06       -2.2550 
746517.5120       1000000.0000       4.0541e-06       -2.4053 
746517.5120       1000000.0000       4.3074e-06       -2.5556 
746517.5120       1000000.0000       4.5608e-06       -2.7059 
