#Bootes_1  Log10(Jfactor)=18.170   sigmaJ=0.300 
#[0]emin(MeV) [1]emax(MeV) [2]eflux(MeV/cm^2/s) [3]deltaLogLike 
500.0000       669.7766       0.0000e+00       -0.1140 
500.0000       669.7766       1.8487e-08       0.0000 
500.0000       669.7766       2.3996e-08       -0.0102 
500.0000       669.7766       2.9505e-08       -0.0396 
500.0000       669.7766       3.5014e-08       -0.0874 
500.0000       669.7766       4.0523e-08       -0.1531 
500.0000       669.7766       4.6033e-08       -0.2362 
500.0000       669.7766       5.1542e-08       -0.3362 
500.0000       669.7766       5.7051e-08       -0.4526 
500.0000       669.7766       6.2560e-08       -0.5849 
500.0000       669.7766       6.8069e-08       -0.7328 
500.0000       669.7766       7.3578e-08       -0.8958 
500.0000       669.7766       7.9087e-08       -1.0736 
500.0000       669.7766       8.4596e-08       -1.2658 
500.0000       669.7766       9.0105e-08       -1.4721 
500.0000       669.7766       9.5615e-08       -1.6920 
500.0000       669.7766       1.0112e-07       -1.9254 
500.0000       669.7766       1.0663e-07       -2.1719 
500.0000       669.7766       1.1214e-07       -2.4313 
500.0000       669.7766       1.1765e-07       -2.7032 
669.7766       897.2222       0.0000e+00       -0.1078 
669.7766       897.2222       1.3739e-08       0.0000 
669.7766       897.2222       1.8085e-08       -0.0117 
669.7766       897.2222       2.2431e-08       -0.0435 
669.7766       897.2222       2.6777e-08       -0.0944 
669.7766       897.2222       3.1123e-08       -0.1636 
669.7766       897.2222       3.5469e-08       -0.2503 
669.7766       897.2222       3.9815e-08       -0.3537 
669.7766       897.2222       4.4161e-08       -0.4733 
669.7766       897.2222       4.8508e-08       -0.6083 
669.7766       897.2222       5.2854e-08       -0.7583 
669.7766       897.2222       5.7200e-08       -0.9226 
669.7766       897.2222       6.1546e-08       -1.1009 
669.7766       897.2222       6.5892e-08       -1.2926 
669.7766       897.2222       7.0238e-08       -1.4973 
669.7766       897.2222       7.4584e-08       -1.7146 
669.7766       897.2222       7.8930e-08       -1.9442 
669.7766       897.2222       8.3276e-08       -2.1857 
669.7766       897.2222       8.7622e-08       -2.4387 
669.7766       897.2222       9.1969e-08       -2.7029 
897.2222       1201.8769       0.0000e+00       -0.0189 
897.2222       1201.8769       4.8941e-09       0.0000 
897.2222       1201.8769       8.7562e-09       -0.0108 
897.2222       1201.8769       1.2618e-08       -0.0429 
897.2222       1201.8769       1.6480e-08       -0.0948 
897.2222       1201.8769       2.0342e-08       -0.1657 
897.2222       1201.8769       2.4204e-08       -0.2544 
897.2222       1201.8769       2.8066e-08       -0.3602 
897.2222       1201.8769       3.1928e-08       -0.4821 
897.2222       1201.8769       3.5790e-08       -0.6195 
897.2222       1201.8769       3.9652e-08       -0.7717 
897.2222       1201.8769       4.3514e-08       -0.9381 
897.2222       1201.8769       4.7376e-08       -1.1181 
897.2222       1201.8769       5.1238e-08       -1.3111 
897.2222       1201.8769       5.5100e-08       -1.5168 
897.2222       1201.8769       5.8962e-08       -1.7345 
897.2222       1201.8769       6.2824e-08       -1.9640 
897.2222       1201.8769       6.6686e-08       -2.2048 
897.2222       1201.8769       7.0548e-08       -2.4566 
897.2222       1201.8769       7.4410e-08       -2.7189 
1201.8769       1609.9782       0.0000e+00       -0.0000 
1201.8769       1609.9782       6.1613e-15       0.0000 
1201.8769       1609.9782       2.1995e-09       -0.0738 
1201.8769       1609.9782       4.3990e-09       -0.1610 
1201.8769       1609.9782       6.5985e-09       -0.2603 
1201.8769       1609.9782       8.7980e-09       -0.3704 
1201.8769       1609.9782       1.0997e-08       -0.4906 
1201.8769       1609.9782       1.3197e-08       -0.6199 
1201.8769       1609.9782       1.5396e-08       -0.7577 
1201.8769       1609.9782       1.7596e-08       -0.9034 
1201.8769       1609.9782       1.9795e-08       -1.0564 
1201.8769       1609.9782       2.1995e-08       -1.2163 
1201.8769       1609.9782       2.4194e-08       -1.3828 
1201.8769       1609.9782       2.6394e-08       -1.5553 
1201.8769       1609.9782       2.8593e-08       -1.7337 
1201.8769       1609.9782       3.0793e-08       -1.9176 
1201.8769       1609.9782       3.2992e-08       -2.1067 
1201.8769       1609.9782       3.5192e-08       -2.3009 
1201.8769       1609.9782       3.7391e-08       -2.4998 
1201.8769       1609.9782       3.9591e-08       -2.7033 
1609.9782       2156.6516       0.0000e+00       -0.3442 
1609.9782       2156.6516       1.9158e-08       0.0000 
1609.9782       2156.6516       2.3081e-08       -0.0122 
1609.9782       2156.6516       2.7004e-08       -0.0468 
1609.9782       2156.6516       3.0927e-08       -0.1021 
1609.9782       2156.6516       3.4850e-08       -0.1765 
1609.9782       2156.6516       3.8773e-08       -0.2689 
1609.9782       2156.6516       4.2696e-08       -0.3779 
1609.9782       2156.6516       4.6619e-08       -0.5027 
1609.9782       2156.6516       5.0542e-08       -0.6422 
1609.9782       2156.6516       5.4466e-08       -0.7957 
1609.9782       2156.6516       5.8389e-08       -0.9625 
1609.9782       2156.6516       6.2312e-08       -1.1419 
1609.9782       2156.6516       6.6235e-08       -1.3332 
1609.9782       2156.6516       7.0158e-08       -1.5360 
1609.9782       2156.6516       7.4081e-08       -1.7497 
1609.9782       2156.6516       7.8004e-08       -1.9739 
1609.9782       2156.6516       8.1927e-08       -2.2080 
1609.9782       2156.6516       8.5850e-08       -2.4518 
1609.9782       2156.6516       8.9773e-08       -2.7049 
2156.6516       2889.0164       0.0000e+00       -0.0000 
2156.6516       2889.0164       1.3299e-14       0.0000 
2156.6516       2889.0164       2.3997e-09       -0.0833 
2156.6516       2889.0164       4.7994e-09       -0.1783 
2156.6516       2889.0164       7.1991e-09       -0.2840 
2156.6516       2889.0164       9.5988e-09       -0.3993 
2156.6516       2889.0164       1.1999e-08       -0.5234 
2156.6516       2889.0164       1.4398e-08       -0.6556 
2156.6516       2889.0164       1.6798e-08       -0.7952 
2156.6516       2889.0164       1.9198e-08       -0.9418 
2156.6516       2889.0164       2.1597e-08       -1.0948 
2156.6516       2889.0164       2.3997e-08       -1.2538 
2156.6516       2889.0164       2.6397e-08       -1.4185 
2156.6516       2889.0164       2.8796e-08       -1.5886 
2156.6516       2889.0164       3.1196e-08       -1.7637 
2156.6516       2889.0164       3.3596e-08       -1.9435 
2156.6516       2889.0164       3.5996e-08       -2.1278 
2156.6516       2889.0164       3.8395e-08       -2.3165 
2156.6516       2889.0164       4.0795e-08       -2.5092 
2156.6516       2889.0164       4.3195e-08       -2.7059 
2889.0164       3869.9914       0.0000e+00       0.0000 
2889.0164       3869.9914       4.3047e-14       -0.0000 
2889.0164       3869.9914       1.3978e-09       -0.1486 
2889.0164       3869.9914       2.7955e-09       -0.2973 
2889.0164       3869.9914       4.1933e-09       -0.4463 
2889.0164       3869.9914       5.5910e-09       -0.5955 
2889.0164       3869.9914       6.9888e-09       -0.7450 
2889.0164       3869.9914       8.3865e-09       -0.8946 
2889.0164       3869.9914       9.7842e-09       -1.0444 
2889.0164       3869.9914       1.1182e-08       -1.1945 
2889.0164       3869.9914       1.2580e-08       -1.3447 
2889.0164       3869.9914       1.3977e-08       -1.4952 
2889.0164       3869.9914       1.5375e-08       -1.6458 
2889.0164       3869.9914       1.6773e-08       -1.7967 
2889.0164       3869.9914       1.8171e-08       -1.9477 
2889.0164       3869.9914       1.9568e-08       -2.0990 
2889.0164       3869.9914       2.0966e-08       -2.2504 
2889.0164       3869.9914       2.2364e-08       -2.4021 
2889.0164       3869.9914       2.3762e-08       -2.5539 
2889.0164       3869.9914       2.5159e-08       -2.7059 
3869.9914       5184.0598       0.0000e+00       0.0000 
3869.9914       5184.0598       6.8808e-11       -0.0001 
3869.9914       5184.0598       3.7775e-09       -0.0199 
3869.9914       5184.0598       7.4861e-09       -0.0668 
3869.9914       5184.0598       1.1195e-08       -0.1369 
3869.9914       5184.0598       1.4903e-08       -0.2269 
3869.9914       5184.0598       1.8612e-08       -0.3344 
3869.9914       5184.0598       2.2321e-08       -0.4572 
3869.9914       5184.0598       2.6029e-08       -0.5937 
3869.9914       5184.0598       2.9738e-08       -0.7425 
3869.9914       5184.0598       3.3447e-08       -0.9023 
3869.9914       5184.0598       3.7155e-08       -1.0721 
3869.9914       5184.0598       4.0864e-08       -1.2511 
3869.9914       5184.0598       4.4573e-08       -1.4385 
3869.9914       5184.0598       4.8281e-08       -1.6336 
3869.9914       5184.0598       5.1990e-08       -1.8359 
3869.9914       5184.0598       5.5699e-08       -2.0447 
3869.9914       5184.0598       5.9407e-08       -2.2598 
3869.9914       5184.0598       6.3116e-08       -2.4806 
3869.9914       5184.0598       6.6825e-08       -2.7067 
5184.0598       6944.3244       0.0000e+00       0.0000 
5184.0598       6944.3244       1.9542e-10       -0.0001 
5184.0598       6944.3244       4.5238e-09       -0.0239 
5184.0598       6944.3244       8.8522e-09       -0.0799 
5184.0598       6944.3244       1.3181e-08       -0.1608 
5184.0598       6944.3244       1.7509e-08       -0.2616 
5184.0598       6944.3244       2.1837e-08       -0.3789 
5184.0598       6944.3244       2.6166e-08       -0.5098 
5184.0598       6944.3244       3.0494e-08       -0.6526 
5184.0598       6944.3244       3.4822e-08       -0.8055 
5184.0598       6944.3244       3.9151e-08       -0.9674 
5184.0598       6944.3244       4.3479e-08       -1.1372 
5184.0598       6944.3244       4.7808e-08       -1.3142 
5184.0598       6944.3244       5.2136e-08       -1.4975 
5184.0598       6944.3244       5.6464e-08       -1.6866 
5184.0598       6944.3244       6.0793e-08       -1.8811 
5184.0598       6944.3244       6.5121e-08       -2.0804 
5184.0598       6944.3244       6.9450e-08       -2.2842 
5184.0598       6944.3244       7.3778e-08       -2.4922 
5184.0598       6944.3244       7.8106e-08       -2.7040 
6944.3244       9302.5069       0.0000e+00       -1.0161 
6944.3244       9302.5069       1.5378e-09       -0.6373 
6944.3244       9302.5069       3.0756e-09       -0.4118 
6944.3244       9302.5069       4.6134e-09       -0.2641 
6944.3244       9302.5069       6.1512e-09       -0.1636 
6944.3244       9302.5069       7.6890e-09       -0.0948 
6944.3244       9302.5069       9.2268e-09       -0.0488 
6944.3244       9302.5069       1.0765e-08       -0.0200 
6944.3244       9302.5069       1.2302e-08       -0.0046 
6944.3244       9302.5069       1.3840e-08       0.0000 
6944.3244       9302.5069       2.0838e-08       -0.0722 
6944.3244       9302.5069       2.7836e-08       -0.2389 
6944.3244       9302.5069       3.4834e-08       -0.4611 
6944.3244       9302.5069       4.1831e-08       -0.7199 
6944.3244       9302.5069       4.8829e-08       -1.0049 
6944.3244       9302.5069       5.5827e-08       -1.3095 
6944.3244       9302.5069       6.2825e-08       -1.6297 
6944.3244       9302.5069       6.9823e-08       -1.9623 
6944.3244       9302.5069       7.6820e-08       -2.3052 
6944.3244       9302.5069       8.3818e-08       -2.6568 
9302.5069       12461.2038       0.0000e+00       -0.0000 
9302.5069       12461.2038       5.3795e-15       0.0000 
9302.5069       12461.2038       4.0825e-09       -0.1411 
9302.5069       12461.2038       8.1651e-09       -0.2835 
9302.5069       12461.2038       1.2248e-08       -0.4272 
9302.5069       12461.2038       1.6330e-08       -0.5722 
9302.5069       12461.2038       2.0413e-08       -0.7183 
9302.5069       12461.2038       2.4495e-08       -0.8655 
9302.5069       12461.2038       2.8578e-08       -1.0139 
9302.5069       12461.2038       3.2660e-08       -1.1632 
9302.5069       12461.2038       3.6743e-08       -1.3136 
9302.5069       12461.2038       4.0825e-08       -1.4648 
9302.5069       12461.2038       4.4908e-08       -1.6170 
9302.5069       12461.2038       4.8990e-08       -1.7701 
9302.5069       12461.2038       5.3073e-08       -1.9241 
9302.5069       12461.2038       5.7156e-08       -2.0788 
9302.5069       12461.2038       6.1238e-08       -2.2344 
9302.5069       12461.2038       6.5321e-08       -2.3907 
9302.5069       12461.2038       6.9403e-08       -2.5478 
9302.5069       12461.2038       7.3486e-08       -2.7056 
12461.2038       16692.4468       0.0000e+00       0.0000 
12461.2038       16692.4468       3.1925e-13       -0.0000 
12461.2038       16692.4468       4.3729e-09       -0.1488 
12461.2038       16692.4468       8.7454e-09       -0.2979 
12461.2038       16692.4468       1.3118e-08       -0.4471 
12461.2038       16692.4468       1.7491e-08       -0.5965 
12461.2038       16692.4468       2.1863e-08       -0.7461 
12461.2038       16692.4468       2.6236e-08       -0.8959 
12461.2038       16692.4468       3.0608e-08       -1.0459 
12461.2038       16692.4468       3.4981e-08       -1.1960 
12461.2038       16692.4468       3.9353e-08       -1.3463 
12461.2038       16692.4468       4.3726e-08       -1.4967 
12461.2038       16692.4468       4.8098e-08       -1.6474 
12461.2038       16692.4468       5.2471e-08       -1.7981 
12461.2038       16692.4468       5.6843e-08       -1.9491 
12461.2038       16692.4468       6.1216e-08       -2.1001 
12461.2038       16692.4468       6.5588e-08       -2.2514 
12461.2038       16692.4468       6.9961e-08       -2.4027 
12461.2038       16692.4468       7.4334e-08       -2.5542 
12461.2038       16692.4468       7.8706e-08       -2.7059 
16692.4468       22360.9371       0.0000e+00       -0.7607 
16692.4468       22360.9371       3.2273e-09       -0.5040 
16692.4468       22360.9371       6.4545e-09       -0.3357 
16692.4468       22360.9371       9.6818e-09       -0.2196 
16692.4468       22360.9371       1.2909e-08       -0.1380 
16692.4468       22360.9371       1.6136e-08       -0.0808 
16692.4468       22360.9371       1.9364e-08       -0.0420 
16692.4468       22360.9371       2.2591e-08       -0.0173 
16692.4468       22360.9371       2.5818e-08       -0.0040 
16692.4468       22360.9371       2.9045e-08       0.0000 
16692.4468       22360.9371       4.4907e-08       -0.0729 
16692.4468       22360.9371       6.0768e-08       -0.2412 
16692.4468       22360.9371       7.6629e-08       -0.4651 
16692.4468       22360.9371       9.2490e-08       -0.7256 
16692.4468       22360.9371       1.0835e-07       -1.0119 
16692.4468       22360.9371       1.2421e-07       -1.3177 
16692.4468       22360.9371       1.4007e-07       -1.6385 
16692.4468       22360.9371       1.5594e-07       -1.9715 
16692.4468       22360.9371       1.7180e-07       -2.3144 
16692.4468       22360.9371       1.8766e-07       -2.6656 
22360.9371       29953.6672       0.0000e+00       -0.0000 
22360.9371       29953.6672       1.1477e-13       0.0000 
22360.9371       29953.6672       9.1689e-09       -0.1271 
22360.9371       29953.6672       1.8338e-08       -0.2587 
22360.9371       29953.6672       2.7506e-08       -0.3942 
22360.9371       29953.6672       3.6675e-08       -0.5332 
22360.9371       29953.6672       4.5844e-08       -0.6752 
22360.9371       29953.6672       5.5013e-08       -0.8200 
22360.9371       29953.6672       6.4181e-08       -0.9674 
22360.9371       29953.6672       7.3350e-08       -1.1170 
22360.9371       29953.6672       8.2519e-08       -1.2687 
22360.9371       29953.6672       9.1688e-08       -1.4224 
22360.9371       29953.6672       1.0086e-07       -1.5777 
22360.9371       29953.6672       1.1003e-07       -1.7347 
22360.9371       29953.6672       1.1919e-07       -1.8933 
22360.9371       29953.6672       1.2836e-07       -2.0532 
22360.9371       29953.6672       1.3753e-07       -2.2143 
22360.9371       29953.6672       1.4670e-07       -2.3768 
22360.9371       29953.6672       1.5587e-07       -2.5403 
22360.9371       29953.6672       1.6504e-07       -2.7049 
29953.6672       40124.5339       0.0000e+00       -0.0000 
29953.6672       40124.5339       3.8594e-14       0.0000 
29953.6672       40124.5339       1.0352e-08       -0.1473 
29953.6672       40124.5339       2.0703e-08       -0.2950 
29953.6672       40124.5339       3.1055e-08       -0.4430 
29953.6672       40124.5339       4.1407e-08       -0.5915 
29953.6672       40124.5339       5.1758e-08       -0.7404 
29953.6672       40124.5339       6.2110e-08       -0.8896 
29953.6672       40124.5339       7.2462e-08       -1.0392 
29953.6672       40124.5339       8.2813e-08       -1.1892 
29953.6672       40124.5339       9.3165e-08       -1.3395 
29953.6672       40124.5339       1.0352e-07       -1.4901 
29953.6672       40124.5339       1.1387e-07       -1.6410 
29953.6672       40124.5339       1.2422e-07       -1.7923 
29953.6672       40124.5339       1.3457e-07       -1.9438 
29953.6672       40124.5339       1.4492e-07       -2.0957 
29953.6672       40124.5339       1.5527e-07       -2.2478 
29953.6672       40124.5339       1.6563e-07       -2.4002 
29953.6672       40124.5339       1.7598e-07       -2.5529 
29953.6672       40124.5339       1.8633e-07       -2.7058 
40124.5339       53748.9519       0.0000e+00       -0.0000 
40124.5339       53748.9519       4.4861e-14       0.0000 
40124.5339       53748.9519       1.5077e-08       -0.1289 
40124.5339       53748.9519       3.0153e-08       -0.2618 
40124.5339       53748.9519       4.5230e-08       -0.3983 
40124.5339       53748.9519       6.0306e-08       -0.5379 
40124.5339       53748.9519       7.5383e-08       -0.6805 
40124.5339       53748.9519       9.0459e-08       -0.8256 
40124.5339       53748.9519       1.0554e-07       -0.9731 
40124.5339       53748.9519       1.2061e-07       -1.1227 
40124.5339       53748.9519       1.3569e-07       -1.2743 
40124.5339       53748.9519       1.5077e-07       -1.4277 
40124.5339       53748.9519       1.6584e-07       -1.5827 
40124.5339       53748.9519       1.8092e-07       -1.7392 
40124.5339       53748.9519       1.9600e-07       -1.8971 
40124.5339       53748.9519       2.1107e-07       -2.0564 
40124.5339       53748.9519       2.2615e-07       -2.2169 
40124.5339       53748.9519       2.4122e-07       -2.3785 
40124.5339       53748.9519       2.5630e-07       -2.5412 
40124.5339       53748.9519       2.7138e-07       -2.7049 
53748.9519       72001.2440       0.0000e+00       -0.0273 
53748.9519       72001.2440       2.2277e-08       0.0000 
53748.9519       72001.2440       4.7706e-08       -0.0254 
53748.9519       72001.2440       7.3134e-08       -0.0905 
53748.9519       72001.2440       9.8562e-08       -0.1832 
53748.9519       72001.2440       1.2399e-07       -0.2961 
53748.9519       72001.2440       1.4942e-07       -0.4246 
53748.9519       72001.2440       1.7485e-07       -0.5654 
53748.9519       72001.2440       2.0028e-07       -0.7161 
53748.9519       72001.2440       2.2570e-07       -0.8751 
53748.9519       72001.2440       2.5113e-07       -1.0410 
53748.9519       72001.2440       2.7656e-07       -1.2128 
53748.9519       72001.2440       3.0199e-07       -1.3896 
53748.9519       72001.2440       3.2742e-07       -1.5709 
53748.9519       72001.2440       3.5285e-07       -1.7561 
53748.9519       72001.2440       3.7827e-07       -1.9447 
53748.9519       72001.2440       4.0370e-07       -2.1364 
53748.9519       72001.2440       4.2913e-07       -2.3309 
53748.9519       72001.2440       4.5456e-07       -2.5279 
53748.9519       72001.2440       4.7999e-07       -2.7271 
72001.2440       96449.5043       0.0000e+00       -0.0000 
72001.2440       96449.5043       5.6341e-14       0.0000 
72001.2440       96449.5043       2.0911e-08       -0.1503 
72001.2440       96449.5043       4.1823e-08       -0.3007 
72001.2440       96449.5043       6.2734e-08       -0.4510 
72001.2440       96449.5043       8.3646e-08       -0.6013 
72001.2440       96449.5043       1.0456e-07       -0.7516 
72001.2440       96449.5043       1.2547e-07       -0.9020 
72001.2440       96449.5043       1.4638e-07       -1.0523 
72001.2440       96449.5043       1.6729e-07       -1.2026 
72001.2440       96449.5043       1.8820e-07       -1.3529 
72001.2440       96449.5043       2.0911e-07       -1.5033 
72001.2440       96449.5043       2.3003e-07       -1.6536 
72001.2440       96449.5043       2.5094e-07       -1.8039 
72001.2440       96449.5043       2.7185e-07       -1.9543 
72001.2440       96449.5043       2.9276e-07       -2.1046 
72001.2440       96449.5043       3.1367e-07       -2.2549 
72001.2440       96449.5043       3.3458e-07       -2.4052 
72001.2440       96449.5043       3.5549e-07       -2.5556 
72001.2440       96449.5043       3.7641e-07       -2.7059 
96449.5043       129199.2522       0.0000e+00       -0.0000 
96449.5043       129199.2522       8.3703e-15       0.0000 
96449.5043       129199.2522       2.8204e-08       -0.1503 
96449.5043       129199.2522       5.6409e-08       -0.3007 
96449.5043       129199.2522       8.4613e-08       -0.4510 
96449.5043       129199.2522       1.1282e-07       -0.6013 
96449.5043       129199.2522       1.4102e-07       -0.7516 
96449.5043       129199.2522       1.6923e-07       -0.9020 
96449.5043       129199.2522       1.9743e-07       -1.0523 
96449.5043       129199.2522       2.2563e-07       -1.2026 
96449.5043       129199.2522       2.5384e-07       -1.3529 
96449.5043       129199.2522       2.8204e-07       -1.5033 
96449.5043       129199.2522       3.1025e-07       -1.6536 
96449.5043       129199.2522       3.3845e-07       -1.8039 
96449.5043       129199.2522       3.6666e-07       -1.9543 
96449.5043       129199.2522       3.9486e-07       -2.1046 
96449.5043       129199.2522       4.2307e-07       -2.2549 
96449.5043       129199.2522       4.5127e-07       -2.4052 
96449.5043       129199.2522       4.7947e-07       -2.5556 
96449.5043       129199.2522       5.0768e-07       -2.7059 
129199.2522       173069.2852       0.0000e+00       -0.9853 
129199.2522       173069.2852       2.3513e-08       -0.6238 
129199.2522       173069.2852       4.7025e-08       -0.4050 
129199.2522       173069.2852       7.0538e-08       -0.2605 
129199.2522       173069.2852       9.4050e-08       -0.1618 
129199.2522       173069.2852       1.1756e-07       -0.0940 
129199.2522       173069.2852       1.4108e-07       -0.0485 
129199.2522       173069.2852       1.6459e-07       -0.0200 
129199.2522       173069.2852       1.8810e-07       -0.0047 
129199.2522       173069.2852       2.1161e-07       0.0000 
129199.2522       173069.2852       3.2115e-07       -0.0735 
129199.2522       173069.2852       4.3068e-07       -0.2432 
129199.2522       173069.2852       5.4021e-07       -0.4685 
129199.2522       173069.2852       6.4974e-07       -0.7300 
129199.2522       173069.2852       7.5928e-07       -1.0171 
129199.2522       173069.2852       8.6881e-07       -1.3230 
129199.2522       173069.2852       9.7834e-07       -1.6436 
129199.2522       173069.2852       1.0879e-06       -1.9759 
129199.2522       173069.2852       1.1974e-06       -2.3175 
129199.2522       173069.2852       1.3069e-06       -2.6671 
173069.2852       231840.8711       0.0000e+00       -0.0000 
173069.2852       231840.8711       1.1840e-14       0.0000 
173069.2852       231840.8711       5.0982e-08       -0.1503 
173069.2852       231840.8711       1.0196e-07       -0.3007 
173069.2852       231840.8711       1.5295e-07       -0.4510 
173069.2852       231840.8711       2.0393e-07       -0.6013 
173069.2852       231840.8711       2.5491e-07       -0.7516 
173069.2852       231840.8711       3.0589e-07       -0.9020 
173069.2852       231840.8711       3.5688e-07       -1.0523 
173069.2852       231840.8711       4.0786e-07       -1.2026 
173069.2852       231840.8711       4.5884e-07       -1.3529 
173069.2852       231840.8711       5.0982e-07       -1.5033 
173069.2852       231840.8711       5.6081e-07       -1.6536 
173069.2852       231840.8711       6.1179e-07       -1.8039 
173069.2852       231840.8711       6.6277e-07       -1.9543 
173069.2852       231840.8711       7.1375e-07       -2.1046 
173069.2852       231840.8711       7.6474e-07       -2.2549 
173069.2852       231840.8711       8.1572e-07       -2.4052 
173069.2852       231840.8711       8.6670e-07       -2.5556 
173069.2852       231840.8711       9.1768e-07       -2.7059 
231840.8711       310563.2050       0.0000e+00       0.0000 
231840.8711       310563.2050       5.6225e-13       -0.0000 
231840.8711       310563.2050       6.8523e-08       -0.1503 
231840.8711       310563.2050       1.3705e-07       -0.3007 
231840.8711       310563.2050       2.0557e-07       -0.4510 
231840.8711       310563.2050       2.7409e-07       -0.6013 
231840.8711       310563.2050       3.4261e-07       -0.7516 
231840.8711       310563.2050       4.1114e-07       -0.9020 
231840.8711       310563.2050       4.7966e-07       -1.0523 
231840.8711       310563.2050       5.4818e-07       -1.2026 
231840.8711       310563.2050       6.1671e-07       -1.3529 
231840.8711       310563.2050       6.8523e-07       -1.5033 
231840.8711       310563.2050       7.5375e-07       -1.6536 
231840.8711       310563.2050       8.2227e-07       -1.8039 
231840.8711       310563.2050       8.9080e-07       -1.9543 
231840.8711       310563.2050       9.5932e-07       -2.1046 
231840.8711       310563.2050       1.0278e-06       -2.2549 
231840.8711       310563.2050       1.0964e-06       -2.4052 
231840.8711       310563.2050       1.1649e-06       -2.5556 
231840.8711       310563.2050       1.2334e-06       -2.7059 
310563.2050       416015.9675       0.0000e+00       -0.0000 
310563.2050       416015.9675       2.6773e-14       0.0000 
310563.2050       416015.9675       9.2692e-08       -0.1503 
310563.2050       416015.9675       1.8538e-07       -0.3007 
310563.2050       416015.9675       2.7808e-07       -0.4510 
310563.2050       416015.9675       3.7077e-07       -0.6013 
310563.2050       416015.9675       4.6346e-07       -0.7516 
310563.2050       416015.9675       5.5615e-07       -0.9020 
310563.2050       416015.9675       6.4884e-07       -1.0523 
310563.2050       416015.9675       7.4153e-07       -1.2026 
310563.2050       416015.9675       8.3423e-07       -1.3529 
310563.2050       416015.9675       9.2692e-07       -1.5033 
310563.2050       416015.9675       1.0196e-06       -1.6536 
310563.2050       416015.9675       1.1123e-06       -1.8039 
310563.2050       416015.9675       1.2050e-06       -1.9543 
310563.2050       416015.9675       1.2977e-06       -2.1046 
310563.2050       416015.9675       1.3904e-06       -2.2549 
310563.2050       416015.9675       1.4831e-06       -2.4052 
310563.2050       416015.9675       1.5758e-06       -2.5556 
310563.2050       416015.9675       1.6685e-06       -2.7059 
416015.9675       557275.5639       0.0000e+00       -0.0000 
416015.9675       557275.5639       1.3194e-14       0.0000 
416015.9675       557275.5639       1.2634e-07       -0.1503 
416015.9675       557275.5639       2.5268e-07       -0.3007 
416015.9675       557275.5639       3.7902e-07       -0.4510 
416015.9675       557275.5639       5.0536e-07       -0.6013 
416015.9675       557275.5639       6.3171e-07       -0.7516 
416015.9675       557275.5639       7.5805e-07       -0.9020 
416015.9675       557275.5639       8.8439e-07       -1.0523 
416015.9675       557275.5639       1.0107e-06       -1.2026 
416015.9675       557275.5639       1.1371e-06       -1.3530 
416015.9675       557275.5639       1.2634e-06       -1.5033 
416015.9675       557275.5639       1.3898e-06       -1.6536 
416015.9675       557275.5639       1.5161e-06       -1.8039 
416015.9675       557275.5639       1.6424e-06       -1.9543 
416015.9675       557275.5639       1.7688e-06       -2.1046 
416015.9675       557275.5639       1.8951e-06       -2.2549 
416015.9675       557275.5639       2.0215e-06       -2.4052 
416015.9675       557275.5639       2.1478e-06       -2.5556 
416015.9675       557275.5639       2.2741e-06       -2.7059 
557275.5639       746517.5120       0.0000e+00       -0.0000 
557275.5639       746517.5120       1.7732e-14       0.0000 
557275.5639       746517.5120       1.7428e-07       -0.1503 
557275.5639       746517.5120       3.4855e-07       -0.3007 
557275.5639       746517.5120       5.2283e-07       -0.4510 
557275.5639       746517.5120       6.9711e-07       -0.6013 
557275.5639       746517.5120       8.7138e-07       -0.7516 
557275.5639       746517.5120       1.0457e-06       -0.9020 
557275.5639       746517.5120       1.2199e-06       -1.0523 
557275.5639       746517.5120       1.3942e-06       -1.2026 
557275.5639       746517.5120       1.5685e-06       -1.3529 
557275.5639       746517.5120       1.7428e-06       -1.5033 
557275.5639       746517.5120       1.9170e-06       -1.6536 
557275.5639       746517.5120       2.0913e-06       -1.8039 
557275.5639       746517.5120       2.2656e-06       -1.9543 
557275.5639       746517.5120       2.4399e-06       -2.1046 
557275.5639       746517.5120       2.6141e-06       -2.2549 
557275.5639       746517.5120       2.7884e-06       -2.4052 
557275.5639       746517.5120       2.9627e-06       -2.5556 
557275.5639       746517.5120       3.1370e-06       -2.7059 
746517.5120       1000000.0000       0.0000e+00       -0.0000 
746517.5120       1000000.0000       5.5487e-13       0.0000 
746517.5120       1000000.0000       2.5380e-07       -0.1503 
746517.5120       1000000.0000       5.0760e-07       -0.3007 
746517.5120       1000000.0000       7.6141e-07       -0.4510 
746517.5120       1000000.0000       1.0152e-06       -0.6013 
746517.5120       1000000.0000       1.2690e-06       -0.7516 
746517.5120       1000000.0000       1.5228e-06       -0.9020 
746517.5120       1000000.0000       1.7766e-06       -1.0523 
746517.5120       1000000.0000       2.0304e-06       -1.2026 
746517.5120       1000000.0000       2.2842e-06       -1.3529 
746517.5120       1000000.0000       2.5380e-06       -1.5033 
746517.5120       1000000.0000       2.7918e-06       -1.6536 
746517.5120       1000000.0000       3.0456e-06       -1.8039 
746517.5120       1000000.0000       3.2994e-06       -1.9543 
746517.5120       1000000.0000       3.5532e-06       -2.1046 
746517.5120       1000000.0000       3.8070e-06       -2.2549 
746517.5120       1000000.0000       4.0608e-06       -2.4052 
746517.5120       1000000.0000       4.3146e-06       -2.5556 
746517.5120       1000000.0000       4.5684e-06       -2.7059 
