#Canes_V2  Log10(Jfactor)=17.820   sigmaJ=0.470 
#[0]emin(MeV) [1]emax(MeV) [2]eflux(MeV/cm^2/s) [3]deltaLogLike 
500.0000       669.7766       0.0000e+00       0.0000 
500.0000       669.7766       3.8474e-11       -0.0006 
500.0000       669.7766       3.4253e-09       -0.0593 
500.0000       669.7766       6.8122e-09       -0.1307 
500.0000       669.7766       1.0199e-08       -0.2142 
500.0000       669.7766       1.3586e-08       -0.3094 
500.0000       669.7766       1.6973e-08       -0.4161 
500.0000       669.7766       2.0360e-08       -0.5338 
500.0000       669.7766       2.3746e-08       -0.6622 
500.0000       669.7766       2.7133e-08       -0.8010 
500.0000       669.7766       3.0520e-08       -0.9498 
500.0000       669.7766       3.3907e-08       -1.1086 
500.0000       669.7766       3.7294e-08       -1.2769 
500.0000       669.7766       4.0681e-08       -1.4545 
500.0000       669.7766       4.4067e-08       -1.6412 
500.0000       669.7766       4.7454e-08       -1.8367 
500.0000       669.7766       5.0841e-08       -2.0410 
500.0000       669.7766       5.4228e-08       -2.2537 
500.0000       669.7766       5.7615e-08       -2.4747 
500.0000       669.7766       6.1002e-08       -2.7038 
669.7766       897.2222       0.0000e+00       -0.0002 
669.7766       897.2222       1.4990e-10       0.0000 
669.7766       897.2222       3.6530e-09       -0.0073 
669.7766       897.2222       7.1561e-09       -0.0362 
669.7766       897.2222       1.0659e-08       -0.0854 
669.7766       897.2222       1.4162e-08       -0.1538 
669.7766       897.2222       1.7665e-08       -0.2404 
669.7766       897.2222       2.1168e-08       -0.3442 
669.7766       897.2222       2.4671e-08       -0.4645 
669.7766       897.2222       2.8175e-08       -0.6005 
669.7766       897.2222       3.1678e-08       -0.7515 
669.7766       897.2222       3.5181e-08       -0.9170 
669.7766       897.2222       3.8684e-08       -1.0964 
669.7766       897.2222       4.2187e-08       -1.2891 
669.7766       897.2222       4.5690e-08       -1.4946 
669.7766       897.2222       4.9193e-08       -1.7127 
669.7766       897.2222       5.2696e-08       -1.9428 
669.7766       897.2222       5.6199e-08       -2.1845 
669.7766       897.2222       5.9702e-08       -2.4375 
669.7766       897.2222       6.3205e-08       -2.7015 
897.2222       1201.8769       0.0000e+00       0.0000 
897.2222       1201.8769       9.6810e-11       -0.0007 
897.2222       1201.8769       2.9043e-09       -0.0309 
897.2222       1201.8769       5.7117e-09       -0.0793 
897.2222       1201.8769       8.5192e-09       -0.1447 
897.2222       1201.8769       1.1327e-08       -0.2263 
897.2222       1201.8769       1.4134e-08       -0.3232 
897.2222       1201.8769       1.6942e-08       -0.4348 
897.2222       1201.8769       1.9749e-08       -0.5601 
897.2222       1201.8769       2.2556e-08       -0.6988 
897.2222       1201.8769       2.5364e-08       -0.8500 
897.2222       1201.8769       2.8171e-08       -1.0134 
897.2222       1201.8769       3.0979e-08       -1.1885 
897.2222       1201.8769       3.3786e-08       -1.3746 
897.2222       1201.8769       3.6594e-08       -1.5716 
897.2222       1201.8769       3.9401e-08       -1.7788 
897.2222       1201.8769       4.2209e-08       -1.9960 
897.2222       1201.8769       4.5016e-08       -2.2229 
897.2222       1201.8769       4.7824e-08       -2.4590 
897.2222       1201.8769       5.0631e-08       -2.7041 
1201.8769       1609.9782       0.0000e+00       -0.0000 
1201.8769       1609.9782       1.8845e-13       0.0000 
1201.8769       1609.9782       1.9879e-09       -0.1059 
1201.8769       1609.9782       3.9756e-09       -0.2179 
1201.8769       1609.9782       5.9634e-09       -0.3359 
1201.8769       1609.9782       7.9511e-09       -0.4597 
1201.8769       1609.9782       9.9388e-09       -0.5891 
1201.8769       1609.9782       1.1927e-08       -0.7238 
1201.8769       1609.9782       1.3914e-08       -0.8637 
1201.8769       1609.9782       1.5902e-08       -1.0087 
1201.8769       1609.9782       1.7890e-08       -1.1585 
1201.8769       1609.9782       1.9877e-08       -1.3131 
1201.8769       1609.9782       2.1865e-08       -1.4722 
1201.8769       1609.9782       2.3853e-08       -1.6359 
1201.8769       1609.9782       2.5841e-08       -1.8039 
1201.8769       1609.9782       2.7828e-08       -1.9761 
1201.8769       1609.9782       2.9816e-08       -2.1524 
1201.8769       1609.9782       3.1804e-08       -2.3327 
1201.8769       1609.9782       3.3792e-08       -2.5170 
1201.8769       1609.9782       3.5779e-08       -2.7050 
1609.9782       2156.6516       0.0000e+00       0.0000 
1609.9782       2156.6516       6.6805e-14       -0.0000 
1609.9782       2156.6516       2.0826e-09       -0.0849 
1609.9782       2156.6516       4.1652e-09       -0.1809 
1609.9782       2156.6516       6.2477e-09       -0.2868 
1609.9782       2156.6516       8.3303e-09       -0.4020 
1609.9782       2156.6516       1.0413e-08       -0.5256 
1609.9782       2156.6516       1.2495e-08       -0.6571 
1609.9782       2156.6516       1.4578e-08       -0.7959 
1609.9782       2156.6516       1.6661e-08       -0.9416 
1609.9782       2156.6516       1.8743e-08       -1.0938 
1609.9782       2156.6516       2.0826e-08       -1.2521 
1609.9782       2156.6516       2.2908e-08       -1.4162 
1609.9782       2156.6516       2.4991e-08       -1.5857 
1609.9782       2156.6516       2.7073e-08       -1.7605 
1609.9782       2156.6516       2.9156e-08       -1.9403 
1609.9782       2156.6516       3.1238e-08       -2.1247 
1609.9782       2156.6516       3.3321e-08       -2.3138 
1609.9782       2156.6516       3.5404e-08       -2.5071 
1609.9782       2156.6516       3.7486e-08       -2.7047 
2156.6516       2889.0164       0.0000e+00       -0.1586 
2156.6516       2889.0164       6.9123e-09       0.0000 
2156.6516       2889.0164       9.4135e-09       -0.0155 
2156.6516       2889.0164       1.1915e-08       -0.0588 
2156.6516       2889.0164       1.4416e-08       -0.1257 
2156.6516       2889.0164       1.6917e-08       -0.2130 
2156.6516       2889.0164       1.9419e-08       -0.3181 
2156.6516       2889.0164       2.1920e-08       -0.4390 
2156.6516       2889.0164       2.4421e-08       -0.5741 
2156.6516       2889.0164       2.6922e-08       -0.7219 
2156.6516       2889.0164       2.9423e-08       -0.8812 
2156.6516       2889.0164       3.1925e-08       -1.0511 
2156.6516       2889.0164       3.4426e-08       -1.2307 
2156.6516       2889.0164       3.6927e-08       -1.4192 
2156.6516       2889.0164       3.9428e-08       -1.6160 
2156.6516       2889.0164       4.1930e-08       -1.8205 
2156.6516       2889.0164       4.4431e-08       -2.0322 
2156.6516       2889.0164       4.6932e-08       -2.2507 
2156.6516       2889.0164       4.9433e-08       -2.4755 
2156.6516       2889.0164       5.1935e-08       -2.7062 
2889.0164       3869.9914       0.0000e+00       -0.0000 
2889.0164       3869.9914       9.0789e-15       0.0000 
2889.0164       3869.9914       1.7375e-09       -0.1200 
2889.0164       3869.9914       3.4749e-09       -0.2453 
2889.0164       3869.9914       5.2124e-09       -0.3755 
2889.0164       3869.9914       6.9498e-09       -0.5100 
2889.0164       3869.9914       8.6873e-09       -0.6484 
2889.0164       3869.9914       1.0425e-08       -0.7906 
2889.0164       3869.9914       1.2162e-08       -0.9361 
2889.0164       3869.9914       1.3900e-08       -1.0847 
2889.0164       3869.9914       1.5637e-08       -1.2363 
2889.0164       3869.9914       1.7375e-08       -1.3905 
2889.0164       3869.9914       1.9112e-08       -1.5473 
2889.0164       3869.9914       2.0849e-08       -1.7066 
2889.0164       3869.9914       2.2587e-08       -1.8680 
2889.0164       3869.9914       2.4324e-08       -2.0317 
2889.0164       3869.9914       2.6062e-08       -2.1973 
2889.0164       3869.9914       2.7799e-08       -2.3649 
2889.0164       3869.9914       2.9537e-08       -2.5343 
2889.0164       3869.9914       3.1274e-08       -2.7055 
3869.9914       5184.0598       0.0000e+00       0.0000 
3869.9914       5184.0598       5.7375e-15       -0.0000 
3869.9914       5184.0598       1.2777e-09       -0.1500 
3869.9914       5184.0598       2.5554e-09       -0.3001 
3869.9914       5184.0598       3.8331e-09       -0.4502 
3869.9914       5184.0598       5.1108e-09       -0.6003 
3869.9914       5184.0598       6.3885e-09       -0.7505 
3869.9914       5184.0598       7.6661e-09       -0.9007 
3869.9914       5184.0598       8.9438e-09       -1.0510 
3869.9914       5184.0598       1.0222e-08       -1.2013 
3869.9914       5184.0598       1.1499e-08       -1.3516 
3869.9914       5184.0598       1.2777e-08       -1.5019 
3869.9914       5184.0598       1.4055e-08       -1.6523 
3869.9914       5184.0598       1.5332e-08       -1.8027 
3869.9914       5184.0598       1.6610e-08       -1.9532 
3869.9914       5184.0598       1.7888e-08       -2.1036 
3869.9914       5184.0598       1.9165e-08       -2.2542 
3869.9914       5184.0598       2.0443e-08       -2.4047 
3869.9914       5184.0598       2.1721e-08       -2.5553 
3869.9914       5184.0598       2.2998e-08       -2.7059 
5184.0598       6944.3244       0.0000e+00       -0.6900 
5184.0598       6944.3244       1.3127e-09       -0.4655 
5184.0598       6944.3244       2.6255e-09       -0.3138 
5184.0598       6944.3244       3.9382e-09       -0.2070 
5184.0598       6944.3244       5.2510e-09       -0.1309 
5184.0598       6944.3244       6.5637e-09       -0.0771 
5184.0598       6944.3244       7.8765e-09       -0.0402 
5184.0598       6944.3244       9.1892e-09       -0.0166 
5184.0598       6944.3244       1.0502e-08       -0.0038 
5184.0598       6944.3244       1.1815e-08       0.0000 
5184.0598       6944.3244       1.8070e-08       -0.0687 
5184.0598       6944.3244       2.4325e-08       -0.2305 
5184.0598       6944.3244       3.0580e-08       -0.4495 
5184.0598       6944.3244       3.6835e-08       -0.7080 
5184.0598       6944.3244       4.3090e-08       -0.9959 
5184.0598       6944.3244       4.9346e-08       -1.3067 
5184.0598       6944.3244       5.5601e-08       -1.6359 
5184.0598       6944.3244       6.1856e-08       -1.9806 
5184.0598       6944.3244       6.8111e-08       -2.3382 
5184.0598       6944.3244       7.4366e-08       -2.7072 
6944.3244       9302.5069       0.0000e+00       -0.0108 
6944.3244       9302.5069       2.4118e-09       0.0000 
6944.3244       9302.5069       6.5272e-09       -0.0239 
6944.3244       9302.5069       1.0643e-08       -0.0856 
6944.3244       9302.5069       1.4758e-08       -0.1741 
6944.3244       9302.5069       1.8874e-08       -0.2828 
6944.3244       9302.5069       2.2989e-08       -0.4072 
6944.3244       9302.5069       2.7104e-08       -0.5443 
6944.3244       9302.5069       3.1220e-08       -0.6919 
6944.3244       9302.5069       3.5335e-08       -0.8483 
6944.3244       9302.5069       3.9451e-08       -1.0123 
6944.3244       9302.5069       4.3566e-08       -1.1828 
6944.3244       9302.5069       4.7682e-08       -1.3591 
6944.3244       9302.5069       5.1797e-08       -1.5405 
6944.3244       9302.5069       5.5912e-08       -1.7266 
6944.3244       9302.5069       6.0028e-08       -1.9167 
6944.3244       9302.5069       6.4143e-08       -2.1106 
6944.3244       9302.5069       6.8259e-08       -2.3079 
6944.3244       9302.5069       7.2374e-08       -2.5084 
6944.3244       9302.5069       7.6490e-08       -2.7118 
9302.5069       12461.2038       0.0000e+00       -0.0000 
9302.5069       12461.2038       1.2882e-13       0.0000 
9302.5069       12461.2038       3.0152e-09       -0.1489 
9302.5069       12461.2038       6.0304e-09       -0.2980 
9302.5069       12461.2038       9.0455e-09       -0.4472 
9302.5069       12461.2038       1.2061e-08       -0.5967 
9302.5069       12461.2038       1.5076e-08       -0.7463 
9302.5069       12461.2038       1.8091e-08       -0.8961 
9302.5069       12461.2038       2.1106e-08       -1.0460 
9302.5069       12461.2038       2.4121e-08       -1.1961 
9302.5069       12461.2038       2.7136e-08       -1.3464 
9302.5069       12461.2038       3.0151e-08       -1.4969 
9302.5069       12461.2038       3.3166e-08       -1.6475 
9302.5069       12461.2038       3.6181e-08       -1.7982 
9302.5069       12461.2038       3.9197e-08       -1.9491 
9302.5069       12461.2038       4.2212e-08       -2.1002 
9302.5069       12461.2038       4.5227e-08       -2.2514 
9302.5069       12461.2038       4.8242e-08       -2.4028 
9302.5069       12461.2038       5.1257e-08       -2.5543 
9302.5069       12461.2038       5.4272e-08       -2.7059 
12461.2038       16692.4468       0.0000e+00       0.0000 
12461.2038       16692.4468       4.7178e-13       -0.0000 
12461.2038       16692.4468       5.8011e-09       -0.0701 
12461.2038       16692.4468       1.1602e-08       -0.1611 
12461.2038       16692.4468       1.7402e-08       -0.2681 
12461.2038       16692.4468       2.3203e-08       -0.3880 
12461.2038       16692.4468       2.9003e-08       -0.5183 
12461.2038       16692.4468       3.4804e-08       -0.6573 
12461.2038       16692.4468       4.0605e-08       -0.8036 
12461.2038       16692.4468       4.6405e-08       -0.9563 
12461.2038       16692.4468       5.2206e-08       -1.1145 
12461.2038       16692.4468       5.8006e-08       -1.2775 
12461.2038       16692.4468       6.3807e-08       -1.4448 
12461.2038       16692.4468       6.9608e-08       -1.6160 
12461.2038       16692.4468       7.5408e-08       -1.7905 
12461.2038       16692.4468       8.1209e-08       -1.9682 
12461.2038       16692.4468       8.7009e-08       -2.1487 
12461.2038       16692.4468       9.2810e-08       -2.3318 
12461.2038       16692.4468       9.8610e-08       -2.5173 
12461.2038       16692.4468       1.0441e-07       -2.7049 
16692.4468       22360.9371       0.0000e+00       -0.0000 
16692.4468       22360.9371       2.6259e-14       0.0000 
16692.4468       22360.9371       5.4123e-09       -0.1443 
16692.4468       22360.9371       1.0825e-08       -0.2896 
16692.4468       22360.9371       1.6237e-08       -0.4357 
16692.4468       22360.9371       2.1649e-08       -0.5827 
16692.4468       22360.9371       2.7062e-08       -0.7304 
16692.4468       22360.9371       3.2474e-08       -0.8788 
16692.4468       22360.9371       3.7886e-08       -1.0279 
16692.4468       22360.9371       4.3298e-08       -1.1777 
16692.4468       22360.9371       4.8711e-08       -1.3281 
16692.4468       22360.9371       5.4123e-08       -1.4791 
16692.4468       22360.9371       5.9535e-08       -1.6307 
16692.4468       22360.9371       6.4948e-08       -1.7828 
16692.4468       22360.9371       7.0360e-08       -1.9355 
16692.4468       22360.9371       7.5772e-08       -2.0886 
16692.4468       22360.9371       8.1185e-08       -2.2422 
16692.4468       22360.9371       8.6597e-08       -2.3962 
16692.4468       22360.9371       9.2009e-08       -2.5507 
16692.4468       22360.9371       9.7422e-08       -2.7056 
22360.9371       29953.6672       0.0000e+00       -0.0000 
22360.9371       29953.6672       4.7203e-14       0.0000 
22360.9371       29953.6672       6.4852e-09       -0.1501 
22360.9371       29953.6672       1.2970e-08       -0.3003 
22360.9371       29953.6672       1.9456e-08       -0.4505 
22360.9371       29953.6672       2.5941e-08       -0.6007 
22360.9371       29953.6672       3.2426e-08       -0.7509 
22360.9371       29953.6672       3.8911e-08       -0.9012 
22360.9371       29953.6672       4.5396e-08       -1.0515 
22360.9371       29953.6672       5.1882e-08       -1.2018 
22360.9371       29953.6672       5.8367e-08       -1.3521 
22360.9371       29953.6672       6.4852e-08       -1.5024 
22360.9371       29953.6672       7.1337e-08       -1.6528 
22360.9371       29953.6672       7.7822e-08       -1.8032 
22360.9371       29953.6672       8.4308e-08       -1.9536 
22360.9371       29953.6672       9.0793e-08       -2.1040 
22360.9371       29953.6672       9.7278e-08       -2.2544 
22360.9371       29953.6672       1.0376e-07       -2.4049 
22360.9371       29953.6672       1.1025e-07       -2.5554 
22360.9371       29953.6672       1.1673e-07       -2.7059 
29953.6672       40124.5339       0.0000e+00       -0.0000 
29953.6672       40124.5339       5.6113e-15       0.0000 
29953.6672       40124.5339       8.5941e-09       -0.1501 
29953.6672       40124.5339       1.7188e-08       -0.3002 
29953.6672       40124.5339       2.5782e-08       -0.4503 
29953.6672       40124.5339       3.4376e-08       -0.6005 
29953.6672       40124.5339       4.2970e-08       -0.7506 
29953.6672       40124.5339       5.1565e-08       -0.9009 
29953.6672       40124.5339       6.0159e-08       -1.0511 
29953.6672       40124.5339       6.8753e-08       -1.2014 
29953.6672       40124.5339       7.7347e-08       -1.3517 
29953.6672       40124.5339       8.5941e-08       -1.5021 
29953.6672       40124.5339       9.4535e-08       -1.6525 
29953.6672       40124.5339       1.0313e-07       -1.8029 
29953.6672       40124.5339       1.1172e-07       -1.9533 
29953.6672       40124.5339       1.2032e-07       -2.1038 
29953.6672       40124.5339       1.2891e-07       -2.2543 
29953.6672       40124.5339       1.3751e-07       -2.4048 
29953.6672       40124.5339       1.4610e-07       -2.5553 
29953.6672       40124.5339       1.5469e-07       -2.7059 
40124.5339       53748.9519       0.0000e+00       -0.0000 
40124.5339       53748.9519       3.0639e-14       0.0000 
40124.5339       53748.9519       1.5525e-08       -0.0961 
40124.5339       53748.9519       3.1049e-08       -0.2051 
40124.5339       53748.9519       4.6573e-08       -0.3246 
40124.5339       53748.9519       6.2098e-08       -0.4526 
40124.5339       53748.9519       7.7622e-08       -0.5879 
40124.5339       53748.9519       9.3147e-08       -0.7293 
40124.5339       53748.9519       1.0867e-07       -0.8760 
40124.5339       53748.9519       1.2420e-07       -1.0273 
40124.5339       53748.9519       1.3972e-07       -1.1826 
40124.5339       53748.9519       1.5524e-07       -1.3415 
40124.5339       53748.9519       1.7077e-07       -1.5036 
40124.5339       53748.9519       1.8629e-07       -1.6685 
40124.5339       53748.9519       2.0182e-07       -1.8360 
40124.5339       53748.9519       2.1734e-07       -2.0058 
40124.5339       53748.9519       2.3287e-07       -2.1777 
40124.5339       53748.9519       2.4839e-07       -2.3516 
40124.5339       53748.9519       2.6392e-07       -2.5273 
40124.5339       53748.9519       2.7944e-07       -2.7045 
53748.9519       72001.2440       0.0000e+00       -0.0000 
53748.9519       72001.2440       2.8770e-14       0.0000 
53748.9519       72001.2440       1.4584e-08       -0.1503 
53748.9519       72001.2440       2.9168e-08       -0.3006 
53748.9519       72001.2440       4.3752e-08       -0.4509 
53748.9519       72001.2440       5.8336e-08       -0.6012 
53748.9519       72001.2440       7.2919e-08       -0.7515 
53748.9519       72001.2440       8.7503e-08       -0.9018 
53748.9519       72001.2440       1.0209e-07       -1.0521 
53748.9519       72001.2440       1.1667e-07       -1.2024 
53748.9519       72001.2440       1.3125e-07       -1.3527 
53748.9519       72001.2440       1.4584e-07       -1.5031 
53748.9519       72001.2440       1.6042e-07       -1.6534 
53748.9519       72001.2440       1.7501e-07       -1.8037 
53748.9519       72001.2440       1.8959e-07       -1.9541 
53748.9519       72001.2440       2.0417e-07       -2.1044 
53748.9519       72001.2440       2.1876e-07       -2.2548 
53748.9519       72001.2440       2.3334e-07       -2.4052 
53748.9519       72001.2440       2.4793e-07       -2.5555 
53748.9519       72001.2440       2.6251e-07       -2.7059 
72001.2440       96449.5043       0.0000e+00       -2.8533 
72001.2440       96449.5043       2.9827e-09       -2.2358 
72001.2440       96449.5043       2.1132e-08       -0.9967 
72001.2440       96449.5043       3.9281e-08       -0.5580 
72001.2440       96449.5043       5.7430e-08       -0.3201 
72001.2440       96449.5043       7.5579e-08       -0.1764 
72001.2440       96449.5043       9.3729e-08       -0.0876 
72001.2440       96449.5043       1.1188e-07       -0.0349 
72001.2440       96449.5043       1.3003e-07       -0.0078 
72001.2440       96449.5043       1.4818e-07       0.0000 
72001.2440       96449.5043       2.0701e-07       -0.0632 
72001.2440       96449.5043       2.6585e-07       -0.2123 
72001.2440       96449.5043       3.2468e-07       -0.4140 
72001.2440       96449.5043       3.8352e-07       -0.6519 
72001.2440       96449.5043       4.4236e-07       -0.9162 
72001.2440       96449.5043       5.0119e-07       -1.2007 
72001.2440       96449.5043       5.6003e-07       -1.5014 
72001.2440       96449.5043       6.1886e-07       -1.8154 
72001.2440       96449.5043       6.7770e-07       -2.1403 
72001.2440       96449.5043       7.3654e-07       -2.4746 
96449.5043       129199.2522       0.0000e+00       -0.0000 
96449.5043       129199.2522       1.0460e-13       0.0000 
96449.5043       129199.2522       2.5899e-08       -0.1503 
96449.5043       129199.2522       5.1797e-08       -0.3006 
96449.5043       129199.2522       7.7695e-08       -0.4510 
96449.5043       129199.2522       1.0359e-07       -0.6013 
96449.5043       129199.2522       1.2949e-07       -0.7516 
96449.5043       129199.2522       1.5539e-07       -0.9020 
96449.5043       129199.2522       1.8129e-07       -1.0523 
96449.5043       129199.2522       2.0719e-07       -1.2026 
96449.5043       129199.2522       2.3309e-07       -1.3529 
96449.5043       129199.2522       2.5898e-07       -1.5033 
96449.5043       129199.2522       2.8488e-07       -1.6536 
96449.5043       129199.2522       3.1078e-07       -1.8039 
96449.5043       129199.2522       3.3668e-07       -1.9543 
96449.5043       129199.2522       3.6258e-07       -2.1046 
96449.5043       129199.2522       3.8848e-07       -2.2549 
96449.5043       129199.2522       4.1437e-07       -2.4052 
96449.5043       129199.2522       4.4027e-07       -2.5556 
96449.5043       129199.2522       4.6617e-07       -2.7059 
129199.2522       173069.2852       0.0000e+00       -0.0000 
129199.2522       173069.2852       1.7537e-13       0.0000 
129199.2522       173069.2852       3.4920e-08       -0.1503 
129199.2522       173069.2852       6.9839e-08       -0.3007 
129199.2522       173069.2852       1.0476e-07       -0.4510 
129199.2522       173069.2852       1.3968e-07       -0.6013 
129199.2522       173069.2852       1.7460e-07       -0.7516 
129199.2522       173069.2852       2.0952e-07       -0.9020 
129199.2522       173069.2852       2.4444e-07       -1.0523 
129199.2522       173069.2852       2.7936e-07       -1.2026 
129199.2522       173069.2852       3.1428e-07       -1.3529 
129199.2522       173069.2852       3.4920e-07       -1.5033 
129199.2522       173069.2852       3.8412e-07       -1.6536 
129199.2522       173069.2852       4.1904e-07       -1.8039 
129199.2522       173069.2852       4.5395e-07       -1.9543 
129199.2522       173069.2852       4.8887e-07       -2.1046 
129199.2522       173069.2852       5.2379e-07       -2.2549 
129199.2522       173069.2852       5.5871e-07       -2.4052 
129199.2522       173069.2852       5.9363e-07       -2.5556 
129199.2522       173069.2852       6.2855e-07       -2.7059 
173069.2852       231840.8711       0.0000e+00       -0.0000 
173069.2852       231840.8711       6.7766e-14       0.0000 
173069.2852       231840.8711       4.6742e-08       -0.1503 
173069.2852       231840.8711       9.3485e-08       -0.3007 
173069.2852       231840.8711       1.4023e-07       -0.4510 
173069.2852       231840.8711       1.8697e-07       -0.6013 
173069.2852       231840.8711       2.3371e-07       -0.7516 
173069.2852       231840.8711       2.8045e-07       -0.9020 
173069.2852       231840.8711       3.2720e-07       -1.0523 
173069.2852       231840.8711       3.7394e-07       -1.2026 
173069.2852       231840.8711       4.2068e-07       -1.3530 
173069.2852       231840.8711       4.6742e-07       -1.5033 
173069.2852       231840.8711       5.1417e-07       -1.6536 
173069.2852       231840.8711       5.6091e-07       -1.8039 
173069.2852       231840.8711       6.0765e-07       -1.9543 
173069.2852       231840.8711       6.5439e-07       -2.1046 
173069.2852       231840.8711       7.0113e-07       -2.2549 
173069.2852       231840.8711       7.4788e-07       -2.4052 
173069.2852       231840.8711       7.9462e-07       -2.5556 
173069.2852       231840.8711       8.4136e-07       -2.7059 
231840.8711       310563.2050       0.0000e+00       -0.0000 
231840.8711       310563.2050       8.5096e-12       0.0000 
231840.8711       310563.2050       9.1688e-08       -0.0915 
231840.8711       310563.2050       1.8337e-07       -0.1973 
231840.8711       310563.2050       2.7505e-07       -0.3144 
231840.8711       310563.2050       3.6673e-07       -0.4410 
231840.8711       310563.2050       4.5841e-07       -0.5754 
231840.8711       310563.2050       5.5009e-07       -0.7164 
231840.8711       310563.2050       6.4177e-07       -0.8631 
231840.8711       310563.2050       7.3345e-07       -1.0146 
231840.8711       310563.2050       8.2513e-07       -1.1705 
231840.8711       310563.2050       9.1681e-07       -1.3302 
231840.8711       310563.2050       1.0085e-06       -1.4932 
231840.8711       310563.2050       1.1002e-06       -1.6592 
231840.8711       310563.2050       1.1918e-06       -1.8280 
231840.8711       310563.2050       1.2835e-06       -1.9992 
231840.8711       310563.2050       1.3752e-06       -2.1726 
231840.8711       310563.2050       1.4669e-06       -2.3480 
231840.8711       310563.2050       1.5586e-06       -2.5253 
231840.8711       310563.2050       1.6502e-06       -2.7043 
310563.2050       416015.9675       0.0000e+00       -0.0000 
310563.2050       416015.9675       4.0933e-13       0.0000 
310563.2050       416015.9675       8.4753e-08       -0.1503 
310563.2050       416015.9675       1.6951e-07       -0.3007 
310563.2050       416015.9675       2.5426e-07       -0.4510 
310563.2050       416015.9675       3.3901e-07       -0.6013 
310563.2050       416015.9675       4.2377e-07       -0.7516 
310563.2050       416015.9675       5.0852e-07       -0.9020 
310563.2050       416015.9675       5.9327e-07       -1.0523 
310563.2050       416015.9675       6.7802e-07       -1.2026 
310563.2050       416015.9675       7.6278e-07       -1.3530 
310563.2050       416015.9675       8.4753e-07       -1.5033 
310563.2050       416015.9675       9.3228e-07       -1.6536 
310563.2050       416015.9675       1.0170e-06       -1.8039 
310563.2050       416015.9675       1.1018e-06       -1.9543 
310563.2050       416015.9675       1.1865e-06       -2.1046 
310563.2050       416015.9675       1.2713e-06       -2.2549 
310563.2050       416015.9675       1.3560e-06       -2.4052 
310563.2050       416015.9675       1.4408e-06       -2.5556 
310563.2050       416015.9675       1.5256e-06       -2.7059 
416015.9675       557275.5639       0.0000e+00       -0.0000 
416015.9675       557275.5639       4.2446e-14       0.0000 
416015.9675       557275.5639       1.1534e-07       -0.1503 
416015.9675       557275.5639       2.3068e-07       -0.3007 
416015.9675       557275.5639       3.4603e-07       -0.4510 
416015.9675       557275.5639       4.6137e-07       -0.6013 
416015.9675       557275.5639       5.7671e-07       -0.7516 
416015.9675       557275.5639       6.9205e-07       -0.9020 
416015.9675       557275.5639       8.0740e-07       -1.0523 
416015.9675       557275.5639       9.2274e-07       -1.2026 
416015.9675       557275.5639       1.0381e-06       -1.3529 
416015.9675       557275.5639       1.1534e-06       -1.5033 
416015.9675       557275.5639       1.2688e-06       -1.6536 
416015.9675       557275.5639       1.3841e-06       -1.8039 
416015.9675       557275.5639       1.4995e-06       -1.9543 
416015.9675       557275.5639       1.6148e-06       -2.1046 
416015.9675       557275.5639       1.7301e-06       -2.2549 
416015.9675       557275.5639       1.8455e-06       -2.4052 
416015.9675       557275.5639       1.9608e-06       -2.5556 
416015.9675       557275.5639       2.0762e-06       -2.7059 
557275.5639       746517.5120       0.0000e+00       -0.0000 
557275.5639       746517.5120       2.8040e-13       0.0000 
557275.5639       746517.5120       1.5890e-07       -0.1503 
557275.5639       746517.5120       3.1779e-07       -0.3007 
557275.5639       746517.5120       4.7669e-07       -0.4510 
557275.5639       746517.5120       6.3558e-07       -0.6013 
557275.5639       746517.5120       7.9448e-07       -0.7516 
557275.5639       746517.5120       9.5338e-07       -0.9020 
557275.5639       746517.5120       1.1123e-06       -1.0523 
557275.5639       746517.5120       1.2712e-06       -1.2026 
557275.5639       746517.5120       1.4301e-06       -1.3530 
557275.5639       746517.5120       1.5890e-06       -1.5033 
557275.5639       746517.5120       1.7479e-06       -1.6536 
557275.5639       746517.5120       1.9068e-06       -1.8040 
557275.5639       746517.5120       2.0656e-06       -1.9543 
557275.5639       746517.5120       2.2245e-06       -2.1046 
557275.5639       746517.5120       2.3834e-06       -2.2549 
557275.5639       746517.5120       2.5423e-06       -2.4053 
557275.5639       746517.5120       2.7012e-06       -2.5556 
557275.5639       746517.5120       2.8601e-06       -2.7059 
746517.5120       1000000.0000       0.0000e+00       -0.0001 
746517.5120       1000000.0000       2.3088e-12       0.0000 
746517.5120       1000000.0000       2.3241e-07       -0.1503 
746517.5120       1000000.0000       4.6482e-07       -0.3007 
746517.5120       1000000.0000       6.9723e-07       -0.4510 
746517.5120       1000000.0000       9.2963e-07       -0.6013 
746517.5120       1000000.0000       1.1620e-06       -0.7517 
746517.5120       1000000.0000       1.3944e-06       -0.9020 
746517.5120       1000000.0000       1.6269e-06       -1.0523 
746517.5120       1000000.0000       1.8593e-06       -1.2027 
746517.5120       1000000.0000       2.0917e-06       -1.3530 
746517.5120       1000000.0000       2.3241e-06       -1.5033 
746517.5120       1000000.0000       2.5565e-06       -1.6536 
746517.5120       1000000.0000       2.7889e-06       -1.8040 
746517.5120       1000000.0000       3.0213e-06       -1.9543 
746517.5120       1000000.0000       3.2537e-06       -2.1046 
746517.5120       1000000.0000       3.4861e-06       -2.2550 
746517.5120       1000000.0000       3.7185e-06       -2.4053 
746517.5120       1000000.0000       3.9509e-06       -2.5556 
746517.5120       1000000.0000       4.1833e-06       -2.7060 
