#Bootes_4  Log10(Jfactor)=17.250   sigmaJ=0.600 
#[0]emin(MeV) [1]emax(MeV) [2]eflux(MeV/cm^2/s) [3]deltaLogLike 
500.0000       669.7766       0.0000e+00       0.0000 
500.0000       669.7766       1.6000e-12       -0.0000 
500.0000       669.7766       3.1638e-09       -0.0736 
500.0000       669.7766       6.3260e-09       -0.1572 
500.0000       669.7766       9.4882e-09       -0.2506 
500.0000       669.7766       1.2650e-08       -0.3536 
500.0000       669.7766       1.5813e-08       -0.4660 
500.0000       669.7766       1.8975e-08       -0.5876 
500.0000       669.7766       2.2137e-08       -0.7182 
500.0000       669.7766       2.5299e-08       -0.8576 
500.0000       669.7766       2.8461e-08       -1.0058 
500.0000       669.7766       3.1624e-08       -1.1624 
500.0000       669.7766       3.4786e-08       -1.3273 
500.0000       669.7766       3.7948e-08       -1.5005 
500.0000       669.7766       4.1110e-08       -1.6816 
500.0000       669.7766       4.4272e-08       -1.8707 
500.0000       669.7766       4.7435e-08       -2.0675 
500.0000       669.7766       5.0597e-08       -2.2720 
500.0000       669.7766       5.3759e-08       -2.4840 
500.0000       669.7766       5.6921e-08       -2.7033 
669.7766       897.2222       0.0000e+00       -1.0569 
669.7766       897.2222       4.1735e-09       -0.8207 
669.7766       897.2222       8.3470e-09       -0.6180 
669.7766       897.2222       1.2520e-08       -0.4470 
669.7766       897.2222       1.6694e-08       -0.3058 
669.7766       897.2222       2.0867e-08       -0.1929 
669.7766       897.2222       2.5041e-08       -0.1071 
669.7766       897.2222       2.9214e-08       -0.0471 
669.7766       897.2222       3.3388e-08       -0.0117 
669.7766       897.2222       3.7561e-08       0.0000 
669.7766       897.2222       4.4652e-08       -0.0317 
669.7766       897.2222       5.1743e-08       -0.1248 
669.7766       897.2222       5.8833e-08       -0.2757 
669.7766       897.2222       6.5924e-08       -0.4812 
669.7766       897.2222       7.3014e-08       -0.7384 
669.7766       897.2222       8.0105e-08       -1.0448 
669.7766       897.2222       8.7196e-08       -1.3980 
669.7766       897.2222       9.4286e-08       -1.7959 
669.7766       897.2222       1.0138e-07       -2.2366 
669.7766       897.2222       1.0847e-07       -2.7183 
897.2222       1201.8769       0.0000e+00       0.0000 
897.2222       1201.8769       5.9989e-11       -0.0004 
897.2222       1201.8769       2.9307e-09       -0.0288 
897.2222       1201.8769       5.8015e-09       -0.0752 
897.2222       1201.8769       8.6723e-09       -0.1386 
897.2222       1201.8769       1.1543e-08       -0.2182 
897.2222       1201.8769       1.4414e-08       -0.3132 
897.2222       1201.8769       1.7285e-08       -0.4230 
897.2222       1201.8769       2.0155e-08       -0.5469 
897.2222       1201.8769       2.3026e-08       -0.6844 
897.2222       1201.8769       2.5897e-08       -0.8349 
897.2222       1201.8769       2.8768e-08       -0.9979 
897.2222       1201.8769       3.1638e-08       -1.1729 
897.2222       1201.8769       3.4509e-08       -1.3597 
897.2222       1201.8769       3.7380e-08       -1.5577 
897.2222       1201.8769       4.0251e-08       -1.7666 
897.2222       1201.8769       4.3121e-08       -1.9860 
897.2222       1201.8769       4.5992e-08       -2.2157 
897.2222       1201.8769       4.8863e-08       -2.4553 
897.2222       1201.8769       5.1734e-08       -2.7045 
1201.8769       1609.9782       0.0000e+00       0.0000 
1201.8769       1609.9782       1.4671e-12       -0.0000 
1201.8769       1609.9782       2.2326e-09       -0.0556 
1201.8769       1609.9782       4.4637e-09       -0.1260 
1201.8769       1609.9782       6.6948e-09       -0.2102 
1201.8769       1609.9782       8.9259e-09       -0.3074 
1201.8769       1609.9782       1.1157e-08       -0.4168 
1201.8769       1609.9782       1.3388e-08       -0.5377 
1201.8769       1609.9782       1.5619e-08       -0.6693 
1201.8769       1609.9782       1.7850e-08       -0.8113 
1201.8769       1609.9782       2.0081e-08       -0.9630 
1201.8769       1609.9782       2.2312e-08       -1.1241 
1201.8769       1609.9782       2.4544e-08       -1.2940 
1201.8769       1609.9782       2.6775e-08       -1.4725 
1201.8769       1609.9782       2.9006e-08       -1.6591 
1201.8769       1609.9782       3.1237e-08       -1.8536 
1201.8769       1609.9782       3.3468e-08       -2.0555 
1201.8769       1609.9782       3.5699e-08       -2.2648 
1201.8769       1609.9782       3.7930e-08       -2.4811 
1201.8769       1609.9782       4.0161e-08       -2.7041 
1609.9782       2156.6516       0.0000e+00       -0.0559 
1609.9782       2156.6516       4.4538e-09       0.0000 
1609.9782       2156.6516       6.8764e-09       -0.0141 
1609.9782       2156.6516       9.2990e-09       -0.0542 
1609.9782       2156.6516       1.1722e-08       -0.1169 
1609.9782       2156.6516       1.4144e-08       -0.1998 
1609.9782       2156.6516       1.6567e-08       -0.3009 
1609.9782       2156.6516       1.8989e-08       -0.4185 
1609.9782       2156.6516       2.1412e-08       -0.5512 
1609.9782       2156.6516       2.3835e-08       -0.6977 
1609.9782       2156.6516       2.6257e-08       -0.8570 
1609.9782       2156.6516       2.8680e-08       -1.0283 
1609.9782       2156.6516       3.1103e-08       -1.2107 
1609.9782       2156.6516       3.3525e-08       -1.4036 
1609.9782       2156.6516       3.5948e-08       -1.6062 
1609.9782       2156.6516       3.8370e-08       -1.8181 
1609.9782       2156.6516       4.0793e-08       -2.0388 
1609.9782       2156.6516       4.3216e-08       -2.2677 
1609.9782       2156.6516       4.5638e-08       -2.5045 
1609.9782       2156.6516       4.8061e-08       -2.7489 
2156.6516       2889.0164       0.0000e+00       -0.0433 
2156.6516       2889.0164       4.0132e-09       0.0000 
2156.6516       2889.0164       6.6211e-09       -0.0147 
2156.6516       2889.0164       9.2289e-09       -0.0564 
2156.6516       2889.0164       1.1837e-08       -0.1213 
2156.6516       2889.0164       1.4445e-08       -0.2064 
2156.6516       2889.0164       1.7052e-08       -0.3094 
2156.6516       2889.0164       1.9660e-08       -0.4286 
2156.6516       2889.0164       2.2268e-08       -0.5625 
2156.6516       2889.0164       2.4876e-08       -0.7097 
2156.6516       2889.0164       2.7484e-08       -0.8693 
2156.6516       2889.0164       3.0091e-08       -1.0404 
2156.6516       2889.0164       3.2699e-08       -1.2221 
2156.6516       2889.0164       3.5307e-08       -1.4138 
2156.6516       2889.0164       3.7915e-08       -1.6148 
2156.6516       2889.0164       4.0523e-08       -1.8247 
2156.6516       2889.0164       4.3130e-08       -2.0429 
2156.6516       2889.0164       4.5738e-08       -2.2690 
2156.6516       2889.0164       4.8346e-08       -2.5026 
2156.6516       2889.0164       5.0954e-08       -2.7434 
2889.0164       3869.9914       0.0000e+00       0.0000 
2889.0164       3869.9914       3.2518e-13       -0.0000 
2889.0164       3869.9914       1.4582e-09       -0.1355 
2889.0164       3869.9914       2.9160e-09       -0.2733 
2889.0164       3869.9914       4.3739e-09       -0.4132 
2889.0164       3869.9914       5.8317e-09       -0.5550 
2889.0164       3869.9914       7.2896e-09       -0.6988 
2889.0164       3869.9914       8.7474e-09       -0.8443 
2889.0164       3869.9914       1.0205e-08       -0.9916 
2889.0164       3869.9914       1.1663e-08       -1.1405 
2889.0164       3869.9914       1.3121e-08       -1.2910 
2889.0164       3869.9914       1.4579e-08       -1.4429 
2889.0164       3869.9914       1.6037e-08       -1.5963 
2889.0164       3869.9914       1.7495e-08       -1.7510 
2889.0164       3869.9914       1.8952e-08       -1.9071 
2889.0164       3869.9914       2.0410e-08       -2.0644 
2889.0164       3869.9914       2.1868e-08       -2.2230 
2889.0164       3869.9914       2.3326e-08       -2.3828 
2889.0164       3869.9914       2.4784e-08       -2.5437 
2889.0164       3869.9914       2.6242e-08       -2.7057 
3869.9914       5184.0598       0.0000e+00       0.0000 
3869.9914       5184.0598       1.0964e-11       -0.0000 
3869.9914       5184.0598       2.8180e-09       -0.0175 
3869.9914       5184.0598       5.6250e-09       -0.0646 
3869.9914       5184.0598       8.4320e-09       -0.1360 
3869.9914       5184.0598       1.1239e-08       -0.2280 
3869.9914       5184.0598       1.4046e-08       -0.3377 
3869.9914       5184.0598       1.6853e-08       -0.4625 
3869.9914       5184.0598       1.9660e-08       -0.6008 
3869.9914       5184.0598       2.2467e-08       -0.7510 
3869.9914       5184.0598       2.5274e-08       -0.9119 
3869.9914       5184.0598       2.8081e-08       -1.0823 
3869.9914       5184.0598       3.0888e-08       -1.2615 
3869.9914       5184.0598       3.3695e-08       -1.4486 
3869.9914       5184.0598       3.6502e-08       -1.6430 
3869.9914       5184.0598       3.9309e-08       -1.8440 
3869.9914       5184.0598       4.2116e-08       -2.0513 
3869.9914       5184.0598       4.4923e-08       -2.2644 
3869.9914       5184.0598       4.7730e-08       -2.4828 
3869.9914       5184.0598       5.0537e-08       -2.7063 
5184.0598       6944.3244       0.0000e+00       0.0000 
5184.0598       6944.3244       4.0968e-12       -0.0002 
5184.0598       6944.3244       1.9937e-09       -0.1219 
5184.0598       6944.3244       3.9833e-09       -0.2490 
5184.0598       6944.3244       5.9729e-09       -0.3811 
5184.0598       6944.3244       7.9625e-09       -0.5174 
5184.0598       6944.3244       9.9521e-09       -0.6575 
5184.0598       6944.3244       1.1942e-08       -0.8011 
5184.0598       6944.3244       1.3931e-08       -0.9478 
5184.0598       6944.3244       1.5921e-08       -1.0973 
5184.0598       6944.3244       1.7910e-08       -1.2493 
5184.0598       6944.3244       1.9900e-08       -1.4037 
5184.0598       6944.3244       2.1890e-08       -1.5603 
5184.0598       6944.3244       2.3879e-08       -1.7189 
5184.0598       6944.3244       2.5869e-08       -1.8793 
5184.0598       6944.3244       2.7858e-08       -2.0414 
5184.0598       6944.3244       2.9848e-08       -2.2052 
5184.0598       6944.3244       3.1838e-08       -2.3704 
5184.0598       6944.3244       3.3827e-08       -2.5371 
5184.0598       6944.3244       3.5817e-08       -2.7051 
6944.3244       9302.5069       0.0000e+00       0.0000 
6944.3244       9302.5069       3.3403e-12       -0.0002 
6944.3244       9302.5069       2.1117e-09       -0.1425 
6944.3244       9302.5069       4.2200e-09       -0.2860 
6944.3244       9302.5069       6.3284e-09       -0.4306 
6944.3244       9302.5069       8.4367e-09       -0.5764 
6944.3244       9302.5069       1.0545e-08       -0.7232 
6944.3244       9302.5069       1.2653e-08       -0.8710 
6944.3244       9302.5069       1.4762e-08       -1.0198 
6944.3244       9302.5069       1.6870e-08       -1.1694 
6944.3244       9302.5069       1.8978e-08       -1.3198 
6944.3244       9302.5069       2.1087e-08       -1.4711 
6944.3244       9302.5069       2.3195e-08       -1.6231 
6944.3244       9302.5069       2.5303e-08       -1.7758 
6944.3244       9302.5069       2.7412e-08       -1.9292 
6944.3244       9302.5069       2.9520e-08       -2.0833 
6944.3244       9302.5069       3.1628e-08       -2.2380 
6944.3244       9302.5069       3.3737e-08       -2.3933 
6944.3244       9302.5069       3.5845e-08       -2.5492 
6944.3244       9302.5069       3.7953e-08       -2.7056 
9302.5069       12461.2038       0.0000e+00       0.0000 
9302.5069       12461.2038       2.0866e-12       -0.0001 
9302.5069       12461.2038       3.0638e-09       -0.1397 
9302.5069       12461.2038       6.1255e-09       -0.2811 
9302.5069       12461.2038       9.1872e-09       -0.4240 
9302.5069       12461.2038       1.2249e-08       -0.5683 
9302.5069       12461.2038       1.5311e-08       -0.7140 
9302.5069       12461.2038       1.8372e-08       -0.8610 
9302.5069       12461.2038       2.1434e-08       -1.0093 
9302.5069       12461.2038       2.4496e-08       -1.1587 
9302.5069       12461.2038       2.7558e-08       -1.3092 
9302.5069       12461.2038       3.0619e-08       -1.4608 
9302.5069       12461.2038       3.3681e-08       -1.6133 
9302.5069       12461.2038       3.6743e-08       -1.7668 
9302.5069       12461.2038       3.9804e-08       -1.9213 
9302.5069       12461.2038       4.2866e-08       -2.0765 
9302.5069       12461.2038       4.5928e-08       -2.2327 
9302.5069       12461.2038       4.8990e-08       -2.3896 
9302.5069       12461.2038       5.2051e-08       -2.5473 
9302.5069       12461.2038       5.5113e-08       -2.7057 
12461.2038       16692.4468       0.0000e+00       0.0000 
12461.2038       16692.4468       1.2414e-12       -0.0001 
12461.2038       16692.4468       2.9617e-09       -0.1503 
12461.2038       16692.4468       5.9221e-09       -0.3006 
12461.2038       16692.4468       8.8826e-09       -0.4509 
12461.2038       16692.4468       1.1843e-08       -0.6012 
12461.2038       16692.4468       1.4803e-08       -0.7514 
12461.2038       16692.4468       1.7764e-08       -0.9017 
12461.2038       16692.4468       2.0724e-08       -1.0521 
12461.2038       16692.4468       2.3685e-08       -1.2024 
12461.2038       16692.4468       2.6645e-08       -1.3527 
12461.2038       16692.4468       2.9606e-08       -1.5030 
12461.2038       16692.4468       3.2566e-08       -1.6533 
12461.2038       16692.4468       3.5526e-08       -1.8037 
12461.2038       16692.4468       3.8487e-08       -1.9540 
12461.2038       16692.4468       4.1447e-08       -2.1044 
12461.2038       16692.4468       4.4408e-08       -2.2547 
12461.2038       16692.4468       4.7368e-08       -2.4051 
12461.2038       16692.4468       5.0329e-08       -2.5555 
12461.2038       16692.4468       5.3289e-08       -2.7058 
16692.4468       22360.9371       0.0000e+00       0.0000 
16692.4468       22360.9371       7.3088e-13       -0.0000 
16692.4468       22360.9371       4.9061e-09       -0.1368 
16692.4468       22360.9371       9.8115e-09       -0.2759 
16692.4468       22360.9371       1.4717e-08       -0.4171 
16692.4468       22360.9371       1.9622e-08       -0.5603 
16692.4468       22360.9371       2.4528e-08       -0.7052 
16692.4468       22360.9371       2.9433e-08       -0.8519 
16692.4468       22360.9371       3.4338e-08       -1.0000 
16692.4468       22360.9371       3.9244e-08       -1.1496 
16692.4468       22360.9371       4.4149e-08       -1.3005 
16692.4468       22360.9371       4.9054e-08       -1.4526 
16692.4468       22360.9371       5.3960e-08       -1.6059 
16692.4468       22360.9371       5.8865e-08       -1.7602 
16692.4468       22360.9371       6.3770e-08       -1.9156 
16692.4468       22360.9371       6.8676e-08       -2.0719 
16692.4468       22360.9371       7.3581e-08       -2.2291 
16692.4468       22360.9371       7.8487e-08       -2.3871 
16692.4468       22360.9371       8.3392e-08       -2.5459 
16692.4468       22360.9371       8.8297e-08       -2.7055 
22360.9371       29953.6672       0.0000e+00       -0.0000 
22360.9371       29953.6672       4.2707e-13       0.0000 
22360.9371       29953.6672       8.8727e-09       -0.0472 
22360.9371       29953.6672       1.7745e-08       -0.1234 
22360.9371       29953.6672       2.6617e-08       -0.2209 
22360.9371       29953.6672       3.5489e-08       -0.3350 
22360.9371       29953.6672       4.4362e-08       -0.4622 
22360.9371       29953.6672       5.3234e-08       -0.6001 
22360.9371       29953.6672       6.2106e-08       -0.7469 
22360.9371       29953.6672       7.0979e-08       -0.9012 
22360.9371       29953.6672       7.9851e-08       -1.0621 
22360.9371       29953.6672       8.8723e-08       -1.2286 
22360.9371       29953.6672       9.7595e-08       -1.4001 
22360.9371       29953.6672       1.0647e-07       -1.5760 
22360.9371       29953.6672       1.1534e-07       -1.7558 
22360.9371       29953.6672       1.2421e-07       -1.9392 
22360.9371       29953.6672       1.3308e-07       -2.1257 
22360.9371       29953.6672       1.4196e-07       -2.3152 
22360.9371       29953.6672       1.5083e-07       -2.5073 
22360.9371       29953.6672       1.5970e-07       -2.7019 
29953.6672       40124.5339       0.0000e+00       -0.0000 
29953.6672       40124.5339       2.4841e-13       0.0000 
29953.6672       40124.5339       6.8524e-09       -0.1503 
29953.6672       40124.5339       1.3704e-08       -0.3006 
29953.6672       40124.5339       2.0557e-08       -0.4510 
29953.6672       40124.5339       2.7409e-08       -0.6013 
29953.6672       40124.5339       3.4261e-08       -0.7516 
29953.6672       40124.5339       4.1113e-08       -0.9019 
29953.6672       40124.5339       4.7965e-08       -1.0523 
29953.6672       40124.5339       5.4817e-08       -1.2026 
29953.6672       40124.5339       6.1669e-08       -1.3529 
29953.6672       40124.5339       6.8521e-08       -1.5033 
29953.6672       40124.5339       7.5373e-08       -1.6536 
29953.6672       40124.5339       8.2226e-08       -1.8039 
29953.6672       40124.5339       8.9078e-08       -1.9542 
29953.6672       40124.5339       9.5930e-08       -2.1046 
29953.6672       40124.5339       1.0278e-07       -2.2549 
29953.6672       40124.5339       1.0963e-07       -2.4052 
29953.6672       40124.5339       1.1649e-07       -2.5556 
29953.6672       40124.5339       1.2334e-07       -2.7059 
40124.5339       53748.9519       0.0000e+00       -0.0000 
40124.5339       53748.9519       1.4466e-13       0.0000 
40124.5339       53748.9519       9.2504e-09       -0.1502 
40124.5339       53748.9519       1.8501e-08       -0.3005 
40124.5339       53748.9519       2.7751e-08       -0.4507 
40124.5339       53748.9519       3.7001e-08       -0.6010 
40124.5339       53748.9519       4.6252e-08       -0.7513 
40124.5339       53748.9519       5.5502e-08       -0.9016 
40124.5339       53748.9519       6.4752e-08       -1.0519 
40124.5339       53748.9519       7.4002e-08       -1.2022 
40124.5339       53748.9519       8.3253e-08       -1.3525 
40124.5339       53748.9519       9.2503e-08       -1.5029 
40124.5339       53748.9519       1.0175e-07       -1.6532 
40124.5339       53748.9519       1.1100e-07       -1.8036 
40124.5339       53748.9519       1.2025e-07       -1.9539 
40124.5339       53748.9519       1.2950e-07       -2.1043 
40124.5339       53748.9519       1.3875e-07       -2.2547 
40124.5339       53748.9519       1.4800e-07       -2.4051 
40124.5339       53748.9519       1.5726e-07       -2.5555 
40124.5339       53748.9519       1.6651e-07       -2.7059 
53748.9519       72001.2440       0.0000e+00       -0.0000 
53748.9519       72001.2440       8.4223e-14       0.0000 
53748.9519       72001.2440       1.2340e-08       -0.1503 
53748.9519       72001.2440       2.4679e-08       -0.3006 
53748.9519       72001.2440       3.7019e-08       -0.4509 
53748.9519       72001.2440       4.9359e-08       -0.6012 
53748.9519       72001.2440       6.1698e-08       -0.7515 
53748.9519       72001.2440       7.4038e-08       -0.9018 
53748.9519       72001.2440       8.6378e-08       -1.0521 
53748.9519       72001.2440       9.8717e-08       -1.2024 
53748.9519       72001.2440       1.1106e-07       -1.3528 
53748.9519       72001.2440       1.2340e-07       -1.5031 
53748.9519       72001.2440       1.3574e-07       -1.6534 
53748.9519       72001.2440       1.4808e-07       -1.8038 
53748.9519       72001.2440       1.6042e-07       -1.9541 
53748.9519       72001.2440       1.7276e-07       -2.1045 
53748.9519       72001.2440       1.8509e-07       -2.2548 
53748.9519       72001.2440       1.9743e-07       -2.4052 
53748.9519       72001.2440       2.0977e-07       -2.5555 
53748.9519       72001.2440       2.2211e-07       -2.7059 
72001.2440       96449.5043       0.0000e+00       0.0000 
72001.2440       96449.5043       4.9020e-14       -0.0000 
72001.2440       96449.5043       1.6365e-08       -0.1503 
72001.2440       96449.5043       3.2731e-08       -0.3007 
72001.2440       96449.5043       4.9096e-08       -0.4510 
72001.2440       96449.5043       6.5462e-08       -0.6013 
72001.2440       96449.5043       8.1827e-08       -0.7516 
72001.2440       96449.5043       9.8193e-08       -0.9020 
72001.2440       96449.5043       1.1456e-07       -1.0523 
72001.2440       96449.5043       1.3092e-07       -1.2026 
72001.2440       96449.5043       1.4729e-07       -1.3529 
72001.2440       96449.5043       1.6365e-07       -1.5033 
72001.2440       96449.5043       1.8002e-07       -1.6536 
72001.2440       96449.5043       1.9639e-07       -1.8039 
72001.2440       96449.5043       2.1275e-07       -1.9543 
72001.2440       96449.5043       2.2912e-07       -2.1046 
72001.2440       96449.5043       2.4548e-07       -2.2549 
72001.2440       96449.5043       2.6185e-07       -2.4052 
72001.2440       96449.5043       2.7821e-07       -2.5556 
72001.2440       96449.5043       2.9458e-07       -2.7059 
96449.5043       129199.2522       0.0000e+00       -0.0000 
96449.5043       129199.2522       2.8534e-14       0.0000 
96449.5043       129199.2522       2.2131e-08       -0.1503 
96449.5043       129199.2522       4.4262e-08       -0.3007 
96449.5043       129199.2522       6.6393e-08       -0.4510 
96449.5043       129199.2522       8.8523e-08       -0.6013 
96449.5043       129199.2522       1.1065e-07       -0.7516 
96449.5043       129199.2522       1.3279e-07       -0.9020 
96449.5043       129199.2522       1.5492e-07       -1.0523 
96449.5043       129199.2522       1.7705e-07       -1.2026 
96449.5043       129199.2522       1.9918e-07       -1.3529 
96449.5043       129199.2522       2.2131e-07       -1.5033 
96449.5043       129199.2522       2.4344e-07       -1.6536 
96449.5043       129199.2522       2.6557e-07       -1.8039 
96449.5043       129199.2522       2.8770e-07       -1.9543 
96449.5043       129199.2522       3.0983e-07       -2.1046 
96449.5043       129199.2522       3.3196e-07       -2.2549 
96449.5043       129199.2522       3.5409e-07       -2.4052 
96449.5043       129199.2522       3.7622e-07       -2.5556 
96449.5043       129199.2522       3.9836e-07       -2.7059 
129199.2522       173069.2852       0.0000e+00       -0.0000 
129199.2522       173069.2852       1.6608e-14       0.0000 
129199.2522       173069.2852       3.0143e-08       -0.1503 
129199.2522       173069.2852       6.0286e-08       -0.3006 
129199.2522       173069.2852       9.0429e-08       -0.4510 
129199.2522       173069.2852       1.2057e-07       -0.6013 
129199.2522       173069.2852       1.5072e-07       -0.7516 
129199.2522       173069.2852       1.8086e-07       -0.9019 
129199.2522       173069.2852       2.1100e-07       -1.0522 
129199.2522       173069.2852       2.4115e-07       -1.2026 
129199.2522       173069.2852       2.7129e-07       -1.3529 
129199.2522       173069.2852       3.0143e-07       -1.5032 
129199.2522       173069.2852       3.3157e-07       -1.6536 
129199.2522       173069.2852       3.6172e-07       -1.8039 
129199.2522       173069.2852       3.9186e-07       -1.9542 
129199.2522       173069.2852       4.2200e-07       -2.1046 
129199.2522       173069.2852       4.5215e-07       -2.2549 
129199.2522       173069.2852       4.8229e-07       -2.4052 
129199.2522       173069.2852       5.1243e-07       -2.5556 
129199.2522       173069.2852       5.4258e-07       -2.7059 
173069.2852       231840.8711       0.0000e+00       -0.0000 
173069.2852       231840.8711       9.6669e-15       0.0000 
173069.2852       231840.8711       4.0066e-08       -0.1503 
173069.2852       231840.8711       8.0132e-08       -0.3007 
173069.2852       231840.8711       1.2020e-07       -0.4510 
173069.2852       231840.8711       1.6026e-07       -0.6013 
173069.2852       231840.8711       2.0033e-07       -0.7516 
173069.2852       231840.8711       2.4040e-07       -0.9020 
173069.2852       231840.8711       2.8046e-07       -1.0523 
173069.2852       231840.8711       3.2053e-07       -1.2026 
173069.2852       231840.8711       3.6059e-07       -1.3529 
173069.2852       231840.8711       4.0066e-07       -1.5033 
173069.2852       231840.8711       4.4073e-07       -1.6536 
173069.2852       231840.8711       4.8079e-07       -1.8039 
173069.2852       231840.8711       5.2086e-07       -1.9543 
173069.2852       231840.8711       5.6093e-07       -2.1046 
173069.2852       231840.8711       6.0099e-07       -2.2549 
173069.2852       231840.8711       6.4106e-07       -2.4052 
173069.2852       231840.8711       6.8112e-07       -2.5556 
173069.2852       231840.8711       7.2119e-07       -2.7059 
231840.8711       310563.2050       0.0000e+00       -0.0000 
231840.8711       310563.2050       5.6258e-15       0.0000 
231840.8711       310563.2050       5.3927e-08       -0.1503 
231840.8711       310563.2050       1.0785e-07       -0.3007 
231840.8711       310563.2050       1.6178e-07       -0.4510 
231840.8711       310563.2050       2.1571e-07       -0.6013 
231840.8711       310563.2050       2.6964e-07       -0.7516 
231840.8711       310563.2050       3.2356e-07       -0.9020 
231840.8711       310563.2050       3.7749e-07       -1.0523 
231840.8711       310563.2050       4.3142e-07       -1.2026 
231840.8711       310563.2050       4.8534e-07       -1.3529 
231840.8711       310563.2050       5.3927e-07       -1.5033 
231840.8711       310563.2050       5.9320e-07       -1.6536 
231840.8711       310563.2050       6.4713e-07       -1.8039 
231840.8711       310563.2050       7.0105e-07       -1.9543 
231840.8711       310563.2050       7.5498e-07       -2.1046 
231840.8711       310563.2050       8.0891e-07       -2.2549 
231840.8711       310563.2050       8.6283e-07       -2.4052 
231840.8711       310563.2050       9.1676e-07       -2.5556 
231840.8711       310563.2050       9.7069e-07       -2.7059 
310563.2050       416015.9675       0.0000e+00       -0.0000 
310563.2050       416015.9675       3.2744e-15       0.0000 
310563.2050       416015.9675       7.2828e-08       -0.1503 
310563.2050       416015.9675       1.4566e-07       -0.3007 
310563.2050       416015.9675       2.1848e-07       -0.4510 
310563.2050       416015.9675       2.9131e-07       -0.6013 
310563.2050       416015.9675       3.6414e-07       -0.7516 
310563.2050       416015.9675       4.3697e-07       -0.9020 
310563.2050       416015.9675       5.0980e-07       -1.0523 
310563.2050       416015.9675       5.8262e-07       -1.2026 
310563.2050       416015.9675       6.5545e-07       -1.3529 
310563.2050       416015.9675       7.2828e-07       -1.5033 
310563.2050       416015.9675       8.0111e-07       -1.6536 
310563.2050       416015.9675       8.7393e-07       -1.8039 
310563.2050       416015.9675       9.4676e-07       -1.9543 
310563.2050       416015.9675       1.0196e-06       -2.1046 
310563.2050       416015.9675       1.0924e-06       -2.2549 
310563.2050       416015.9675       1.1652e-06       -2.4052 
310563.2050       416015.9675       1.2381e-06       -2.5556 
310563.2050       416015.9675       1.3109e-06       -2.7059 
416015.9675       557275.5639       0.0000e+00       -0.0000 
416015.9675       557275.5639       1.9058e-15       0.0000 
416015.9675       557275.5639       9.8985e-08       -0.1503 
416015.9675       557275.5639       1.9797e-07       -0.3007 
416015.9675       557275.5639       2.9696e-07       -0.4510 
416015.9675       557275.5639       3.9594e-07       -0.6013 
416015.9675       557275.5639       4.9493e-07       -0.7516 
416015.9675       557275.5639       5.9391e-07       -0.9020 
416015.9675       557275.5639       6.9290e-07       -1.0523 
416015.9675       557275.5639       7.9188e-07       -1.2026 
416015.9675       557275.5639       8.9087e-07       -1.3529 
416015.9675       557275.5639       9.8985e-07       -1.5033 
416015.9675       557275.5639       1.0888e-06       -1.6536 
416015.9675       557275.5639       1.1878e-06       -1.8039 
416015.9675       557275.5639       1.2868e-06       -1.9543 
416015.9675       557275.5639       1.3858e-06       -2.1046 
416015.9675       557275.5639       1.4848e-06       -2.2549 
416015.9675       557275.5639       1.5838e-06       -2.4052 
416015.9675       557275.5639       1.6827e-06       -2.5556 
416015.9675       557275.5639       1.7817e-06       -2.7059 
557275.5639       746517.5120       0.0000e+00       -0.0000 
557275.5639       746517.5120       1.1093e-15       0.0000 
557275.5639       746517.5120       1.3579e-07       -0.1503 
557275.5639       746517.5120       2.7159e-07       -0.3007 
557275.5639       746517.5120       4.0738e-07       -0.4510 
557275.5639       746517.5120       5.4317e-07       -0.6013 
557275.5639       746517.5120       6.7897e-07       -0.7516 
557275.5639       746517.5120       8.1476e-07       -0.9020 
557275.5639       746517.5120       9.5056e-07       -1.0523 
557275.5639       746517.5120       1.0863e-06       -1.2026 
557275.5639       746517.5120       1.2221e-06       -1.3529 
557275.5639       746517.5120       1.3579e-06       -1.5033 
557275.5639       746517.5120       1.4937e-06       -1.6536 
557275.5639       746517.5120       1.6295e-06       -1.8039 
557275.5639       746517.5120       1.7653e-06       -1.9543 
557275.5639       746517.5120       1.9011e-06       -2.1046 
557275.5639       746517.5120       2.0369e-06       -2.2549 
557275.5639       746517.5120       2.1727e-06       -2.4052 
557275.5639       746517.5120       2.3085e-06       -2.5556 
557275.5639       746517.5120       2.4443e-06       -2.7059 
746517.5120       1000000.0000       0.0000e+00       -0.0000 
746517.5120       1000000.0000       6.4555e-16       0.0000 
746517.5120       1000000.0000       1.9531e-07       -0.1503 
746517.5120       1000000.0000       3.9062e-07       -0.3007 
746517.5120       1000000.0000       5.8593e-07       -0.4510 
746517.5120       1000000.0000       7.8124e-07       -0.6013 
746517.5120       1000000.0000       9.7655e-07       -0.7516 
746517.5120       1000000.0000       1.1719e-06       -0.9020 
746517.5120       1000000.0000       1.3672e-06       -1.0523 
746517.5120       1000000.0000       1.5625e-06       -1.2026 
746517.5120       1000000.0000       1.7578e-06       -1.3529 
746517.5120       1000000.0000       1.9531e-06       -1.5033 
746517.5120       1000000.0000       2.1484e-06       -1.6536 
746517.5120       1000000.0000       2.3437e-06       -1.8039 
746517.5120       1000000.0000       2.5390e-06       -1.9543 
746517.5120       1000000.0000       2.7343e-06       -2.1046 
746517.5120       1000000.0000       2.9296e-06       -2.2549 
746517.5120       1000000.0000       3.1250e-06       -2.4052 
746517.5120       1000000.0000       3.3203e-06       -2.5556 
746517.5120       1000000.0000       3.5156e-06       -2.7059 
