#Crater_2  Log10(Jfactor)=15.630   sigmaJ=0.260 
#[0]emin(MeV) [1]emax(MeV) [2]eflux(MeV/cm^2/s) [3]deltaLogLike 
500.0000       669.7766       0.0000e+00       0.0000 
500.0000       669.7766       2.4163e-11       -0.0001 
500.0000       669.7766       5.3060e-09       -0.0219 
500.0000       669.7766       1.0588e-08       -0.0612 
500.0000       669.7766       1.5870e-08       -0.1176 
500.0000       669.7766       2.1151e-08       -0.1905 
500.0000       669.7766       2.6433e-08       -0.2793 
500.0000       669.7766       3.1715e-08       -0.3836 
500.0000       669.7766       3.6997e-08       -0.5029 
500.0000       669.7766       4.2279e-08       -0.6369 
500.0000       669.7766       4.7561e-08       -0.7850 
500.0000       669.7766       5.2842e-08       -0.9471 
500.0000       669.7766       5.8124e-08       -1.1225 
500.0000       669.7766       6.3406e-08       -1.3112 
500.0000       669.7766       6.8688e-08       -1.5128 
500.0000       669.7766       7.3970e-08       -1.7268 
500.0000       669.7766       7.9251e-08       -1.9531 
500.0000       669.7766       8.4533e-08       -2.1914 
500.0000       669.7766       8.9815e-08       -2.4413 
500.0000       669.7766       9.5097e-08       -2.7027 
669.7766       897.2222       0.0000e+00       0.0000 
669.7766       897.2222       6.1139e-12       -0.0001 
669.7766       897.2222       3.5199e-09       -0.0810 
669.7766       897.2222       7.0337e-09       -0.1713 
669.7766       897.2222       1.0547e-08       -0.2707 
669.7766       897.2222       1.4061e-08       -0.3790 
669.7766       897.2222       1.7575e-08       -0.4958 
669.7766       897.2222       2.1089e-08       -0.6210 
669.7766       897.2222       2.4603e-08       -0.7544 
669.7766       897.2222       2.8116e-08       -0.8957 
669.7766       897.2222       3.1630e-08       -1.0447 
669.7766       897.2222       3.5144e-08       -1.2012 
669.7766       897.2222       3.8658e-08       -1.3651 
669.7766       897.2222       4.2172e-08       -1.5362 
669.7766       897.2222       4.5685e-08       -1.7143 
669.7766       897.2222       4.9199e-08       -1.8992 
669.7766       897.2222       5.2713e-08       -2.0909 
669.7766       897.2222       5.6227e-08       -2.2891 
669.7766       897.2222       5.9741e-08       -2.4938 
669.7766       897.2222       6.3254e-08       -2.7048 
897.2222       1201.8769       0.0000e+00       -1.2674 
897.2222       1201.8769       5.2048e-09       -0.9758 
897.2222       1201.8769       1.0410e-08       -0.7288 
897.2222       1201.8769       1.5614e-08       -0.5228 
897.2222       1201.8769       2.0819e-08       -0.3546 
897.2222       1201.8769       2.6024e-08       -0.2217 
897.2222       1201.8769       3.1229e-08       -0.1217 
897.2222       1201.8769       3.6433e-08       -0.0526 
897.2222       1201.8769       4.1638e-08       -0.0126 
897.2222       1201.8769       4.6843e-08       0.0000 
897.2222       1201.8769       5.5256e-08       -0.0341 
897.2222       1201.8769       6.3669e-08       -0.1310 
897.2222       1201.8769       7.2083e-08       -0.2859 
897.2222       1201.8769       8.0496e-08       -0.4948 
897.2222       1201.8769       8.8909e-08       -0.7543 
897.2222       1201.8769       9.7322e-08       -1.0613 
897.2222       1201.8769       1.0574e-07       -1.4129 
897.2222       1201.8769       1.1415e-07       -1.8067 
897.2222       1201.8769       1.2256e-07       -2.2405 
897.2222       1201.8769       1.3098e-07       -2.7122 
1201.8769       1609.9782       0.0000e+00       -0.0000 
1201.8769       1609.9782       2.0823e-14       0.0000 
1201.8769       1609.9782       3.0422e-09       -0.0607 
1201.8769       1609.9782       6.0843e-09       -0.1354 
1201.8769       1609.9782       9.1265e-09       -0.2231 
1201.8769       1609.9782       1.2169e-08       -0.3231 
1201.8769       1609.9782       1.5211e-08       -0.4346 
1201.8769       1609.9782       1.8253e-08       -0.5569 
1201.8769       1609.9782       2.1295e-08       -0.6895 
1201.8769       1609.9782       2.4337e-08       -0.8319 
1201.8769       1609.9782       2.7379e-08       -0.9835 
1201.8769       1609.9782       3.0422e-08       -1.1440 
1201.8769       1609.9782       3.3464e-08       -1.3129 
1201.8769       1609.9782       3.6506e-08       -1.4900 
1201.8769       1609.9782       3.9548e-08       -1.6747 
1201.8769       1609.9782       4.2590e-08       -1.8669 
1201.8769       1609.9782       4.5632e-08       -2.0662 
1201.8769       1609.9782       4.8675e-08       -2.2725 
1201.8769       1609.9782       5.1717e-08       -2.4853 
1201.8769       1609.9782       5.4759e-08       -2.7046 
1609.9782       2156.6516       0.0000e+00       -0.0005 
1609.9782       2156.6516       9.9578e-10       0.0000 
1609.9782       2156.6516       4.3884e-09       -0.0159 
1609.9782       2156.6516       7.7811e-09       -0.0564 
1609.9782       2156.6516       1.1174e-08       -0.1186 
1609.9782       2156.6516       1.4566e-08       -0.2002 
1609.9782       2156.6516       1.7959e-08       -0.2993 
1609.9782       2156.6516       2.1352e-08       -0.4144 
1609.9782       2156.6516       2.4744e-08       -0.5443 
1609.9782       2156.6516       2.8137e-08       -0.6876 
1609.9782       2156.6516       3.1529e-08       -0.8436 
1609.9782       2156.6516       3.4922e-08       -1.0113 
1609.9782       2156.6516       3.8315e-08       -1.1901 
1609.9782       2156.6516       4.1707e-08       -1.3791 
1609.9782       2156.6516       4.5100e-08       -1.5780 
1609.9782       2156.6516       4.8493e-08       -1.7862 
1609.9782       2156.6516       5.1885e-08       -2.0030 
1609.9782       2156.6516       5.5278e-08       -2.2283 
1609.9782       2156.6516       5.8671e-08       -2.4614 
1609.9782       2156.6516       6.2063e-08       -2.7022 
2156.6516       2889.0164       0.0000e+00       0.0000 
2156.6516       2889.0164       8.0752e-12       -0.0000 
2156.6516       2889.0164       3.2292e-09       -0.0237 
2156.6516       2889.0164       6.4503e-09       -0.0716 
2156.6516       2889.0164       9.6714e-09       -0.1407 
2156.6516       2889.0164       1.2892e-08       -0.2285 
2156.6516       2889.0164       1.6114e-08       -0.3331 
2156.6516       2889.0164       1.9335e-08       -0.4527 
2156.6516       2889.0164       2.2556e-08       -0.5861 
2156.6516       2889.0164       2.5777e-08       -0.7319 
2156.6516       2889.0164       2.8998e-08       -0.8891 
2156.6516       2889.0164       3.2219e-08       -1.0570 
2156.6516       2889.0164       3.5440e-08       -1.2346 
2156.6516       2889.0164       3.8661e-08       -1.4213 
2156.6516       2889.0164       4.1882e-08       -1.6166 
2156.6516       2889.0164       4.5104e-08       -1.8199 
2156.6516       2889.0164       4.8325e-08       -2.0307 
2156.6516       2889.0164       5.1546e-08       -2.2485 
2156.6516       2889.0164       5.4767e-08       -2.4730 
2156.6516       2889.0164       5.7988e-08       -2.7039 
2889.0164       3869.9914       0.0000e+00       0.0000 
2889.0164       3869.9914       2.2092e-13       -0.0000 
2889.0164       3869.9914       2.7488e-09       -0.0466 
2889.0164       3869.9914       5.4973e-09       -0.1184 
2889.0164       3869.9914       8.2459e-09       -0.2101 
2889.0164       3869.9914       1.0994e-08       -0.3180 
2889.0164       3869.9914       1.3743e-08       -0.4394 
2889.0164       3869.9914       1.6492e-08       -0.5723 
2889.0164       3869.9914       1.9240e-08       -0.7150 
2889.0164       3869.9914       2.1989e-08       -0.8665 
2889.0164       3869.9914       2.4737e-08       -1.0258 
2889.0164       3869.9914       2.7486e-08       -1.1919 
2889.0164       3869.9914       3.0234e-08       -1.3642 
2889.0164       3869.9914       3.2983e-08       -1.5421 
2889.0164       3869.9914       3.5731e-08       -1.7252 
2889.0164       3869.9914       3.8480e-08       -1.9130 
2889.0164       3869.9914       4.1229e-08       -2.1052 
2889.0164       3869.9914       4.3977e-08       -2.3014 
2889.0164       3869.9914       4.6726e-08       -2.5014 
2889.0164       3869.9914       4.9474e-08       -2.7049 
3869.9914       5184.0598       0.0000e+00       -2.7509 
3869.9914       5184.0598       3.5377e-10       -2.6564 
3869.9914       5184.0598       6.7902e-09       -1.5774 
3869.9914       5184.0598       1.3227e-08       -0.9951 
3869.9914       5184.0598       1.9663e-08       -0.6173 
3869.9914       5184.0598       2.6099e-08       -0.3608 
3869.9914       5184.0598       3.2536e-08       -0.1880 
3869.9914       5184.0598       3.8972e-08       -0.0783 
3869.9914       5184.0598       4.5408e-08       -0.0186 
3869.9914       5184.0598       5.1845e-08       0.0000 
3869.9914       5184.0598       6.2306e-08       -0.0419 
3869.9914       5184.0598       7.2767e-08       -0.1569 
3869.9914       5184.0598       8.3229e-08       -0.3321 
3869.9914       5184.0598       9.3690e-08       -0.5580 
3869.9914       5184.0598       1.0415e-07       -0.8277 
3869.9914       5184.0598       1.1461e-07       -1.1356 
3869.9914       5184.0598       1.2507e-07       -1.4774 
3869.9914       5184.0598       1.3553e-07       -1.8496 
3869.9914       5184.0598       1.4600e-07       -2.2491 
3869.9914       5184.0598       1.5646e-07       -2.6736 
5184.0598       6944.3244       0.0000e+00       -2.1631 
5184.0598       6944.3244       3.2174e-09       -1.4162 
5184.0598       6944.3244       6.4349e-09       -0.9416 
5184.0598       6944.3244       9.6523e-09       -0.6166 
5184.0598       6944.3244       1.2870e-08       -0.3882 
5184.0598       6944.3244       1.6087e-08       -0.2281 
5184.0598       6944.3244       1.9305e-08       -0.1190 
5184.0598       6944.3244       2.2522e-08       -0.0495 
5184.0598       6944.3244       2.5740e-08       -0.0117 
5184.0598       6944.3244       2.8957e-08       0.0000 
5184.0598       6944.3244       3.6505e-08       -0.0523 
5184.0598       6944.3244       4.4053e-08       -0.1888 
5184.0598       6944.3244       5.1601e-08       -0.3872 
5184.0598       6944.3244       5.9148e-08       -0.6330 
5184.0598       6944.3244       6.6696e-08       -0.9165 
5184.0598       6944.3244       7.4244e-08       -1.2305 
5184.0598       6944.3244       8.1792e-08       -1.5699 
5184.0598       6944.3244       8.9340e-08       -1.9308 
5184.0598       6944.3244       9.6888e-08       -2.3100 
5184.0598       6944.3244       1.0444e-07       -2.7052 
6944.3244       9302.5069       0.0000e+00       0.0000 
6944.3244       9302.5069       4.3065e-13       -0.0000 
6944.3244       9302.5069       2.7765e-09       -0.1474 
6944.3244       9302.5069       5.5526e-09       -0.2951 
6944.3244       9302.5069       8.3286e-09       -0.4433 
6944.3244       9302.5069       1.1105e-08       -0.5918 
6944.3244       9302.5069       1.3881e-08       -0.7407 
6944.3244       9302.5069       1.6657e-08       -0.8900 
6944.3244       9302.5069       1.9433e-08       -1.0396 
6944.3244       9302.5069       2.2209e-08       -1.1895 
6944.3244       9302.5069       2.4985e-08       -1.3398 
6944.3244       9302.5069       2.7761e-08       -1.4904 
6944.3244       9302.5069       3.0537e-08       -1.6413 
6944.3244       9302.5069       3.3313e-08       -1.7925 
6944.3244       9302.5069       3.6089e-08       -1.9440 
6944.3244       9302.5069       3.8865e-08       -2.0958 
6944.3244       9302.5069       4.1641e-08       -2.2479 
6944.3244       9302.5069       4.4417e-08       -2.4003 
6944.3244       9302.5069       4.7194e-08       -2.5529 
6944.3244       9302.5069       4.9970e-08       -2.7058 
9302.5069       12461.2038       0.0000e+00       -0.0015 
9302.5069       12461.2038       3.3286e-09       0.0000 
9302.5069       12461.2038       9.1885e-09       -0.0343 
9302.5069       12461.2038       1.5048e-08       -0.1024 
9302.5069       12461.2038       2.0908e-08       -0.1950 
9302.5069       12461.2038       2.6768e-08       -0.3060 
9302.5069       12461.2038       3.2628e-08       -0.4317 
9302.5069       12461.2038       3.8488e-08       -0.5691 
9302.5069       12461.2038       4.4348e-08       -0.7163 
9302.5069       12461.2038       5.0208e-08       -0.8717 
9302.5069       12461.2038       5.6068e-08       -1.0341 
9302.5069       12461.2038       6.1928e-08       -1.2026 
9302.5069       12461.2038       6.7788e-08       -1.3765 
9302.5069       12461.2038       7.3648e-08       -1.5551 
9302.5069       12461.2038       7.9507e-08       -1.7380 
9302.5069       12461.2038       8.5367e-08       -1.9246 
9302.5069       12461.2038       9.1227e-08       -2.1147 
9302.5069       12461.2038       9.7087e-08       -2.3080 
9302.5069       12461.2038       1.0295e-07       -2.5042 
9302.5069       12461.2038       1.0881e-07       -2.7030 
12461.2038       16692.4468       0.0000e+00       -0.0000 
12461.2038       16692.4468       1.3043e-13       0.0000 
12461.2038       16692.4468       5.0752e-09       -0.1454 
12461.2038       16692.4468       1.0150e-08       -0.2916 
12461.2038       16692.4468       1.5225e-08       -0.4384 
12461.2038       16692.4468       2.0300e-08       -0.5859 
12461.2038       16692.4468       2.5376e-08       -0.7340 
12461.2038       16692.4468       3.0451e-08       -0.8826 
12461.2038       16692.4468       3.5526e-08       -1.0319 
12461.2038       16692.4468       4.0601e-08       -1.1817 
12461.2038       16692.4468       4.5676e-08       -1.3320 
12461.2038       16692.4468       5.0751e-08       -1.4828 
12461.2038       16692.4468       5.5826e-08       -1.6341 
12461.2038       16692.4468       6.0901e-08       -1.7859 
12461.2038       16692.4468       6.5976e-08       -1.9382 
12461.2038       16692.4468       7.1051e-08       -2.0909 
12461.2038       16692.4468       7.6126e-08       -2.2441 
12461.2038       16692.4468       8.1201e-08       -2.3975 
12461.2038       16692.4468       8.6276e-08       -2.5514 
12461.2038       16692.4468       9.1351e-08       -2.7058 
16692.4468       22360.9371       0.0000e+00       0.0000 
16692.4468       22360.9371       2.4111e-12       -0.0000 
16692.4468       22360.9371       6.3884e-09       -0.1474 
16692.4468       22360.9371       1.2774e-08       -0.2952 
16692.4468       22360.9371       1.9160e-08       -0.4434 
16692.4468       22360.9371       2.5546e-08       -0.5920 
16692.4468       22360.9371       3.1932e-08       -0.7409 
16692.4468       22360.9371       3.8318e-08       -0.8902 
16692.4468       22360.9371       4.4704e-08       -1.0398 
16692.4468       22360.9371       5.1090e-08       -1.1897 
16692.4468       22360.9371       5.7476e-08       -1.3400 
16692.4468       22360.9371       6.3862e-08       -1.4906 
16692.4468       22360.9371       7.0248e-08       -1.6415 
16692.4468       22360.9371       7.6634e-08       -1.7927 
16692.4468       22360.9371       8.3020e-08       -1.9442 
16692.4468       22360.9371       8.9406e-08       -2.0959 
16692.4468       22360.9371       9.5792e-08       -2.2480 
16692.4468       22360.9371       1.0218e-07       -2.4003 
16692.4468       22360.9371       1.0856e-07       -2.5530 
16692.4468       22360.9371       1.1495e-07       -2.7058 
22360.9371       29953.6672       0.0000e+00       0.0000 
22360.9371       29953.6672       3.3989e-11       -0.0000 
22360.9371       29953.6672       1.4866e-08       -0.0363 
22360.9371       29953.6672       2.9698e-08       -0.1019 
22360.9371       29953.6672       4.4530e-08       -0.1901 
22360.9371       29953.6672       5.9362e-08       -0.2962 
22360.9371       29953.6672       7.4194e-08       -0.4170 
22360.9371       29953.6672       8.9027e-08       -0.5500 
22360.9371       29953.6672       1.0386e-07       -0.6936 
22360.9371       29953.6672       1.1869e-07       -0.8463 
22360.9371       29953.6672       1.3352e-07       -1.0070 
22360.9371       29953.6672       1.4835e-07       -1.1747 
22360.9371       29953.6672       1.6319e-07       -1.3487 
22360.9371       29953.6672       1.7802e-07       -1.5284 
22360.9371       29953.6672       1.9285e-07       -1.7133 
22360.9371       29953.6672       2.0768e-07       -1.9028 
22360.9371       29953.6672       2.2252e-07       -2.0966 
22360.9371       29953.6672       2.3735e-07       -2.2943 
22360.9371       29953.6672       2.5218e-07       -2.4957 
22360.9371       29953.6672       2.6701e-07       -2.7004 
29953.6672       40124.5339       0.0000e+00       0.0000 
29953.6672       40124.5339       7.3268e-13       -0.0000 
29953.6672       40124.5339       1.3932e-08       -0.1143 
29953.6672       40124.5339       2.7863e-08       -0.2361 
29953.6672       40124.5339       4.1794e-08       -0.3643 
29953.6672       40124.5339       5.5725e-08       -0.4981 
29953.6672       40124.5339       6.9656e-08       -0.6367 
29953.6672       40124.5339       8.3587e-08       -0.7795 
29953.6672       40124.5339       9.7518e-08       -0.9261 
29953.6672       40124.5339       1.1145e-07       -1.0761 
29953.6672       40124.5339       1.2538e-07       -1.2291 
29953.6672       40124.5339       1.3931e-07       -1.3848 
29953.6672       40124.5339       1.5324e-07       -1.5431 
29953.6672       40124.5339       1.6717e-07       -1.7036 
29953.6672       40124.5339       1.8110e-07       -1.8661 
29953.6672       40124.5339       1.9503e-07       -2.0306 
29953.6672       40124.5339       2.0897e-07       -2.1969 
29953.6672       40124.5339       2.2290e-07       -2.3648 
29953.6672       40124.5339       2.3683e-07       -2.5343 
29953.6672       40124.5339       2.5076e-07       -2.7052 
40124.5339       53748.9519       0.0000e+00       -0.0000 
40124.5339       53748.9519       6.2238e-15       0.0000 
40124.5339       53748.9519       1.2631e-08       -0.1502 
40124.5339       53748.9519       2.5263e-08       -0.3005 
40124.5339       53748.9519       3.7894e-08       -0.4507 
40124.5339       53748.9519       5.0525e-08       -0.6010 
40124.5339       53748.9519       6.3157e-08       -0.7513 
40124.5339       53748.9519       7.5788e-08       -0.9015 
40124.5339       53748.9519       8.8419e-08       -1.0518 
40124.5339       53748.9519       1.0105e-07       -1.2022 
40124.5339       53748.9519       1.1368e-07       -1.3525 
40124.5339       53748.9519       1.2631e-07       -1.5028 
40124.5339       53748.9519       1.3894e-07       -1.6532 
40124.5339       53748.9519       1.5158e-07       -1.8035 
40124.5339       53748.9519       1.6421e-07       -1.9539 
40124.5339       53748.9519       1.7684e-07       -2.1043 
40124.5339       53748.9519       1.8947e-07       -2.2547 
40124.5339       53748.9519       2.0210e-07       -2.4051 
40124.5339       53748.9519       2.1473e-07       -2.5555 
40124.5339       53748.9519       2.2736e-07       -2.7059 
53748.9519       72001.2440       0.0000e+00       -0.0000 
53748.9519       72001.2440       1.3511e-13       0.0000 
53748.9519       72001.2440       1.6520e-08       -0.1503 
53748.9519       72001.2440       3.3039e-08       -0.3007 
53748.9519       72001.2440       4.9558e-08       -0.4510 
53748.9519       72001.2440       6.6078e-08       -0.6013 
53748.9519       72001.2440       8.2597e-08       -0.7516 
53748.9519       72001.2440       9.9116e-08       -0.9020 
53748.9519       72001.2440       1.1564e-07       -1.0523 
53748.9519       72001.2440       1.3216e-07       -1.2026 
53748.9519       72001.2440       1.4867e-07       -1.3529 
53748.9519       72001.2440       1.6519e-07       -1.5033 
53748.9519       72001.2440       1.8171e-07       -1.6536 
53748.9519       72001.2440       1.9823e-07       -1.8039 
53748.9519       72001.2440       2.1475e-07       -1.9543 
53748.9519       72001.2440       2.3127e-07       -2.1046 
53748.9519       72001.2440       2.4779e-07       -2.2549 
53748.9519       72001.2440       2.6431e-07       -2.4052 
53748.9519       72001.2440       2.8083e-07       -2.5556 
53748.9519       72001.2440       2.9735e-07       -2.7059 
72001.2440       96449.5043       0.0000e+00       -0.0000 
72001.2440       96449.5043       7.9176e-13       0.0000 
72001.2440       96449.5043       2.2452e-08       -0.1503 
72001.2440       96449.5043       4.4904e-08       -0.3006 
72001.2440       96449.5043       6.7356e-08       -0.4509 
72001.2440       96449.5043       8.9807e-08       -0.6012 
72001.2440       96449.5043       1.1226e-07       -0.7516 
72001.2440       96449.5043       1.3471e-07       -0.9019 
72001.2440       96449.5043       1.5716e-07       -1.0522 
72001.2440       96449.5043       1.7961e-07       -1.2025 
72001.2440       96449.5043       2.0207e-07       -1.3528 
72001.2440       96449.5043       2.2452e-07       -1.5032 
72001.2440       96449.5043       2.4697e-07       -1.6535 
72001.2440       96449.5043       2.6942e-07       -1.8038 
72001.2440       96449.5043       2.9187e-07       -1.9542 
72001.2440       96449.5043       3.1432e-07       -2.1045 
72001.2440       96449.5043       3.3678e-07       -2.2549 
72001.2440       96449.5043       3.5923e-07       -2.4052 
72001.2440       96449.5043       3.8168e-07       -2.5555 
72001.2440       96449.5043       4.0413e-07       -2.7059 
96449.5043       129199.2522       0.0000e+00       -0.0000 
96449.5043       129199.2522       8.1479e-13       0.0000 
96449.5043       129199.2522       3.0880e-08       -0.1502 
96449.5043       129199.2522       6.1759e-08       -0.3005 
96449.5043       129199.2522       9.2638e-08       -0.4507 
96449.5043       129199.2522       1.2352e-07       -0.6010 
96449.5043       129199.2522       1.5440e-07       -0.7513 
96449.5043       129199.2522       1.8527e-07       -0.9015 
96449.5043       129199.2522       2.1615e-07       -1.0518 
96449.5043       129199.2522       2.4703e-07       -1.2022 
96449.5043       129199.2522       2.7791e-07       -1.3525 
96449.5043       129199.2522       3.0879e-07       -1.5028 
96449.5043       129199.2522       3.3967e-07       -1.6532 
96449.5043       129199.2522       3.7055e-07       -1.8035 
96449.5043       129199.2522       4.0143e-07       -1.9539 
96449.5043       129199.2522       4.3231e-07       -2.1043 
96449.5043       129199.2522       4.6318e-07       -2.2547 
96449.5043       129199.2522       4.9406e-07       -2.4051 
96449.5043       129199.2522       5.2494e-07       -2.5555 
96449.5043       129199.2522       5.5582e-07       -2.7059 
129199.2522       173069.2852       0.0000e+00       -0.0000 
129199.2522       173069.2852       1.9841e-12       0.0000 
129199.2522       173069.2852       4.0458e-08       -0.1503 
129199.2522       173069.2852       8.0915e-08       -0.3007 
129199.2522       173069.2852       1.2137e-07       -0.4510 
129199.2522       173069.2852       1.6183e-07       -0.6013 
129199.2522       173069.2852       2.0228e-07       -0.7516 
129199.2522       173069.2852       2.4274e-07       -0.9020 
129199.2522       173069.2852       2.8320e-07       -1.0523 
129199.2522       173069.2852       3.2365e-07       -1.2026 
129199.2522       173069.2852       3.6411e-07       -1.3529 
129199.2522       173069.2852       4.0457e-07       -1.5033 
129199.2522       173069.2852       4.4502e-07       -1.6536 
129199.2522       173069.2852       4.8548e-07       -1.8039 
129199.2522       173069.2852       5.2594e-07       -1.9543 
129199.2522       173069.2852       5.6639e-07       -2.1046 
129199.2522       173069.2852       6.0685e-07       -2.2549 
129199.2522       173069.2852       6.4730e-07       -2.4052 
129199.2522       173069.2852       6.8776e-07       -2.5555 
129199.2522       173069.2852       7.2822e-07       -2.7059 
173069.2852       231840.8711       0.0000e+00       0.0000 
173069.2852       231840.8711       2.3917e-15       -0.0000 
173069.2852       231840.8711       5.4343e-08       -0.1503 
173069.2852       231840.8711       1.0869e-07       -0.3007 
173069.2852       231840.8711       1.6303e-07       -0.4510 
173069.2852       231840.8711       2.1737e-07       -0.6013 
173069.2852       231840.8711       2.7172e-07       -0.7516 
173069.2852       231840.8711       3.2606e-07       -0.9020 
173069.2852       231840.8711       3.8040e-07       -1.0523 
173069.2852       231840.8711       4.3474e-07       -1.2026 
173069.2852       231840.8711       4.8909e-07       -1.3529 
173069.2852       231840.8711       5.4343e-07       -1.5033 
173069.2852       231840.8711       5.9777e-07       -1.6536 
173069.2852       231840.8711       6.5212e-07       -1.8039 
173069.2852       231840.8711       7.0646e-07       -1.9543 
173069.2852       231840.8711       7.6080e-07       -2.1046 
173069.2852       231840.8711       8.1515e-07       -2.2549 
173069.2852       231840.8711       8.6949e-07       -2.4052 
173069.2852       231840.8711       9.2383e-07       -2.5556 
173069.2852       231840.8711       9.7818e-07       -2.7059 
231840.8711       310563.2050       0.0000e+00       0.0000 
231840.8711       310563.2050       2.2158e-15       -0.0000 
231840.8711       310563.2050       7.3251e-08       -0.1503 
231840.8711       310563.2050       1.4650e-07       -0.3007 
231840.8711       310563.2050       2.1975e-07       -0.4510 
231840.8711       310563.2050       2.9300e-07       -0.6013 
231840.8711       310563.2050       3.6626e-07       -0.7516 
231840.8711       310563.2050       4.3951e-07       -0.9020 
231840.8711       310563.2050       5.1276e-07       -1.0523 
231840.8711       310563.2050       5.8601e-07       -1.2026 
231840.8711       310563.2050       6.5926e-07       -1.3529 
231840.8711       310563.2050       7.3251e-07       -1.5033 
231840.8711       310563.2050       8.0576e-07       -1.6536 
231840.8711       310563.2050       8.7901e-07       -1.8039 
231840.8711       310563.2050       9.5227e-07       -1.9543 
231840.8711       310563.2050       1.0255e-06       -2.1046 
231840.8711       310563.2050       1.0988e-06       -2.2549 
231840.8711       310563.2050       1.1720e-06       -2.4052 
231840.8711       310563.2050       1.2453e-06       -2.5556 
231840.8711       310563.2050       1.3185e-06       -2.7059 
310563.2050       416015.9675       0.0000e+00       0.0000 
310563.2050       416015.9675       2.0439e-15       -0.0000 
310563.2050       416015.9675       9.8804e-08       -0.1503 
310563.2050       416015.9675       1.9761e-07       -0.3007 
310563.2050       416015.9675       2.9641e-07       -0.4510 
310563.2050       416015.9675       3.9522e-07       -0.6013 
310563.2050       416015.9675       4.9402e-07       -0.7516 
310563.2050       416015.9675       5.9283e-07       -0.9020 
310563.2050       416015.9675       6.9163e-07       -1.0523 
310563.2050       416015.9675       7.9044e-07       -1.2026 
310563.2050       416015.9675       8.8924e-07       -1.3530 
310563.2050       416015.9675       9.8804e-07       -1.5033 
310563.2050       416015.9675       1.0868e-06       -1.6536 
310563.2050       416015.9675       1.1857e-06       -1.8039 
310563.2050       416015.9675       1.2845e-06       -1.9543 
310563.2050       416015.9675       1.3833e-06       -2.1046 
310563.2050       416015.9675       1.4821e-06       -2.2549 
310563.2050       416015.9675       1.5809e-06       -2.4052 
310563.2050       416015.9675       1.6797e-06       -2.5556 
310563.2050       416015.9675       1.7785e-06       -2.7059 
416015.9675       557275.5639       0.0000e+00       0.0000 
416015.9675       557275.5639       1.9019e-15       -0.0000 
416015.9675       557275.5639       1.3461e-07       -0.1503 
416015.9675       557275.5639       2.6922e-07       -0.3007 
416015.9675       557275.5639       4.0384e-07       -0.4510 
416015.9675       557275.5639       5.3845e-07       -0.6013 
416015.9675       557275.5639       6.7306e-07       -0.7516 
416015.9675       557275.5639       8.0767e-07       -0.9020 
416015.9675       557275.5639       9.4229e-07       -1.0523 
416015.9675       557275.5639       1.0769e-06       -1.2026 
416015.9675       557275.5639       1.2115e-06       -1.3530 
416015.9675       557275.5639       1.3461e-06       -1.5033 
416015.9675       557275.5639       1.4807e-06       -1.6536 
416015.9675       557275.5639       1.6153e-06       -1.8039 
416015.9675       557275.5639       1.7500e-06       -1.9543 
416015.9675       557275.5639       1.8846e-06       -2.1046 
416015.9675       557275.5639       2.0192e-06       -2.2549 
416015.9675       557275.5639       2.1538e-06       -2.4052 
416015.9675       557275.5639       2.2884e-06       -2.5556 
416015.9675       557275.5639       2.4230e-06       -2.7059 
557275.5639       746517.5120       0.0000e+00       0.0000 
557275.5639       746517.5120       1.7597e-15       -0.0000 
557275.5639       746517.5120       1.8597e-07       -0.1503 
557275.5639       746517.5120       3.7194e-07       -0.3007 
557275.5639       746517.5120       5.5791e-07       -0.4510 
557275.5639       746517.5120       7.4388e-07       -0.6013 
557275.5639       746517.5120       9.2985e-07       -0.7516 
557275.5639       746517.5120       1.1158e-06       -0.9020 
557275.5639       746517.5120       1.3018e-06       -1.0523 
557275.5639       746517.5120       1.4878e-06       -1.2026 
557275.5639       746517.5120       1.6737e-06       -1.3529 
557275.5639       746517.5120       1.8597e-06       -1.5033 
557275.5639       746517.5120       2.0457e-06       -1.6536 
557275.5639       746517.5120       2.2316e-06       -1.8039 
557275.5639       746517.5120       2.4176e-06       -1.9543 
557275.5639       746517.5120       2.6036e-06       -2.1046 
557275.5639       746517.5120       2.7895e-06       -2.2549 
557275.5639       746517.5120       2.9755e-06       -2.4052 
557275.5639       746517.5120       3.1615e-06       -2.5556 
557275.5639       746517.5120       3.3474e-06       -2.7059 
746517.5120       1000000.0000       0.0000e+00       0.0000 
746517.5120       1000000.0000       1.5721e-09       -0.0009 
746517.5120       1000000.0000       2.7021e-07       -0.1512 
746517.5120       1000000.0000       5.3885e-07       -0.3014 
746517.5120       1000000.0000       8.0750e-07       -0.4517 
746517.5120       1000000.0000       1.0761e-06       -0.6020 
746517.5120       1000000.0000       1.3448e-06       -0.7523 
746517.5120       1000000.0000       1.6134e-06       -0.9025 
746517.5120       1000000.0000       1.8821e-06       -1.0528 
746517.5120       1000000.0000       2.1507e-06       -1.2031 
746517.5120       1000000.0000       2.4193e-06       -1.3534 
746517.5120       1000000.0000       2.6880e-06       -1.5037 
746517.5120       1000000.0000       2.9566e-06       -1.6539 
746517.5120       1000000.0000       3.2253e-06       -1.8042 
746517.5120       1000000.0000       3.4939e-06       -1.9545 
746517.5120       1000000.0000       3.7626e-06       -2.1048 
746517.5120       1000000.0000       4.0312e-06       -2.2551 
746517.5120       1000000.0000       4.2998e-06       -2.4053 
746517.5120       1000000.0000       4.5685e-06       -2.5556 
746517.5120       1000000.0000       4.8371e-06       -2.7059 
