#Virgo_1  Log10(Jfactor)=18.100   sigmaJ=0.600 
#[0]emin(MeV) [1]emax(MeV) [2]eflux(MeV/cm^2/s) [3]deltaLogLike 
500.0000       669.7766       0.0000e+00       -0.0000 
500.0000       669.7766       7.5936e-15       0.0000 
500.0000       669.7766       2.8182e-09       -0.1174 
500.0000       669.7766       5.6363e-09       -0.2391 
500.0000       669.7766       8.4545e-09       -0.3648 
500.0000       669.7766       1.1273e-08       -0.4946 
500.0000       669.7766       1.4091e-08       -0.6284 
500.0000       669.7766       1.6909e-08       -0.7661 
500.0000       669.7766       1.9727e-08       -0.9077 
500.0000       669.7766       2.2545e-08       -1.0531 
500.0000       669.7766       2.5363e-08       -1.2022 
500.0000       669.7766       2.8182e-08       -1.3551 
500.0000       669.7766       3.1000e-08       -1.5116 
500.0000       669.7766       3.3818e-08       -1.6717 
500.0000       669.7766       3.6636e-08       -1.8354 
500.0000       669.7766       3.9454e-08       -2.0026 
500.0000       669.7766       4.2272e-08       -2.1732 
500.0000       669.7766       4.5091e-08       -2.3472 
500.0000       669.7766       4.7909e-08       -2.5247 
500.0000       669.7766       5.0727e-08       -2.7055 
669.7766       897.2222       0.0000e+00       -0.1486 
669.7766       897.2222       1.6545e-08       0.0000 
669.7766       897.2222       2.1086e-08       -0.0101 
669.7766       897.2222       2.5628e-08       -0.0402 
669.7766       897.2222       3.0170e-08       -0.0894 
669.7766       897.2222       3.4711e-08       -0.1570 
669.7766       897.2222       3.9253e-08       -0.2422 
669.7766       897.2222       4.3795e-08       -0.3444 
669.7766       897.2222       4.8337e-08       -0.4629 
669.7766       897.2222       5.2878e-08       -0.5971 
669.7766       897.2222       5.7420e-08       -0.7466 
669.7766       897.2222       6.1962e-08       -0.9108 
669.7766       897.2222       6.6503e-08       -1.0892 
669.7766       897.2222       7.1045e-08       -1.2814 
669.7766       897.2222       7.5587e-08       -1.4870 
669.7766       897.2222       8.0129e-08       -1.7056 
669.7766       897.2222       8.4670e-08       -1.9368 
669.7766       897.2222       8.9212e-08       -2.1804 
669.7766       897.2222       9.3754e-08       -2.4359 
669.7766       897.2222       9.8295e-08       -2.7030 
897.2222       1201.8769       0.0000e+00       0.0000 
897.2222       1201.8769       6.2945e-13       -0.0000 
897.2222       1201.8769       2.6870e-09       -0.0844 
897.2222       1201.8769       5.3734e-09       -0.1782 
897.2222       1201.8769       8.0598e-09       -0.2810 
897.2222       1201.8769       1.0746e-08       -0.3925 
897.2222       1201.8769       1.3433e-08       -0.5123 
897.2222       1201.8769       1.6119e-08       -0.6400 
897.2222       1201.8769       1.8805e-08       -0.7755 
897.2222       1201.8769       2.1492e-08       -0.9183 
897.2222       1201.8769       2.4178e-08       -1.0683 
897.2222       1201.8769       2.6865e-08       -1.2253 
897.2222       1201.8769       2.9551e-08       -1.3889 
897.2222       1201.8769       3.2237e-08       -1.5589 
897.2222       1201.8769       3.4924e-08       -1.7353 
897.2222       1201.8769       3.7610e-08       -1.9177 
897.2222       1201.8769       4.0297e-08       -2.1061 
897.2222       1201.8769       4.2983e-08       -2.3003 
897.2222       1201.8769       4.5670e-08       -2.5000 
897.2222       1201.8769       4.8356e-08       -2.7051 
1201.8769       1609.9782       0.0000e+00       0.0000 
1201.8769       1609.9782       2.6424e-11       -0.0001 
1201.8769       1609.9782       2.9910e-09       -0.0255 
1201.8769       1609.9782       5.9555e-09       -0.0731 
1201.8769       1609.9782       8.9201e-09       -0.1406 
1201.8769       1609.9782       1.1885e-08       -0.2260 
1201.8769       1609.9782       1.4849e-08       -0.3276 
1201.8769       1609.9782       1.7814e-08       -0.4442 
1201.8769       1609.9782       2.0778e-08       -0.5746 
1201.8769       1609.9782       2.3743e-08       -0.7177 
1201.8769       1609.9782       2.6707e-08       -0.8727 
1201.8769       1609.9782       2.9672e-08       -1.0388 
1201.8769       1609.9782       3.2637e-08       -1.2155 
1201.8769       1609.9782       3.5601e-08       -1.4019 
1201.8769       1609.9782       3.8566e-08       -1.5978 
1201.8769       1609.9782       4.1530e-08       -1.8025 
1201.8769       1609.9782       4.4495e-08       -2.0156 
1201.8769       1609.9782       4.7459e-08       -2.2368 
1201.8769       1609.9782       5.0424e-08       -2.4656 
1201.8769       1609.9782       5.3388e-08       -2.7018 
1609.9782       2156.6516       0.0000e+00       -2.0962 
1609.9782       2156.6516       4.7491e-09       -1.5407 
1609.9782       2156.6516       9.4982e-09       -1.1072 
1609.9782       2156.6516       1.4247e-08       -0.7687 
1609.9782       2156.6516       1.8996e-08       -0.5072 
1609.9782       2156.6516       2.3745e-08       -0.3098 
1609.9782       2156.6516       2.8495e-08       -0.1668 
1609.9782       2156.6516       3.3244e-08       -0.0712 
1609.9782       2156.6516       3.7993e-08       -0.0171 
1609.9782       2156.6516       4.2742e-08       0.0000 
1609.9782       2156.6516       5.0080e-08       -0.0378 
1609.9782       2156.6516       5.7419e-08       -0.1440 
1609.9782       2156.6516       6.4757e-08       -0.3102 
1609.9782       2156.6516       7.2096e-08       -0.5295 
1609.9782       2156.6516       7.9434e-08       -0.7964 
1609.9782       2156.6516       8.6772e-08       -1.1064 
1609.9782       2156.6516       9.4111e-08       -1.4558 
1609.9782       2156.6516       1.0145e-07       -1.8411 
1609.9782       2156.6516       1.0879e-07       -2.2597 
1609.9782       2156.6516       1.1613e-07       -2.7092 
2156.6516       2889.0164       0.0000e+00       -0.2121 
2156.6516       2889.0164       1.6932e-08       0.0000 
2156.6516       2889.0164       2.1442e-08       -0.0119 
2156.6516       2889.0164       2.5951e-08       -0.0472 
2156.6516       2889.0164       3.0461e-08       -0.1037 
2156.6516       2889.0164       3.4971e-08       -0.1797 
2156.6516       2889.0164       3.9480e-08       -0.2737 
2156.6516       2889.0164       4.3990e-08       -0.3845 
2156.6516       2889.0164       4.8499e-08       -0.5109 
2156.6516       2889.0164       5.3009e-08       -0.6518 
2156.6516       2889.0164       5.7518e-08       -0.8064 
2156.6516       2889.0164       6.2028e-08       -0.9739 
2156.6516       2889.0164       6.6537e-08       -1.1536 
2156.6516       2889.0164       7.1047e-08       -1.3448 
2156.6516       2889.0164       7.5556e-08       -1.5469 
2156.6516       2889.0164       8.0066e-08       -1.7594 
2156.6516       2889.0164       8.4575e-08       -1.9818 
2156.6516       2889.0164       8.9085e-08       -2.2137 
2156.6516       2889.0164       9.3595e-08       -2.4545 
2156.6516       2889.0164       9.8104e-08       -2.7041 
2889.0164       3869.9914       0.0000e+00       -0.3545 
2889.0164       3869.9914       1.1664e-08       0.0000 
2889.0164       3869.9914       1.4981e-08       -0.0175 
2889.0164       3869.9914       1.8298e-08       -0.0651 
2889.0164       3869.9914       2.1615e-08       -0.1373 
2889.0164       3869.9914       2.4932e-08       -0.2300 
2889.0164       3869.9914       2.8249e-08       -0.3402 
2889.0164       3869.9914       3.1566e-08       -0.4655 
2889.0164       3869.9914       3.4883e-08       -0.6041 
2889.0164       3869.9914       3.8199e-08       -0.7544 
2889.0164       3869.9914       4.1516e-08       -0.9152 
2889.0164       3869.9914       4.4833e-08       -1.0855 
2889.0164       3869.9914       4.8150e-08       -1.2643 
2889.0164       3869.9914       5.1467e-08       -1.4511 
2889.0164       3869.9914       5.4784e-08       -1.6450 
2889.0164       3869.9914       5.8101e-08       -1.8456 
2889.0164       3869.9914       6.1418e-08       -2.0523 
2889.0164       3869.9914       6.4735e-08       -2.2648 
2889.0164       3869.9914       6.8051e-08       -2.4827 
2889.0164       3869.9914       7.1368e-08       -2.7056 
3869.9914       5184.0598       0.0000e+00       -0.0000 
3869.9914       5184.0598       1.7870e-15       0.0000 
3869.9914       5184.0598       2.2198e-09       -0.1422 
3869.9914       5184.0598       4.4395e-09       -0.2856 
3869.9914       5184.0598       6.6592e-09       -0.4301 
3869.9914       5184.0598       8.8790e-09       -0.5756 
3869.9914       5184.0598       1.1099e-08       -0.7222 
3869.9914       5184.0598       1.3318e-08       -0.8697 
3869.9914       5184.0598       1.5538e-08       -1.0181 
3869.9914       5184.0598       1.7758e-08       -1.1675 
3869.9914       5184.0598       1.9978e-08       -1.3178 
3869.9914       5184.0598       2.2197e-08       -1.4689 
3869.9914       5184.0598       2.4417e-08       -1.6209 
3869.9914       5184.0598       2.6637e-08       -1.7736 
3869.9914       5184.0598       2.8857e-08       -1.9271 
3869.9914       5184.0598       3.1076e-08       -2.0814 
3869.9914       5184.0598       3.3296e-08       -2.2365 
3869.9914       5184.0598       3.5516e-08       -2.3922 
3869.9914       5184.0598       3.7736e-08       -2.5487 
3869.9914       5184.0598       3.9955e-08       -2.7058 
5184.0598       6944.3244       0.0000e+00       0.0000 
5184.0598       6944.3244       2.1650e-13       -0.0000 
5184.0598       6944.3244       4.5414e-09       -0.0505 
5184.0598       6944.3244       9.0827e-09       -0.1235 
5184.0598       6944.3244       1.3624e-08       -0.2148 
5184.0598       6944.3244       1.8165e-08       -0.3213 
5184.0598       6944.3244       2.2706e-08       -0.4410 
5184.0598       6944.3244       2.7248e-08       -0.5720 
5184.0598       6944.3244       3.1789e-08       -0.7130 
5184.0598       6944.3244       3.6330e-08       -0.8630 
5184.0598       6944.3244       4.0871e-08       -1.0209 
5184.0598       6944.3244       4.5412e-08       -1.1860 
5184.0598       6944.3244       4.9954e-08       -1.3576 
5184.0598       6944.3244       5.4495e-08       -1.5353 
5184.0598       6944.3244       5.9036e-08       -1.7186 
5184.0598       6944.3244       6.3577e-08       -1.9070 
5184.0598       6944.3244       6.8119e-08       -2.1001 
5184.0598       6944.3244       7.2660e-08       -2.2977 
5184.0598       6944.3244       7.7201e-08       -2.4994 
5184.0598       6944.3244       8.1742e-08       -2.7050 
6944.3244       9302.5069       0.0000e+00       0.0000 
6944.3244       9302.5069       4.0968e-12       -0.0000 
6944.3244       9302.5069       4.3818e-09       -0.0453 
6944.3244       9302.5069       8.7595e-09       -0.1204 
6944.3244       9302.5069       1.3137e-08       -0.2174 
6944.3244       9302.5069       1.7515e-08       -0.3311 
6944.3244       9302.5069       2.1893e-08       -0.4582 
6944.3244       9302.5069       2.6270e-08       -0.5961 
6944.3244       9302.5069       3.0648e-08       -0.7430 
6944.3244       9302.5069       3.5026e-08       -0.8976 
6944.3244       9302.5069       3.9403e-08       -1.0586 
6944.3244       9302.5069       4.3781e-08       -1.2254 
6944.3244       9302.5069       4.8159e-08       -1.3971 
6944.3244       9302.5069       5.2536e-08       -1.5733 
6944.3244       9302.5069       5.6914e-08       -1.7534 
6944.3244       9302.5069       6.1292e-08       -1.9371 
6944.3244       9302.5069       6.5669e-08       -2.1240 
6944.3244       9302.5069       7.0047e-08       -2.3139 
6944.3244       9302.5069       7.4425e-08       -2.5064 
6944.3244       9302.5069       7.8802e-08       -2.7014 
9302.5069       12461.2038       0.0000e+00       -0.0000 
9302.5069       12461.2038       2.4619e-15       0.0000 
9302.5069       12461.2038       4.2889e-09       -0.1385 
9302.5069       12461.2038       8.5778e-09       -0.2790 
9302.5069       12461.2038       1.2867e-08       -0.4212 
9302.5069       12461.2038       1.7156e-08       -0.5650 
9302.5069       12461.2038       2.1444e-08       -0.7104 
9302.5069       12461.2038       2.5733e-08       -0.8572 
9302.5069       12461.2038       3.0022e-08       -1.0053 
9302.5069       12461.2038       3.4311e-08       -1.1547 
9302.5069       12461.2038       3.8600e-08       -1.3053 
9302.5069       12461.2038       4.2889e-08       -1.4571 
9302.5069       12461.2038       4.7178e-08       -1.6099 
9302.5069       12461.2038       5.1467e-08       -1.7638 
9302.5069       12461.2038       5.5756e-08       -1.9186 
9302.5069       12461.2038       6.0044e-08       -2.0743 
9302.5069       12461.2038       6.4333e-08       -2.2309 
9302.5069       12461.2038       6.8622e-08       -2.3884 
9302.5069       12461.2038       7.2911e-08       -2.5466 
9302.5069       12461.2038       7.7200e-08       -2.7056 
12461.2038       16692.4468       0.0000e+00       -0.0000 
12461.2038       16692.4468       1.3357e-14       0.0000 
12461.2038       16692.4468       5.3129e-09       -0.1466 
12461.2038       16692.4468       1.0626e-08       -0.2936 
12461.2038       16692.4468       1.5939e-08       -0.4412 
12461.2038       16692.4468       2.1252e-08       -0.5892 
12461.2038       16692.4468       2.6564e-08       -0.7377 
12461.2038       16692.4468       3.1877e-08       -0.8867 
12461.2038       16692.4468       3.7190e-08       -1.0361 
12461.2038       16692.4468       4.2503e-08       -1.1859 
12461.2038       16692.4468       4.7816e-08       -1.3362 
12461.2038       16692.4468       5.3129e-08       -1.4868 
12461.2038       16692.4468       5.8442e-08       -1.6379 
12461.2038       16692.4468       6.3755e-08       -1.7894 
12461.2038       16692.4468       6.9068e-08       -1.9412 
12461.2038       16692.4468       7.4381e-08       -2.0934 
12461.2038       16692.4468       7.9693e-08       -2.2460 
12461.2038       16692.4468       8.5006e-08       -2.3989 
12461.2038       16692.4468       9.0319e-08       -2.5522 
12461.2038       16692.4468       9.5632e-08       -2.7059 
16692.4468       22360.9371       0.0000e+00       -0.0273 
16692.4468       22360.9371       8.5715e-09       0.0000 
16692.4468       22360.9371       1.8305e-08       -0.0256 
16692.4468       22360.9371       2.8038e-08       -0.0905 
16692.4468       22360.9371       3.7771e-08       -0.1830 
16692.4468       22360.9371       4.7505e-08       -0.2956 
16692.4468       22360.9371       5.7238e-08       -0.4237 
16692.4468       22360.9371       6.6971e-08       -0.5641 
16692.4468       22360.9371       7.6704e-08       -0.7145 
16692.4468       22360.9371       8.6438e-08       -0.8731 
16692.4468       22360.9371       9.6171e-08       -1.0388 
16692.4468       22360.9371       1.0590e-07       -1.2103 
16692.4468       22360.9371       1.1564e-07       -1.3870 
16692.4468       22360.9371       1.2537e-07       -1.5683 
16692.4468       22360.9371       1.3510e-07       -1.7534 
16692.4468       22360.9371       1.4484e-07       -1.9421 
16692.4468       22360.9371       1.5457e-07       -2.1340 
16692.4468       22360.9371       1.6430e-07       -2.3287 
16692.4468       22360.9371       1.7404e-07       -2.5259 
16692.4468       22360.9371       1.8377e-07       -2.7255 
22360.9371       29953.6672       0.0000e+00       -0.0827 
22360.9371       29953.6672       2.6716e-08       0.0000 
22360.9371       29953.6672       4.2439e-08       -0.0198 
22360.9371       29953.6672       5.8161e-08       -0.0732 
22360.9371       29953.6672       7.3883e-08       -0.1523 
22360.9371       29953.6672       8.9605e-08       -0.2521 
22360.9371       29953.6672       1.0533e-07       -0.3688 
22360.9371       29953.6672       1.2105e-07       -0.4996 
22360.9371       29953.6672       1.3677e-07       -0.6426 
22360.9371       29953.6672       1.5249e-07       -0.7960 
22360.9371       29953.6672       1.6822e-07       -0.9586 
22360.9371       29953.6672       1.8394e-07       -1.1293 
22360.9371       29953.6672       1.9966e-07       -1.3072 
22360.9371       29953.6672       2.1538e-07       -1.4917 
22360.9371       29953.6672       2.3110e-07       -1.6820 
22360.9371       29953.6672       2.4683e-07       -1.8777 
22360.9371       29953.6672       2.6255e-07       -2.0782 
22360.9371       29953.6672       2.7827e-07       -2.2832 
22360.9371       29953.6672       2.9399e-07       -2.4924 
22360.9371       29953.6672       3.0972e-07       -2.7053 
29953.6672       40124.5339       0.0000e+00       -0.0000 
29953.6672       40124.5339       4.2187e-15       0.0000 
29953.6672       40124.5339       1.0007e-08       -0.1501 
29953.6672       40124.5339       2.0015e-08       -0.3002 
29953.6672       40124.5339       3.0022e-08       -0.4503 
29953.6672       40124.5339       4.0030e-08       -0.6005 
29953.6672       40124.5339       5.0037e-08       -0.7507 
29953.6672       40124.5339       6.0044e-08       -0.9009 
29953.6672       40124.5339       7.0052e-08       -1.0512 
29953.6672       40124.5339       8.0059e-08       -1.2015 
29953.6672       40124.5339       9.0067e-08       -1.3518 
29953.6672       40124.5339       1.0007e-07       -1.5021 
29953.6672       40124.5339       1.1008e-07       -1.6525 
29953.6672       40124.5339       1.2009e-07       -1.8029 
29953.6672       40124.5339       1.3010e-07       -1.9533 
29953.6672       40124.5339       1.4010e-07       -2.1038 
29953.6672       40124.5339       1.5011e-07       -2.2543 
29953.6672       40124.5339       1.6012e-07       -2.4048 
29953.6672       40124.5339       1.7013e-07       -2.5553 
29953.6672       40124.5339       1.8013e-07       -2.7059 
40124.5339       53748.9519       0.0000e+00       -0.0000 
40124.5339       53748.9519       9.1068e-15       0.0000 
40124.5339       53748.9519       1.3284e-08       -0.1499 
40124.5339       53748.9519       2.6568e-08       -0.2999 
40124.5339       53748.9519       3.9852e-08       -0.4500 
40124.5339       53748.9519       5.3136e-08       -0.6001 
40124.5339       53748.9519       6.6420e-08       -0.7502 
40124.5339       53748.9519       7.9704e-08       -0.9004 
40124.5339       53748.9519       9.2987e-08       -1.0506 
40124.5339       53748.9519       1.0627e-07       -1.2009 
40124.5339       53748.9519       1.1956e-07       -1.3512 
40124.5339       53748.9519       1.3284e-07       -1.5015 
40124.5339       53748.9519       1.4612e-07       -1.6519 
40124.5339       53748.9519       1.5941e-07       -1.8024 
40124.5339       53748.9519       1.7269e-07       -1.9528 
40124.5339       53748.9519       1.8597e-07       -2.1034 
40124.5339       53748.9519       1.9926e-07       -2.2539 
40124.5339       53748.9519       2.1254e-07       -2.4045 
40124.5339       53748.9519       2.2583e-07       -2.5552 
40124.5339       53748.9519       2.3911e-07       -2.7059 
53748.9519       72001.2440       0.0000e+00       -1.8797 
53748.9519       72001.2440       1.1811e-08       -0.9721 
53748.9519       72001.2440       2.3623e-08       -0.5836 
53748.9519       72001.2440       3.5434e-08       -0.3593 
53748.9519       72001.2440       4.7245e-08       -0.2168 
53748.9519       72001.2440       5.9057e-08       -0.1233 
53748.9519       72001.2440       7.0868e-08       -0.0627 
53748.9519       72001.2440       8.2679e-08       -0.0255 
53748.9519       72001.2440       9.4490e-08       -0.0059 
53748.9519       72001.2440       1.0630e-07       0.0000 
53748.9519       72001.2440       1.5506e-07       -0.0727 
53748.9519       72001.2440       2.0382e-07       -0.2406 
53748.9519       72001.2440       2.5258e-07       -0.4637 
53748.9519       72001.2440       3.0134e-07       -0.7227 
53748.9519       72001.2440       3.5010e-07       -1.0071 
53748.9519       72001.2440       3.9886e-07       -1.3103 
53748.9519       72001.2440       4.4762e-07       -1.6281 
53748.9519       72001.2440       4.9638e-07       -1.9575 
53748.9519       72001.2440       5.4514e-07       -2.2963 
53748.9519       72001.2440       5.9390e-07       -2.6430 
72001.2440       96449.5043       0.0000e+00       -0.0000 
72001.2440       96449.5043       1.9627e-14       0.0000 
72001.2440       96449.5043       2.2834e-08       -0.1503 
72001.2440       96449.5043       4.5668e-08       -0.3007 
72001.2440       96449.5043       6.8503e-08       -0.4510 
72001.2440       96449.5043       9.1337e-08       -0.6013 
72001.2440       96449.5043       1.1417e-07       -0.7516 
72001.2440       96449.5043       1.3701e-07       -0.9020 
72001.2440       96449.5043       1.5984e-07       -1.0523 
72001.2440       96449.5043       1.8267e-07       -1.2026 
72001.2440       96449.5043       2.0551e-07       -1.3529 
72001.2440       96449.5043       2.2834e-07       -1.5033 
72001.2440       96449.5043       2.5118e-07       -1.6536 
72001.2440       96449.5043       2.7401e-07       -1.8039 
72001.2440       96449.5043       2.9684e-07       -1.9543 
72001.2440       96449.5043       3.1968e-07       -2.1046 
72001.2440       96449.5043       3.4251e-07       -2.2549 
72001.2440       96449.5043       3.6535e-07       -2.4052 
72001.2440       96449.5043       3.8818e-07       -2.5556 
72001.2440       96449.5043       4.1102e-07       -2.7059 
96449.5043       129199.2522       0.0000e+00       -0.0001 
96449.5043       129199.2522       9.1900e-13       0.0000 
96449.5043       129199.2522       3.0678e-08       -0.1503 
96449.5043       129199.2522       6.1355e-08       -0.3007 
96449.5043       129199.2522       9.2031e-08       -0.4510 
96449.5043       129199.2522       1.2271e-07       -0.6013 
96449.5043       129199.2522       1.5338e-07       -0.7517 
96449.5043       129199.2522       1.8406e-07       -0.9020 
96449.5043       129199.2522       2.1474e-07       -1.0523 
96449.5043       129199.2522       2.4542e-07       -1.2026 
96449.5043       129199.2522       2.7609e-07       -1.3530 
96449.5043       129199.2522       3.0677e-07       -1.5033 
96449.5043       129199.2522       3.3745e-07       -1.6537 
96449.5043       129199.2522       3.6812e-07       -1.8040 
96449.5043       129199.2522       3.9880e-07       -1.9543 
96449.5043       129199.2522       4.2948e-07       -2.1047 
96449.5043       129199.2522       4.6015e-07       -2.2550 
96449.5043       129199.2522       4.9083e-07       -2.4053 
96449.5043       129199.2522       5.2151e-07       -2.5557 
96449.5043       129199.2522       5.5218e-07       -2.7060 
129199.2522       173069.2852       0.0000e+00       -0.0000 
129199.2522       173069.2852       3.8139e-12       0.0000 
129199.2522       173069.2852       4.1264e-08       -0.1503 
129199.2522       173069.2852       8.2525e-08       -0.3006 
129199.2522       173069.2852       1.2379e-07       -0.4510 
129199.2522       173069.2852       1.6505e-07       -0.6013 
129199.2522       173069.2852       2.0631e-07       -0.7516 
129199.2522       173069.2852       2.4757e-07       -0.9020 
129199.2522       173069.2852       2.8883e-07       -1.0523 
129199.2522       173069.2852       3.3009e-07       -1.2026 
129199.2522       173069.2852       3.7135e-07       -1.3529 
129199.2522       173069.2852       4.1261e-07       -1.5033 
129199.2522       173069.2852       4.5387e-07       -1.6536 
129199.2522       173069.2852       4.9513e-07       -1.8039 
129199.2522       173069.2852       5.3639e-07       -1.9543 
129199.2522       173069.2852       5.7765e-07       -2.1046 
129199.2522       173069.2852       6.1891e-07       -2.2549 
129199.2522       173069.2852       6.6017e-07       -2.4052 
129199.2522       173069.2852       7.0143e-07       -2.5556 
129199.2522       173069.2852       7.4269e-07       -2.7059 
173069.2852       231840.8711       0.0000e+00       -0.0000 
173069.2852       231840.8711       5.5452e-13       0.0000 
173069.2852       231840.8711       5.6395e-08       -0.1503 
173069.2852       231840.8711       1.1279e-07       -0.3005 
173069.2852       231840.8711       1.6919e-07       -0.4508 
173069.2852       231840.8711       2.2558e-07       -0.6011 
173069.2852       231840.8711       2.8197e-07       -0.7514 
173069.2852       231840.8711       3.3837e-07       -0.9017 
173069.2852       231840.8711       3.9476e-07       -1.0520 
173069.2852       231840.8711       4.5116e-07       -1.2023 
173069.2852       231840.8711       5.0755e-07       -1.3526 
173069.2852       231840.8711       5.6395e-07       -1.5029 
173069.2852       231840.8711       6.2034e-07       -1.6533 
173069.2852       231840.8711       6.7674e-07       -1.8036 
173069.2852       231840.8711       7.3313e-07       -1.9540 
173069.2852       231840.8711       7.8953e-07       -2.1043 
173069.2852       231840.8711       8.4592e-07       -2.2547 
173069.2852       231840.8711       9.0232e-07       -2.4051 
173069.2852       231840.8711       9.5871e-07       -2.5555 
173069.2852       231840.8711       1.0151e-06       -2.7059 
231840.8711       310563.2050       0.0000e+00       0.0000 
231840.8711       310563.2050       9.0107e-12       -0.0000 
231840.8711       310563.2050       7.4344e-08       -0.1503 
231840.8711       310563.2050       1.4868e-07       -0.3006 
231840.8711       310563.2050       2.2301e-07       -0.4509 
231840.8711       310563.2050       2.9735e-07       -0.6013 
231840.8711       310563.2050       3.7169e-07       -0.7516 
231840.8711       310563.2050       4.4602e-07       -0.9019 
231840.8711       310563.2050       5.2036e-07       -1.0523 
231840.8711       310563.2050       5.9469e-07       -1.2026 
231840.8711       310563.2050       6.6903e-07       -1.3529 
231840.8711       310563.2050       7.4336e-07       -1.5032 
231840.8711       310563.2050       8.1770e-07       -1.6536 
231840.8711       310563.2050       8.9203e-07       -1.8039 
231840.8711       310563.2050       9.6637e-07       -1.9542 
231840.8711       310563.2050       1.0407e-06       -2.1045 
231840.8711       310563.2050       1.1150e-06       -2.2549 
231840.8711       310563.2050       1.1894e-06       -2.4052 
231840.8711       310563.2050       1.2637e-06       -2.5555 
231840.8711       310563.2050       1.3380e-06       -2.7059 
310563.2050       416015.9675       0.0000e+00       -0.0000 
310563.2050       416015.9675       1.4113e-12       0.0000 
310563.2050       416015.9675       1.0050e-07       -0.1503 
310563.2050       416015.9675       2.0101e-07       -0.3007 
310563.2050       416015.9675       3.0151e-07       -0.4510 
310563.2050       416015.9675       4.0201e-07       -0.6013 
310563.2050       416015.9675       5.0251e-07       -0.7516 
310563.2050       416015.9675       6.0302e-07       -0.9019 
310563.2050       416015.9675       7.0352e-07       -1.0523 
310563.2050       416015.9675       8.0402e-07       -1.2026 
310563.2050       416015.9675       9.0453e-07       -1.3529 
310563.2050       416015.9675       1.0050e-06       -1.5033 
310563.2050       416015.9675       1.1055e-06       -1.6536 
310563.2050       416015.9675       1.2060e-06       -1.8039 
310563.2050       416015.9675       1.3065e-06       -1.9543 
310563.2050       416015.9675       1.4070e-06       -2.1046 
310563.2050       416015.9675       1.5075e-06       -2.2549 
310563.2050       416015.9675       1.6080e-06       -2.4052 
310563.2050       416015.9675       1.7085e-06       -2.5556 
310563.2050       416015.9675       1.8090e-06       -2.7059 
416015.9675       557275.5639       0.0000e+00       -0.0000 
416015.9675       557275.5639       4.5673e-13       0.0000 
416015.9675       557275.5639       1.3730e-07       -0.1503 
416015.9675       557275.5639       2.7460e-07       -0.3007 
416015.9675       557275.5639       4.1191e-07       -0.4510 
416015.9675       557275.5639       5.4921e-07       -0.6013 
416015.9675       557275.5639       6.8651e-07       -0.7516 
416015.9675       557275.5639       8.2381e-07       -0.9020 
416015.9675       557275.5639       9.6111e-07       -1.0523 
416015.9675       557275.5639       1.0984e-06       -1.2026 
416015.9675       557275.5639       1.2357e-06       -1.3530 
416015.9675       557275.5639       1.3730e-06       -1.5033 
416015.9675       557275.5639       1.5103e-06       -1.6536 
416015.9675       557275.5639       1.6476e-06       -1.8039 
416015.9675       557275.5639       1.7849e-06       -1.9543 
416015.9675       557275.5639       1.9222e-06       -2.1046 
416015.9675       557275.5639       2.0595e-06       -2.2549 
416015.9675       557275.5639       2.1968e-06       -2.4053 
416015.9675       557275.5639       2.3341e-06       -2.5556 
416015.9675       557275.5639       2.4714e-06       -2.7059 
557275.5639       746517.5120       0.0000e+00       -1.5310 
557275.5639       746517.5120       1.2854e-07       -0.8592 
557275.5639       746517.5120       2.5708e-07       -0.5292 
557275.5639       746517.5120       3.8563e-07       -0.3301 
557275.5639       746517.5120       5.1417e-07       -0.2008 
557275.5639       746517.5120       6.4271e-07       -0.1149 
557275.5639       746517.5120       7.7125e-07       -0.0586 
557275.5639       746517.5120       8.9979e-07       -0.0239 
557275.5639       746517.5120       1.0283e-06       -0.0055 
557275.5639       746517.5120       1.1569e-06       0.0000 
557275.5639       746517.5120       1.7040e-06       -0.0730 
557275.5639       746517.5120       2.2511e-06       -0.2415 
557275.5639       746517.5120       2.7982e-06       -0.4652 
557275.5639       746517.5120       3.3453e-06       -0.7250 
557275.5639       746517.5120       3.8924e-06       -1.0101 
557275.5639       746517.5120       4.4395e-06       -1.3142 
557275.5639       746517.5120       4.9866e-06       -1.6328 
557275.5639       746517.5120       5.5337e-06       -1.9630 
557275.5639       746517.5120       6.0808e-06       -2.3026 
557275.5639       746517.5120       6.6279e-06       -2.6501 
746517.5120       1000000.0000       0.0000e+00       -0.0000 
746517.5120       1000000.0000       9.3628e-13       0.0000 
746517.5120       1000000.0000       2.8099e-07       -0.1503 
746517.5120       1000000.0000       5.6197e-07       -0.3007 
746517.5120       1000000.0000       8.4295e-07       -0.4510 
746517.5120       1000000.0000       1.1239e-06       -0.6013 
746517.5120       1000000.0000       1.4049e-06       -0.7516 
746517.5120       1000000.0000       1.6859e-06       -0.9020 
746517.5120       1000000.0000       1.9669e-06       -1.0523 
746517.5120       1000000.0000       2.2479e-06       -1.2026 
746517.5120       1000000.0000       2.5289e-06       -1.3529 
746517.5120       1000000.0000       2.8098e-06       -1.5033 
746517.5120       1000000.0000       3.0908e-06       -1.6536 
746517.5120       1000000.0000       3.3718e-06       -1.8039 
746517.5120       1000000.0000       3.6528e-06       -1.9543 
746517.5120       1000000.0000       3.9338e-06       -2.1046 
746517.5120       1000000.0000       4.2148e-06       -2.2549 
746517.5120       1000000.0000       4.4958e-06       -2.4052 
746517.5120       1000000.0000       4.7767e-06       -2.5556 
746517.5120       1000000.0000       5.0577e-06       -2.7059 
