#Ursa_Major_1  Log10(Jfactor)=18.260   sigmaJ=0.280 
#[0]emin(MeV) [1]emax(MeV) [2]eflux(MeV/cm^2/s) [3]deltaLogLike 
500.0000       669.7766       0.0000e+00       0.0000 
500.0000       669.7766       1.2286e-12       -0.0000 
500.0000       669.7766       3.3009e-09       -0.0651 
500.0000       669.7766       6.6005e-09       -0.1414 
500.0000       669.7766       9.9001e-09       -0.2286 
500.0000       669.7766       1.3200e-08       -0.3265 
500.0000       669.7766       1.6499e-08       -0.4350 
500.0000       669.7766       1.9799e-08       -0.5536 
500.0000       669.7766       2.3099e-08       -0.6822 
500.0000       669.7766       2.6398e-08       -0.8207 
500.0000       669.7766       2.9698e-08       -0.9687 
500.0000       669.7766       3.2997e-08       -1.1261 
500.0000       669.7766       3.6297e-08       -1.2928 
500.0000       669.7766       3.9597e-08       -1.4685 
500.0000       669.7766       4.2896e-08       -1.6531 
500.0000       669.7766       4.6196e-08       -1.8464 
500.0000       669.7766       4.9496e-08       -2.0483 
500.0000       669.7766       5.2795e-08       -2.2585 
500.0000       669.7766       5.6095e-08       -2.4770 
500.0000       669.7766       5.9394e-08       -2.7037 
669.7766       897.2222       0.0000e+00       -1.4494 
669.7766       897.2222       4.1145e-09       -1.1184 
669.7766       897.2222       8.2291e-09       -0.8374 
669.7766       897.2222       1.2344e-08       -0.6025 
669.7766       897.2222       1.6458e-08       -0.4103 
669.7766       897.2222       2.0573e-08       -0.2579 
669.7766       897.2222       2.4687e-08       -0.1427 
669.7766       897.2222       2.8802e-08       -0.0627 
669.7766       897.2222       3.2916e-08       -0.0157 
669.7766       897.2222       3.7031e-08       0.0000 
669.7766       897.2222       4.3219e-08       -0.0319 
669.7766       897.2222       4.9406e-08       -0.1262 
669.7766       897.2222       5.5594e-08       -0.2787 
669.7766       897.2222       6.1781e-08       -0.4859 
669.7766       897.2222       6.7969e-08       -0.7444 
669.7766       897.2222       7.4156e-08       -1.0515 
669.7766       897.2222       8.0344e-08       -1.4044 
669.7766       897.2222       8.6532e-08       -1.8011 
669.7766       897.2222       9.2719e-08       -2.2392 
669.7766       897.2222       9.8907e-08       -2.7170 
897.2222       1201.8769       0.0000e+00       0.0000 
897.2222       1201.8769       3.6331e-13       -0.0000 
897.2222       1201.8769       1.6533e-09       -0.1101 
897.2222       1201.8769       3.3062e-09       -0.2259 
897.2222       1201.8769       4.9591e-09       -0.3471 
897.2222       1201.8769       6.6120e-09       -0.4736 
897.2222       1201.8769       8.2649e-09       -0.6051 
897.2222       1201.8769       9.9178e-09       -0.7414 
897.2222       1201.8769       1.1571e-08       -0.8825 
897.2222       1201.8769       1.3224e-08       -1.0281 
897.2222       1201.8769       1.4876e-08       -1.1781 
897.2222       1201.8769       1.6529e-08       -1.3323 
897.2222       1201.8769       1.8182e-08       -1.4906 
897.2222       1201.8769       1.9835e-08       -1.6530 
897.2222       1201.8769       2.1488e-08       -1.8192 
897.2222       1201.8769       2.3141e-08       -1.9893 
897.2222       1201.8769       2.4794e-08       -2.1630 
897.2222       1201.8769       2.6447e-08       -2.3403 
897.2222       1201.8769       2.8100e-08       -2.5211 
897.2222       1201.8769       2.9753e-08       -2.7053 
1201.8769       1609.9782       0.0000e+00       -0.0565 
1201.8769       1609.9782       5.5659e-09       0.0000 
1201.8769       1609.9782       8.2545e-09       -0.0111 
1201.8769       1609.9782       1.0943e-08       -0.0447 
1201.8769       1609.9782       1.3632e-08       -0.0992 
1201.8769       1609.9782       1.6320e-08       -0.1732 
1201.8769       1609.9782       1.9009e-08       -0.2654 
1201.8769       1609.9782       2.1698e-08       -0.3748 
1201.8769       1609.9782       2.4386e-08       -0.5004 
1201.8769       1609.9782       2.7075e-08       -0.6412 
1201.8769       1609.9782       2.9764e-08       -0.7965 
1201.8769       1609.9782       3.2452e-08       -0.9656 
1201.8769       1609.9782       3.5141e-08       -1.1478 
1201.8769       1609.9782       3.7830e-08       -1.3424 
1201.8769       1609.9782       4.0518e-08       -1.5489 
1201.8769       1609.9782       4.3207e-08       -1.7668 
1201.8769       1609.9782       4.5896e-08       -1.9955 
1201.8769       1609.9782       4.8584e-08       -2.2348 
1201.8769       1609.9782       5.1273e-08       -2.4841 
1201.8769       1609.9782       5.3962e-08       -2.7430 
1609.9782       2156.6516       0.0000e+00       -1.1099 
1609.9782       2156.6516       2.5938e-09       -0.8406 
1609.9782       2156.6516       5.1875e-09       -0.6190 
1609.9782       2156.6516       7.7813e-09       -0.4386 
1609.9782       2156.6516       1.0375e-08       -0.2944 
1609.9782       2156.6516       1.2969e-08       -0.1824 
1609.9782       2156.6516       1.5563e-08       -0.0995 
1609.9782       2156.6516       1.8156e-08       -0.0429 
1609.9782       2156.6516       2.0750e-08       -0.0104 
1609.9782       2156.6516       2.3344e-08       0.0000 
1609.9782       2156.6516       2.8394e-08       -0.0374 
1609.9782       2156.6516       3.3444e-08       -0.1426 
1609.9782       2156.6516       3.8495e-08       -0.3076 
1609.9782       2156.6516       4.3545e-08       -0.5261 
1609.9782       2156.6516       4.8595e-08       -0.7927 
1609.9782       2156.6516       5.3646e-08       -1.1029 
1609.9782       2156.6516       5.8696e-08       -1.4531 
1609.9782       2156.6516       6.3746e-08       -1.8399 
1609.9782       2156.6516       6.8796e-08       -2.2606 
1609.9782       2156.6516       7.3847e-08       -2.7128 
2156.6516       2889.0164       0.0000e+00       0.0000 
2156.6516       2889.0164       3.7013e-13       -0.0000 
2156.6516       2889.0164       1.4444e-09       -0.1255 
2156.6516       2889.0164       2.8884e-09       -0.2551 
2156.6516       2889.0164       4.3325e-09       -0.3885 
2156.6516       2889.0164       5.7765e-09       -0.5254 
2156.6516       2889.0164       7.2206e-09       -0.6656 
2156.6516       2889.0164       8.6646e-09       -0.8087 
2156.6516       2889.0164       1.0109e-08       -0.9546 
2156.6516       2889.0164       1.1553e-08       -1.1032 
2156.6516       2889.0164       1.2997e-08       -1.2542 
2156.6516       2889.0164       1.4441e-08       -1.4075 
2156.6516       2889.0164       1.5885e-08       -1.5631 
2156.6516       2889.0164       1.7329e-08       -1.7207 
2156.6516       2889.0164       1.8773e-08       -1.8803 
2156.6516       2889.0164       2.0217e-08       -2.0418 
2156.6516       2889.0164       2.1661e-08       -2.2052 
2156.6516       2889.0164       2.3105e-08       -2.3703 
2156.6516       2889.0164       2.4549e-08       -2.5370 
2156.6516       2889.0164       2.5993e-08       -2.7054 
2889.0164       3869.9914       0.0000e+00       -0.0000 
2889.0164       3869.9914       8.3228e-16       0.0000 
2889.0164       3869.9914       1.6447e-09       -0.1237 
2889.0164       3869.9914       3.2893e-09       -0.2516 
2889.0164       3869.9914       4.9340e-09       -0.3835 
2889.0164       3869.9914       6.5787e-09       -0.5190 
2889.0164       3869.9914       8.2234e-09       -0.6580 
2889.0164       3869.9914       9.8680e-09       -0.8002 
2889.0164       3869.9914       1.1513e-08       -0.9454 
2889.0164       3869.9914       1.3157e-08       -1.0936 
2889.0164       3869.9914       1.4802e-08       -1.2444 
2889.0164       3869.9914       1.6447e-08       -1.3979 
2889.0164       3869.9914       1.8091e-08       -1.5538 
2889.0164       3869.9914       1.9736e-08       -1.7121 
2889.0164       3869.9914       2.1381e-08       -1.8727 
2889.0164       3869.9914       2.3025e-08       -2.0354 
2889.0164       3869.9914       2.4670e-08       -2.2001 
2889.0164       3869.9914       2.6315e-08       -2.3669 
2889.0164       3869.9914       2.7959e-08       -2.5355 
2889.0164       3869.9914       2.9604e-08       -2.7060 
3869.9914       5184.0598       0.0000e+00       -0.0000 
3869.9914       5184.0598       1.6081e-16       0.0000 
3869.9914       5184.0598       1.2128e-09       -0.1481 
3869.9914       5184.0598       2.4256e-09       -0.2966 
3869.9914       5184.0598       3.6384e-09       -0.4453 
3869.9914       5184.0598       4.8512e-09       -0.5943 
3869.9914       5184.0598       6.0640e-09       -0.7435 
3869.9914       5184.0598       7.2768e-09       -0.8930 
3869.9914       5184.0598       8.4897e-09       -1.0428 
3869.9914       5184.0598       9.7025e-09       -1.1928 
3869.9914       5184.0598       1.0915e-08       -1.3431 
3869.9914       5184.0598       1.2128e-08       -1.4936 
3869.9914       5184.0598       1.3341e-08       -1.6443 
3869.9914       5184.0598       1.4554e-08       -1.7953 
3869.9914       5184.0598       1.5766e-08       -1.9465 
3869.9914       5184.0598       1.6979e-08       -2.0980 
3869.9914       5184.0598       1.8192e-08       -2.2496 
3869.9914       5184.0598       1.9405e-08       -2.4015 
3869.9914       5184.0598       2.0618e-08       -2.5536 
3869.9914       5184.0598       2.1831e-08       -2.7059 
5184.0598       6944.3244       0.0000e+00       0.0000 
5184.0598       6944.3244       5.8866e-17       -0.0000 
5184.0598       6944.3244       1.6934e-09       -0.1458 
5184.0598       6944.3244       3.3868e-09       -0.2921 
5184.0598       6944.3244       5.0802e-09       -0.4391 
5184.0598       6944.3244       6.7735e-09       -0.5867 
5184.0598       6944.3244       8.4669e-09       -0.7349 
5184.0598       6944.3244       1.0160e-08       -0.8836 
5184.0598       6944.3244       1.1854e-08       -1.0328 
5184.0598       6944.3244       1.3547e-08       -1.1826 
5184.0598       6944.3244       1.5240e-08       -1.3328 
5184.0598       6944.3244       1.6934e-08       -1.4836 
5184.0598       6944.3244       1.8627e-08       -1.6348 
5184.0598       6944.3244       2.0321e-08       -1.7865 
5184.0598       6944.3244       2.2014e-08       -1.9387 
5184.0598       6944.3244       2.3707e-08       -2.0913 
5184.0598       6944.3244       2.5401e-08       -2.2443 
5184.0598       6944.3244       2.7094e-08       -2.3977 
5184.0598       6944.3244       2.8788e-08       -2.5516 
5184.0598       6944.3244       3.0481e-08       -2.7058 
6944.3244       9302.5069       0.0000e+00       -0.7038 
6944.3244       9302.5069       1.3677e-09       -0.4774 
6944.3244       9302.5069       2.7354e-09       -0.3236 
6944.3244       9302.5069       4.1031e-09       -0.2148 
6944.3244       9302.5069       5.4708e-09       -0.1368 
6944.3244       9302.5069       6.8385e-09       -0.0814 
6944.3244       9302.5069       8.2062e-09       -0.0430 
6944.3244       9302.5069       9.5739e-09       -0.0183 
6944.3244       9302.5069       1.0942e-08       -0.0046 
6944.3244       9302.5069       1.2309e-08       0.0000 
6944.3244       9302.5069       1.8669e-08       -0.0649 
6944.3244       9302.5069       2.5029e-08       -0.2229 
6944.3244       9302.5069       3.1388e-08       -0.4393 
6944.3244       9302.5069       3.7748e-08       -0.6964 
6944.3244       9302.5069       4.4108e-08       -0.9839 
6944.3244       9302.5069       5.0467e-08       -1.2952 
6944.3244       9302.5069       5.6827e-08       -1.6257 
6944.3244       9302.5069       6.3187e-08       -1.9723 
6944.3244       9302.5069       6.9546e-08       -2.3323 
6944.3244       9302.5069       7.5906e-08       -2.7041 
9302.5069       12461.2038       0.0000e+00       -0.0000 
9302.5069       12461.2038       1.8629e-17       0.0000 
9302.5069       12461.2038       2.5489e-09       -0.1488 
9302.5069       12461.2038       5.0978e-09       -0.2978 
9302.5069       12461.2038       7.6467e-09       -0.4470 
9302.5069       12461.2038       1.0196e-08       -0.5964 
9302.5069       12461.2038       1.2744e-08       -0.7460 
9302.5069       12461.2038       1.5293e-08       -0.8957 
9302.5069       12461.2038       1.7842e-08       -1.0456 
9302.5069       12461.2038       2.0391e-08       -1.1957 
9302.5069       12461.2038       2.2940e-08       -1.3460 
9302.5069       12461.2038       2.5489e-08       -1.4965 
9302.5069       12461.2038       2.8038e-08       -1.6471 
9302.5069       12461.2038       3.0587e-08       -1.7979 
9302.5069       12461.2038       3.3135e-08       -1.9488 
9302.5069       12461.2038       3.5684e-08       -2.0999 
9302.5069       12461.2038       3.8233e-08       -2.2512 
9302.5069       12461.2038       4.0782e-08       -2.4026 
9302.5069       12461.2038       4.3331e-08       -2.5542 
9302.5069       12461.2038       4.5880e-08       -2.7059 
12461.2038       16692.4468       0.0000e+00       0.0000 
12461.2038       16692.4468       9.6140e-12       -0.0003 
12461.2038       16692.4468       4.0061e-09       -0.1431 
12461.2038       16692.4468       8.0027e-09       -0.2869 
12461.2038       16692.4468       1.1999e-08       -0.4317 
12461.2038       16692.4468       1.5996e-08       -0.5776 
12461.2038       16692.4468       1.9992e-08       -0.7245 
12461.2038       16692.4468       2.3989e-08       -0.8722 
12461.2038       16692.4468       2.7985e-08       -1.0209 
12461.2038       16692.4468       3.1982e-08       -1.1703 
12461.2038       16692.4468       3.5978e-08       -1.3207 
12461.2038       16692.4468       3.9975e-08       -1.4718 
12461.2038       16692.4468       4.3971e-08       -1.6236 
12461.2038       16692.4468       4.7968e-08       -1.7762 
12461.2038       16692.4468       5.1964e-08       -1.9295 
12461.2038       16692.4468       5.5961e-08       -2.0835 
12461.2038       16692.4468       5.9958e-08       -2.2381 
12461.2038       16692.4468       6.3954e-08       -2.3934 
12461.2038       16692.4468       6.7951e-08       -2.5493 
12461.2038       16692.4468       7.1947e-08       -2.7057 
16692.4468       22360.9371       0.0000e+00       0.0000 
16692.4468       22360.9371       5.3777e-12       -0.0001 
16692.4468       22360.9371       5.5847e-09       -0.1093 
16692.4468       22360.9371       1.1164e-08       -0.2275 
16692.4468       22360.9371       1.6743e-08       -0.3533 
16692.4468       22360.9371       2.2323e-08       -0.4855 
16692.4468       22360.9371       2.7902e-08       -0.6232 
16692.4468       22360.9371       3.3481e-08       -0.7657 
16692.4468       22360.9371       3.9060e-08       -0.9123 
16692.4468       22360.9371       4.4640e-08       -1.0627 
16692.4468       22360.9371       5.0219e-08       -1.2163 
16692.4468       22360.9371       5.5798e-08       -1.3729 
16692.4468       22360.9371       6.1378e-08       -1.5322 
16692.4468       22360.9371       6.6957e-08       -1.6939 
16692.4468       22360.9371       7.2536e-08       -1.8579 
16692.4468       22360.9371       7.8115e-08       -2.0238 
16692.4468       22360.9371       8.3695e-08       -2.1916 
16692.4468       22360.9371       8.9274e-08       -2.3610 
16692.4468       22360.9371       9.4853e-08       -2.5321 
16692.4468       22360.9371       1.0043e-07       -2.7046 
22360.9371       29953.6672       0.0000e+00       0.0000 
22360.9371       29953.6672       2.9911e-12       -0.0001 
22360.9371       29953.6672       5.2105e-09       -0.1504 
22360.9371       29953.6672       1.0418e-08       -0.3007 
22360.9371       29953.6672       1.5626e-08       -0.4510 
22360.9371       29953.6672       2.0833e-08       -0.6013 
22360.9371       29953.6672       2.6041e-08       -0.7516 
22360.9371       29953.6672       3.1248e-08       -0.9020 
22360.9371       29953.6672       3.6456e-08       -1.0523 
22360.9371       29953.6672       4.1663e-08       -1.2026 
22360.9371       29953.6672       4.6871e-08       -1.3529 
22360.9371       29953.6672       5.2079e-08       -1.5033 
22360.9371       29953.6672       5.7286e-08       -1.6536 
22360.9371       29953.6672       6.2494e-08       -1.8039 
22360.9371       29953.6672       6.7701e-08       -1.9542 
22360.9371       29953.6672       7.2909e-08       -2.1046 
22360.9371       29953.6672       7.8116e-08       -2.2549 
22360.9371       29953.6672       8.3324e-08       -2.4052 
22360.9371       29953.6672       8.8531e-08       -2.5556 
22360.9371       29953.6672       9.3739e-08       -2.7059 
29953.6672       40124.5339       0.0000e+00       0.0000 
29953.6672       40124.5339       1.6645e-12       -0.0000 
29953.6672       40124.5339       6.9028e-09       -0.1503 
29953.6672       40124.5339       1.3804e-08       -0.3006 
29953.6672       40124.5339       2.0705e-08       -0.4509 
29953.6672       40124.5339       2.7606e-08       -0.6012 
29953.6672       40124.5339       3.4507e-08       -0.7515 
29953.6672       40124.5339       4.1408e-08       -0.9018 
29953.6672       40124.5339       4.8309e-08       -1.0522 
29953.6672       40124.5339       5.5211e-08       -1.2025 
29953.6672       40124.5339       6.2112e-08       -1.3528 
29953.6672       40124.5339       6.9013e-08       -1.5031 
29953.6672       40124.5339       7.5914e-08       -1.6535 
29953.6672       40124.5339       8.2815e-08       -1.8038 
29953.6672       40124.5339       8.9716e-08       -1.9541 
29953.6672       40124.5339       9.6617e-08       -2.1045 
29953.6672       40124.5339       1.0352e-07       -2.2548 
29953.6672       40124.5339       1.1042e-07       -2.4052 
29953.6672       40124.5339       1.1732e-07       -2.5555 
29953.6672       40124.5339       1.2422e-07       -2.7059 
40124.5339       53748.9519       0.0000e+00       -0.0349 
40124.5339       53748.9519       9.2604e-13       -0.0349 
40124.5339       53748.9519       1.8834e-08       0.0000 
40124.5339       53748.9519       3.7668e-08       -0.0191 
40124.5339       53748.9519       5.6501e-08       -0.0771 
40124.5339       53748.9519       7.5335e-08       -0.1647 
40124.5339       53748.9519       9.4168e-08       -0.2757 
40124.5339       53748.9519       1.1300e-07       -0.4055 
40124.5339       53748.9519       1.3184e-07       -0.5508 
40124.5339       53748.9519       1.5067e-07       -0.7093 
40124.5339       53748.9519       1.6950e-07       -0.8790 
40124.5339       53748.9519       1.8834e-07       -1.0582 
40124.5339       53748.9519       2.0717e-07       -1.2459 
40124.5339       53748.9519       2.2600e-07       -1.4411 
40124.5339       53748.9519       2.4484e-07       -1.6427 
40124.5339       53748.9519       2.6367e-07       -1.8503 
40124.5339       53748.9519       2.8250e-07       -2.0631 
40124.5339       53748.9519       3.0134e-07       -2.2807 
40124.5339       53748.9519       3.2017e-07       -2.5027 
40124.5339       53748.9519       3.3900e-07       -2.7285 
53748.9519       72001.2440       0.0000e+00       0.0000 
53748.9519       72001.2440       5.1455e-13       -0.0000 
53748.9519       72001.2440       1.2147e-08       -0.1503 
53748.9519       72001.2440       2.4293e-08       -0.3007 
53748.9519       72001.2440       3.6440e-08       -0.4510 
53748.9519       72001.2440       4.8586e-08       -0.6013 
53748.9519       72001.2440       6.0733e-08       -0.7516 
53748.9519       72001.2440       7.2879e-08       -0.9020 
53748.9519       72001.2440       8.5026e-08       -1.0523 
53748.9519       72001.2440       9.7172e-08       -1.2026 
53748.9519       72001.2440       1.0932e-07       -1.3529 
53748.9519       72001.2440       1.2146e-07       -1.5033 
53748.9519       72001.2440       1.3361e-07       -1.6536 
53748.9519       72001.2440       1.4576e-07       -1.8039 
53748.9519       72001.2440       1.5790e-07       -1.9543 
53748.9519       72001.2440       1.7005e-07       -2.1046 
53748.9519       72001.2440       1.8220e-07       -2.2549 
53748.9519       72001.2440       1.9434e-07       -2.4052 
53748.9519       72001.2440       2.0649e-07       -2.5556 
53748.9519       72001.2440       2.1864e-07       -2.7059 
72001.2440       96449.5043       0.0000e+00       0.0000 
72001.2440       96449.5043       2.8593e-13       -0.0000 
72001.2440       96449.5043       1.6496e-08       -0.1503 
72001.2440       96449.5043       3.2992e-08       -0.3006 
72001.2440       96449.5043       4.9487e-08       -0.4510 
72001.2440       96449.5043       6.5983e-08       -0.6013 
72001.2440       96449.5043       8.2479e-08       -0.7516 
72001.2440       96449.5043       9.8974e-08       -0.9019 
72001.2440       96449.5043       1.1547e-07       -1.0523 
72001.2440       96449.5043       1.3197e-07       -1.2026 
72001.2440       96449.5043       1.4846e-07       -1.3529 
72001.2440       96449.5043       1.6496e-07       -1.5033 
72001.2440       96449.5043       1.8145e-07       -1.6536 
72001.2440       96449.5043       1.9795e-07       -1.8039 
72001.2440       96449.5043       2.1444e-07       -1.9542 
72001.2440       96449.5043       2.3094e-07       -2.1046 
72001.2440       96449.5043       2.4744e-07       -2.2549 
72001.2440       96449.5043       2.6393e-07       -2.4052 
72001.2440       96449.5043       2.8043e-07       -2.5556 
72001.2440       96449.5043       2.9692e-07       -2.7059 
96449.5043       129199.2522       0.0000e+00       0.0000 
96449.5043       129199.2522       1.5890e-13       -0.0000 
96449.5043       129199.2522       2.2054e-08       -0.1503 
96449.5043       129199.2522       4.4108e-08       -0.3007 
96449.5043       129199.2522       6.6162e-08       -0.4510 
96449.5043       129199.2522       8.8216e-08       -0.6013 
96449.5043       129199.2522       1.1027e-07       -0.7516 
96449.5043       129199.2522       1.3232e-07       -0.9020 
96449.5043       129199.2522       1.5438e-07       -1.0523 
96449.5043       129199.2522       1.7643e-07       -1.2026 
96449.5043       129199.2522       1.9849e-07       -1.3529 
96449.5043       129199.2522       2.2054e-07       -1.5033 
96449.5043       129199.2522       2.4259e-07       -1.6536 
96449.5043       129199.2522       2.6465e-07       -1.8039 
96449.5043       129199.2522       2.8670e-07       -1.9543 
96449.5043       129199.2522       3.0876e-07       -2.1046 
96449.5043       129199.2522       3.3081e-07       -2.2549 
96449.5043       129199.2522       3.5286e-07       -2.4052 
96449.5043       129199.2522       3.7492e-07       -2.5556 
96449.5043       129199.2522       3.9697e-07       -2.7059 
129199.2522       173069.2852       0.0000e+00       -0.0000 
129199.2522       173069.2852       8.8302e-14       0.0000 
129199.2522       173069.2852       3.0725e-08       -0.1501 
129199.2522       173069.2852       6.1449e-08       -0.3002 
129199.2522       173069.2852       9.2174e-08       -0.4504 
129199.2522       173069.2852       1.2290e-07       -0.6006 
129199.2522       173069.2852       1.5362e-07       -0.7508 
129199.2522       173069.2852       1.8435e-07       -0.9010 
129199.2522       173069.2852       2.1507e-07       -1.0513 
129199.2522       173069.2852       2.4580e-07       -1.2016 
129199.2522       173069.2852       2.7652e-07       -1.3519 
129199.2522       173069.2852       3.0725e-07       -1.5023 
129199.2522       173069.2852       3.3797e-07       -1.6526 
129199.2522       173069.2852       3.6870e-07       -1.8030 
129199.2522       173069.2852       3.9942e-07       -1.9534 
129199.2522       173069.2852       4.3015e-07       -2.1039 
129199.2522       173069.2852       4.6087e-07       -2.2544 
129199.2522       173069.2852       4.9160e-07       -2.4048 
129199.2522       173069.2852       5.2232e-07       -2.5554 
129199.2522       173069.2852       5.5304e-07       -2.7059 
173069.2852       231840.8711       0.0000e+00       -0.0000 
173069.2852       231840.8711       4.9074e-14       0.0000 
173069.2852       231840.8711       4.0675e-08       -0.1503 
173069.2852       231840.8711       8.1349e-08       -0.3006 
173069.2852       231840.8711       1.2202e-07       -0.4508 
173069.2852       231840.8711       1.6270e-07       -0.6011 
173069.2852       231840.8711       2.0337e-07       -0.7514 
173069.2852       231840.8711       2.4405e-07       -0.9017 
173069.2852       231840.8711       2.8472e-07       -1.0521 
173069.2852       231840.8711       3.2540e-07       -1.2024 
173069.2852       231840.8711       3.6607e-07       -1.3527 
173069.2852       231840.8711       4.0675e-07       -1.5030 
173069.2852       231840.8711       4.4742e-07       -1.6534 
173069.2852       231840.8711       4.8809e-07       -1.8037 
173069.2852       231840.8711       5.2877e-07       -1.9541 
173069.2852       231840.8711       5.6944e-07       -2.1044 
173069.2852       231840.8711       6.1012e-07       -2.2548 
173069.2852       231840.8711       6.5079e-07       -2.4052 
173069.2852       231840.8711       6.9147e-07       -2.5555 
173069.2852       231840.8711       7.3214e-07       -2.7059 
231840.8711       310563.2050       0.0000e+00       -0.0000 
231840.8711       310563.2050       2.7268e-14       0.0000 
231840.8711       310563.2050       5.4758e-08       -0.1503 
231840.8711       310563.2050       1.0952e-07       -0.3006 
231840.8711       310563.2050       1.6427e-07       -0.4508 
231840.8711       310563.2050       2.1903e-07       -0.6011 
231840.8711       310563.2050       2.7379e-07       -0.7514 
231840.8711       310563.2050       3.2855e-07       -0.9017 
231840.8711       310563.2050       3.8330e-07       -1.0520 
231840.8711       310563.2050       4.3806e-07       -1.2024 
231840.8711       310563.2050       4.9282e-07       -1.3527 
231840.8711       310563.2050       5.4758e-07       -1.5030 
231840.8711       310563.2050       6.0234e-07       -1.6534 
231840.8711       310563.2050       6.5709e-07       -1.8037 
231840.8711       310563.2050       7.1185e-07       -1.9541 
231840.8711       310563.2050       7.6661e-07       -2.1044 
231840.8711       310563.2050       8.2137e-07       -2.2548 
231840.8711       310563.2050       8.7613e-07       -2.4051 
231840.8711       310563.2050       9.3088e-07       -2.5555 
231840.8711       310563.2050       9.8564e-07       -2.7059 
310563.2050       416015.9675       0.0000e+00       -0.0000 
310563.2050       416015.9675       1.5153e-14       0.0000 
310563.2050       416015.9675       7.2866e-08       -0.1503 
310563.2050       416015.9675       1.4573e-07       -0.3007 
310563.2050       416015.9675       2.1860e-07       -0.4510 
310563.2050       416015.9675       2.9147e-07       -0.6013 
310563.2050       416015.9675       3.6433e-07       -0.7516 
310563.2050       416015.9675       4.3720e-07       -0.9020 
310563.2050       416015.9675       5.1006e-07       -1.0523 
310563.2050       416015.9675       5.8293e-07       -1.2026 
310563.2050       416015.9675       6.5580e-07       -1.3529 
310563.2050       416015.9675       7.2866e-07       -1.5033 
310563.2050       416015.9675       8.0153e-07       -1.6536 
310563.2050       416015.9675       8.7440e-07       -1.8039 
310563.2050       416015.9675       9.4726e-07       -1.9543 
310563.2050       416015.9675       1.0201e-06       -2.1046 
310563.2050       416015.9675       1.0930e-06       -2.2549 
310563.2050       416015.9675       1.1659e-06       -2.4052 
310563.2050       416015.9675       1.2387e-06       -2.5556 
310563.2050       416015.9675       1.3116e-06       -2.7059 
416015.9675       557275.5639       0.0000e+00       -0.0000 
416015.9675       557275.5639       8.4208e-15       0.0000 
416015.9675       557275.5639       1.1142e-07       -0.1468 
416015.9675       557275.5639       2.2283e-07       -0.2942 
416015.9675       557275.5639       3.3425e-07       -0.4420 
416015.9675       557275.5639       4.4567e-07       -0.5903 
416015.9675       557275.5639       5.5708e-07       -0.7390 
416015.9675       557275.5639       6.6850e-07       -0.8881 
416015.9675       557275.5639       7.7992e-07       -1.0377 
416015.9675       557275.5639       8.9133e-07       -1.1876 
416015.9675       557275.5639       1.0027e-06       -1.3380 
416015.9675       557275.5639       1.1142e-06       -1.4887 
416015.9675       557275.5639       1.2256e-06       -1.6397 
416015.9675       557275.5639       1.3370e-06       -1.7911 
416015.9675       557275.5639       1.4484e-06       -1.9428 
416015.9675       557275.5639       1.5598e-06       -2.0948 
416015.9675       557275.5639       1.6712e-06       -2.2471 
416015.9675       557275.5639       1.7827e-06       -2.3998 
416015.9675       557275.5639       1.8941e-06       -2.5527 
416015.9675       557275.5639       2.0055e-06       -2.7058 
557275.5639       746517.5120       0.0000e+00       -0.0000 
557275.5639       746517.5120       4.6798e-15       0.0000 
557275.5639       746517.5120       1.3517e-07       -0.1503 
557275.5639       746517.5120       2.7034e-07       -0.3007 
557275.5639       746517.5120       4.0551e-07       -0.4510 
557275.5639       746517.5120       5.4068e-07       -0.6013 
557275.5639       746517.5120       6.7585e-07       -0.7516 
557275.5639       746517.5120       8.1102e-07       -0.9020 
557275.5639       746517.5120       9.4619e-07       -1.0523 
557275.5639       746517.5120       1.0814e-06       -1.2026 
557275.5639       746517.5120       1.2165e-06       -1.3530 
557275.5639       746517.5120       1.3517e-06       -1.5033 
557275.5639       746517.5120       1.4869e-06       -1.6536 
557275.5639       746517.5120       1.6220e-06       -1.8039 
557275.5639       746517.5120       1.7572e-06       -1.9543 
557275.5639       746517.5120       1.8924e-06       -2.1046 
557275.5639       746517.5120       2.0275e-06       -2.2549 
557275.5639       746517.5120       2.1627e-06       -2.4052 
557275.5639       746517.5120       2.2979e-06       -2.5556 
557275.5639       746517.5120       2.4330e-06       -2.7059 
746517.5120       1000000.0000       0.0000e+00       -0.0000 
746517.5120       1000000.0000       2.6004e-15       0.0000 
746517.5120       1000000.0000       1.9409e-07       -0.1503 
746517.5120       1000000.0000       3.8818e-07       -0.3007 
746517.5120       1000000.0000       5.8228e-07       -0.4510 
746517.5120       1000000.0000       7.7637e-07       -0.6013 
746517.5120       1000000.0000       9.7046e-07       -0.7516 
746517.5120       1000000.0000       1.1646e-06       -0.9020 
746517.5120       1000000.0000       1.3586e-06       -1.0523 
746517.5120       1000000.0000       1.5527e-06       -1.2026 
746517.5120       1000000.0000       1.7468e-06       -1.3529 
746517.5120       1000000.0000       1.9409e-06       -1.5033 
746517.5120       1000000.0000       2.1350e-06       -1.6536 
746517.5120       1000000.0000       2.3291e-06       -1.8039 
746517.5120       1000000.0000       2.5232e-06       -1.9543 
746517.5120       1000000.0000       2.7173e-06       -2.1046 
746517.5120       1000000.0000       2.9114e-06       -2.2549 
746517.5120       1000000.0000       3.1055e-06       -2.4052 
746517.5120       1000000.0000       3.2996e-06       -2.5556 
746517.5120       1000000.0000       3.4937e-06       -2.7059 
