#Hydra_2  Log10(Jfactor)=17.880   sigmaJ=0.600 
#[0]emin(MeV) [1]emax(MeV) [2]eflux(MeV/cm^2/s) [3]deltaLogLike 
500.0000       669.7766       0.0000e+00       -0.0000 
500.0000       669.7766       3.4111e-16       0.0000 
500.0000       669.7766       4.5551e-09       -0.0764 
500.0000       669.7766       9.1103e-09       -0.1624 
500.0000       669.7766       1.3665e-08       -0.2578 
500.0000       669.7766       1.8221e-08       -0.3623 
500.0000       669.7766       2.2776e-08       -0.4759 
500.0000       669.7766       2.7331e-08       -0.5983 
500.0000       669.7766       3.1886e-08       -0.7294 
500.0000       669.7766       3.6441e-08       -0.8690 
500.0000       669.7766       4.0996e-08       -1.0170 
500.0000       669.7766       4.5551e-08       -1.1732 
500.0000       669.7766       5.0107e-08       -1.3376 
500.0000       669.7766       5.4662e-08       -1.5099 
500.0000       669.7766       5.9217e-08       -1.6900 
500.0000       669.7766       6.3772e-08       -1.8779 
500.0000       669.7766       6.8327e-08       -2.0733 
500.0000       669.7766       7.2882e-08       -2.2762 
500.0000       669.7766       7.7437e-08       -2.4865 
500.0000       669.7766       8.1993e-08       -2.7040 
669.7766       897.2222       0.0000e+00       0.0000 
669.7766       897.2222       5.1589e-13       -0.0000 
669.7766       897.2222       2.3513e-09       -0.1233 
669.7766       897.2222       4.7021e-09       -0.2500 
669.7766       897.2222       7.0529e-09       -0.3802 
669.7766       897.2222       9.4037e-09       -0.5137 
669.7766       897.2222       1.1754e-08       -0.6504 
669.7766       897.2222       1.4105e-08       -0.7905 
669.7766       897.2222       1.6456e-08       -0.9337 
669.7766       897.2222       1.8807e-08       -1.0800 
669.7766       897.2222       2.1158e-08       -1.2294 
669.7766       897.2222       2.3508e-08       -1.3819 
669.7766       897.2222       2.5859e-08       -1.5373 
669.7766       897.2222       2.8210e-08       -1.6957 
669.7766       897.2222       3.0561e-08       -1.8571 
669.7766       897.2222       3.2912e-08       -2.0212 
669.7766       897.2222       3.5262e-08       -2.1882 
669.7766       897.2222       3.7613e-08       -2.3580 
669.7766       897.2222       3.9964e-08       -2.5305 
669.7766       897.2222       4.2315e-08       -2.7057 
897.2222       1201.8769       0.0000e+00       0.0000 
897.2222       1201.8769       1.7261e-13       -0.0000 
897.2222       1201.8769       2.6487e-09       -0.1088 
897.2222       1201.8769       5.2972e-09       -0.2233 
897.2222       1201.8769       7.9457e-09       -0.3431 
897.2222       1201.8769       1.0594e-08       -0.4683 
897.2222       1201.8769       1.3243e-08       -0.5986 
897.2222       1201.8769       1.5891e-08       -0.7338 
897.2222       1201.8769       1.8540e-08       -0.8740 
897.2222       1201.8769       2.1188e-08       -1.0188 
897.2222       1201.8769       2.3837e-08       -1.1683 
897.2222       1201.8769       2.6485e-08       -1.3224 
897.2222       1201.8769       2.9134e-08       -1.4808 
897.2222       1201.8769       3.1782e-08       -1.6435 
897.2222       1201.8769       3.4431e-08       -1.8105 
897.2222       1201.8769       3.7079e-08       -1.9816 
897.2222       1201.8769       3.9728e-08       -2.1567 
897.2222       1201.8769       4.2376e-08       -2.3358 
897.2222       1201.8769       4.5025e-08       -2.5187 
897.2222       1201.8769       4.7673e-08       -2.7055 
1201.8769       1609.9782       0.0000e+00       0.0000 
1201.8769       1609.9782       6.7131e-13       -0.0000 
1201.8769       1609.9782       2.7168e-09       -0.1048 
1201.8769       1609.9782       5.4329e-09       -0.2158 
1201.8769       1609.9782       8.1490e-09       -0.3328 
1201.8769       1609.9782       1.0865e-08       -0.4556 
1201.8769       1609.9782       1.3581e-08       -0.5841 
1201.8769       1609.9782       1.6297e-08       -0.7180 
1201.8769       1609.9782       1.9013e-08       -0.8573 
1201.8769       1609.9782       2.1729e-08       -1.0018 
1201.8769       1609.9782       2.4446e-08       -1.1513 
1201.8769       1609.9782       2.7162e-08       -1.3058 
1201.8769       1609.9782       2.9878e-08       -1.4650 
1201.8769       1609.9782       3.2594e-08       -1.6290 
1201.8769       1609.9782       3.5310e-08       -1.7975 
1201.8769       1609.9782       3.8026e-08       -1.9705 
1201.8769       1609.9782       4.0742e-08       -2.1479 
1201.8769       1609.9782       4.3458e-08       -2.3295 
1201.8769       1609.9782       4.6174e-08       -2.5153 
1201.8769       1609.9782       4.8890e-08       -2.7051 
1609.9782       2156.6516       0.0000e+00       0.0000 
1609.9782       2156.6516       2.4968e-10       -0.0013 
1609.9782       2156.6516       3.4892e-09       -0.0301 
1609.9782       2156.6516       6.7287e-09       -0.0800 
1609.9782       2156.6516       9.9682e-09       -0.1488 
1609.9782       2156.6516       1.3208e-08       -0.2350 
1609.9782       2156.6516       1.6447e-08       -0.3369 
1609.9782       2156.6516       1.9687e-08       -0.4534 
1609.9782       2156.6516       2.2926e-08       -0.5835 
1609.9782       2156.6516       2.6166e-08       -0.7262 
1609.9782       2156.6516       2.9405e-08       -0.8807 
1609.9782       2156.6516       3.2645e-08       -1.0462 
1609.9782       2156.6516       3.5884e-08       -1.2222 
1609.9782       2156.6516       3.9124e-08       -1.4080 
1609.9782       2156.6516       4.2363e-08       -1.6031 
1609.9782       2156.6516       4.5603e-08       -1.8070 
1609.9782       2156.6516       4.8842e-08       -2.0194 
1609.9782       2156.6516       5.2082e-08       -2.2398 
1609.9782       2156.6516       5.5321e-08       -2.4678 
1609.9782       2156.6516       5.8561e-08       -2.7031 
2156.6516       2889.0164       0.0000e+00       0.0000 
2156.6516       2889.0164       6.6426e-13       -0.0000 
2156.6516       2889.0164       1.8716e-09       -0.1377 
2156.6516       2889.0164       3.7426e-09       -0.2770 
2156.6516       2889.0164       5.6135e-09       -0.4180 
2156.6516       2889.0164       7.4845e-09       -0.5605 
2156.6516       2889.0164       9.3554e-09       -0.7047 
2156.6516       2889.0164       1.1226e-08       -0.8503 
2156.6516       2889.0164       1.3097e-08       -0.9974 
2156.6516       2889.0164       1.4968e-08       -1.1460 
2156.6516       2889.0164       1.6839e-08       -1.2961 
2156.6516       2889.0164       1.8710e-08       -1.4475 
2156.6516       2889.0164       2.0581e-08       -1.6003 
2156.6516       2889.0164       2.2452e-08       -1.7544 
2156.6516       2889.0164       2.4323e-08       -1.9098 
2156.6516       2889.0164       2.6194e-08       -2.0666 
2156.6516       2889.0164       2.8065e-08       -2.2246 
2156.6516       2889.0164       2.9936e-08       -2.3838 
2156.6516       2889.0164       3.1807e-08       -2.5442 
2156.6516       2889.0164       3.3678e-08       -2.7059 
2889.0164       3869.9914       0.0000e+00       0.0000 
2889.0164       3869.9914       2.3436e-12       -0.0000 
2889.0164       3869.9914       3.2387e-09       -0.0480 
2889.0164       3869.9914       6.4751e-09       -0.1146 
2889.0164       3869.9914       9.7115e-09       -0.1978 
2889.0164       3869.9914       1.2948e-08       -0.2960 
2889.0164       3869.9914       1.6184e-08       -0.4077 
2889.0164       3869.9914       1.9421e-08       -0.5318 
2889.0164       3869.9914       2.2657e-08       -0.6672 
2889.0164       3869.9914       2.5893e-08       -0.8130 
2889.0164       3869.9914       2.9130e-08       -0.9684 
2889.0164       3869.9914       3.2366e-08       -1.1328 
2889.0164       3869.9914       3.5603e-08       -1.3054 
2889.0164       3869.9914       3.8839e-08       -1.4857 
2889.0164       3869.9914       4.2075e-08       -1.6733 
2889.0164       3869.9914       4.5312e-08       -1.8678 
2889.0164       3869.9914       4.8548e-08       -2.0686 
2889.0164       3869.9914       5.1785e-08       -2.2754 
2889.0164       3869.9914       5.5021e-08       -2.4880 
2889.0164       3869.9914       5.8257e-08       -2.7059 
3869.9914       5184.0598       0.0000e+00       -0.0219 
3869.9914       5184.0598       3.8384e-09       0.0000 
3869.9914       5184.0598       7.6206e-09       -0.0168 
3869.9914       5184.0598       1.1403e-08       -0.0639 
3869.9914       5184.0598       1.5185e-08       -0.1361 
3869.9914       5184.0598       1.8967e-08       -0.2291 
3869.9914       5184.0598       2.2749e-08       -0.3399 
3869.9914       5184.0598       2.6531e-08       -0.4662 
3869.9914       5184.0598       3.0313e-08       -0.6061 
3869.9914       5184.0598       3.4095e-08       -0.7578 
3869.9914       5184.0598       3.7878e-08       -0.9203 
3869.9914       5184.0598       4.1660e-08       -1.0924 
3869.9914       5184.0598       4.5442e-08       -1.2731 
3869.9914       5184.0598       4.9224e-08       -1.4619 
3869.9914       5184.0598       5.3006e-08       -1.6578 
3869.9914       5184.0598       5.6788e-08       -1.8605 
3869.9914       5184.0598       6.0570e-08       -2.0694 
3869.9914       5184.0598       6.4352e-08       -2.2840 
3869.9914       5184.0598       6.8134e-08       -2.5040 
3869.9914       5184.0598       7.1917e-08       -2.7290 
5184.0598       6944.3244       0.0000e+00       -0.0000 
5184.0598       6944.3244       1.3507e-14       0.0000 
5184.0598       6944.3244       2.4924e-09       -0.1374 
5184.0598       6944.3244       4.9847e-09       -0.2769 
5184.0598       6944.3244       7.4771e-09       -0.4183 
5184.0598       6944.3244       9.9694e-09       -0.5615 
5184.0598       6944.3244       1.2462e-08       -0.7064 
5184.0598       6944.3244       1.4954e-08       -0.8528 
5184.0598       6944.3244       1.7447e-08       -1.0008 
5184.0598       6944.3244       1.9939e-08       -1.1501 
5184.0598       6944.3244       2.2431e-08       -1.3007 
5184.0598       6944.3244       2.4924e-08       -1.4526 
5184.0598       6944.3244       2.7416e-08       -1.6056 
5184.0598       6944.3244       2.9908e-08       -1.7598 
5184.0598       6944.3244       3.2401e-08       -1.9151 
5184.0598       6944.3244       3.4893e-08       -2.0714 
5184.0598       6944.3244       3.7385e-08       -2.2286 
5184.0598       6944.3244       3.9878e-08       -2.3868 
5184.0598       6944.3244       4.2370e-08       -2.5459 
5184.0598       6944.3244       4.4862e-08       -2.7058 
6944.3244       9302.5069       0.0000e+00       -0.0000 
6944.3244       9302.5069       3.3675e-14       0.0000 
6944.3244       9302.5069       3.3129e-09       -0.1281 
6944.3244       9302.5069       6.6258e-09       -0.2601 
6944.3244       9302.5069       9.9387e-09       -0.3957 
6944.3244       9302.5069       1.3252e-08       -0.5345 
6944.3244       9302.5069       1.6564e-08       -0.6762 
6944.3244       9302.5069       1.9877e-08       -0.8206 
6944.3244       9302.5069       2.3190e-08       -0.9675 
6944.3244       9302.5069       2.6503e-08       -1.1166 
6944.3244       9302.5069       2.9816e-08       -1.2679 
6944.3244       9302.5069       3.3129e-08       -1.4212 
6944.3244       9302.5069       3.6442e-08       -1.5763 
6944.3244       9302.5069       3.9755e-08       -1.7331 
6944.3244       9302.5069       4.3067e-08       -1.8916 
6944.3244       9302.5069       4.6380e-08       -2.0516 
6944.3244       9302.5069       4.9693e-08       -2.2130 
6944.3244       9302.5069       5.3006e-08       -2.3758 
6944.3244       9302.5069       5.6319e-08       -2.5399 
6944.3244       9302.5069       5.9632e-08       -2.7052 
9302.5069       12461.2038       0.0000e+00       0.0000 
9302.5069       12461.2038       2.9368e-14       -0.0000 
9302.5069       12461.2038       3.3077e-09       -0.1489 
9302.5069       12461.2038       6.6154e-09       -0.2980 
9302.5069       12461.2038       9.9230e-09       -0.4473 
9302.5069       12461.2038       1.3231e-08       -0.5967 
9302.5069       12461.2038       1.6538e-08       -0.7463 
9302.5069       12461.2038       1.9846e-08       -0.8961 
9302.5069       12461.2038       2.3154e-08       -1.0461 
9302.5069       12461.2038       2.6461e-08       -1.1962 
9302.5069       12461.2038       2.9769e-08       -1.3465 
9302.5069       12461.2038       3.3077e-08       -1.4969 
9302.5069       12461.2038       3.6384e-08       -1.6475 
9302.5069       12461.2038       3.9692e-08       -1.7983 
9302.5069       12461.2038       4.3000e-08       -1.9492 
9302.5069       12461.2038       4.6307e-08       -2.1002 
9302.5069       12461.2038       4.9615e-08       -2.2514 
9302.5069       12461.2038       5.2923e-08       -2.4028 
9302.5069       12461.2038       5.6230e-08       -2.5543 
9302.5069       12461.2038       5.9538e-08       -2.7059 
12461.2038       16692.4468       0.0000e+00       -2.1501 
12461.2038       16692.4468       3.1597e-09       -1.0368 
12461.2038       16692.4468       6.3195e-09       -0.6107 
12461.2038       16692.4468       9.4792e-09       -0.3718 
12461.2038       16692.4468       1.2639e-08       -0.2222 
12461.2038       16692.4468       1.5799e-08       -0.1251 
12461.2038       16692.4468       1.8958e-08       -0.0627 
12461.2038       16692.4468       2.2118e-08       -0.0248 
12461.2038       16692.4468       2.5278e-08       -0.0053 
12461.2038       16692.4468       2.8438e-08       0.0000 
12461.2038       16692.4468       4.1155e-08       -0.0752 
12461.2038       16692.4468       5.3873e-08       -0.2454 
12461.2038       16692.4468       6.6591e-08       -0.4712 
12461.2038       16692.4468       7.9309e-08       -0.7338 
12461.2038       16692.4468       9.2027e-08       -1.0227 
12461.2038       16692.4468       1.0474e-07       -1.3313 
12461.2038       16692.4468       1.1746e-07       -1.6554 
12461.2038       16692.4468       1.3018e-07       -1.9921 
12461.2038       16692.4468       1.4290e-07       -2.3390 
12461.2038       16692.4468       1.5562e-07       -2.6947 
16692.4468       22360.9371       0.0000e+00       -0.0000 
16692.4468       22360.9371       2.3427e-15       0.0000 
16692.4468       22360.9371       5.4893e-09       -0.1499 
16692.4468       22360.9371       1.0979e-08       -0.2999 
16692.4468       22360.9371       1.6468e-08       -0.4499 
16692.4468       22360.9371       2.1957e-08       -0.6000 
16692.4468       22360.9371       2.7446e-08       -0.7501 
16692.4468       22360.9371       3.2936e-08       -0.9003 
16692.4468       22360.9371       3.8425e-08       -1.0505 
16692.4468       22360.9371       4.3914e-08       -1.2008 
16692.4468       22360.9371       4.9404e-08       -1.3511 
16692.4468       22360.9371       5.4893e-08       -1.5014 
16692.4468       22360.9371       6.0382e-08       -1.6518 
16692.4468       22360.9371       6.5871e-08       -1.8023 
16692.4468       22360.9371       7.1361e-08       -1.9528 
16692.4468       22360.9371       7.6850e-08       -2.1033 
16692.4468       22360.9371       8.2339e-08       -2.2539 
16692.4468       22360.9371       8.7829e-08       -2.4045 
16692.4468       22360.9371       9.3318e-08       -2.5552 
16692.4468       22360.9371       9.8807e-08       -2.7059 
22360.9371       29953.6672       0.0000e+00       0.0000 
22360.9371       29953.6672       1.1889e-13       -0.0000 
22360.9371       29953.6672       7.0080e-09       -0.1502 
22360.9371       29953.6672       1.4016e-08       -0.3004 
22360.9371       29953.6672       2.1024e-08       -0.4506 
22360.9371       29953.6672       2.8032e-08       -0.6008 
22360.9371       29953.6672       3.5040e-08       -0.7511 
22360.9371       29953.6672       4.2048e-08       -0.9014 
22360.9371       29953.6672       4.9056e-08       -1.0516 
22360.9371       29953.6672       5.6064e-08       -1.2019 
22360.9371       29953.6672       6.3071e-08       -1.3523 
22360.9371       29953.6672       7.0079e-08       -1.5026 
22360.9371       29953.6672       7.7087e-08       -1.6530 
22360.9371       29953.6672       8.4095e-08       -1.8033 
22360.9371       29953.6672       9.1103e-08       -1.9537 
22360.9371       29953.6672       9.8111e-08       -2.1041 
22360.9371       29953.6672       1.0512e-07       -2.2545 
22360.9371       29953.6672       1.1213e-07       -2.4050 
22360.9371       29953.6672       1.1913e-07       -2.5554 
22360.9371       29953.6672       1.2614e-07       -2.7059 
29953.6672       40124.5339       0.0000e+00       -0.0000 
29953.6672       40124.5339       1.5907e-15       0.0000 
29953.6672       40124.5339       8.8888e-09       -0.1503 
29953.6672       40124.5339       1.7778e-08       -0.3007 
29953.6672       40124.5339       2.6666e-08       -0.4510 
29953.6672       40124.5339       3.5555e-08       -0.6013 
29953.6672       40124.5339       4.4444e-08       -0.7516 
29953.6672       40124.5339       5.3333e-08       -0.9020 
29953.6672       40124.5339       6.2222e-08       -1.0523 
29953.6672       40124.5339       7.1110e-08       -1.2026 
29953.6672       40124.5339       7.9999e-08       -1.3529 
29953.6672       40124.5339       8.8888e-08       -1.5033 
29953.6672       40124.5339       9.7777e-08       -1.6536 
29953.6672       40124.5339       1.0667e-07       -1.8039 
29953.6672       40124.5339       1.1555e-07       -1.9543 
29953.6672       40124.5339       1.2444e-07       -2.1046 
29953.6672       40124.5339       1.3333e-07       -2.2549 
29953.6672       40124.5339       1.4222e-07       -2.4052 
29953.6672       40124.5339       1.5111e-07       -2.5556 
29953.6672       40124.5339       1.6000e-07       -2.7059 
40124.5339       53748.9519       0.0000e+00       0.0000 
40124.5339       53748.9519       1.7782e-12       -0.0000 
40124.5339       53748.9519       1.1899e-08       -0.1503 
40124.5339       53748.9519       2.3796e-08       -0.3006 
40124.5339       53748.9519       3.5694e-08       -0.4509 
40124.5339       53748.9519       4.7591e-08       -0.6013 
40124.5339       53748.9519       5.9488e-08       -0.7516 
40124.5339       53748.9519       7.1385e-08       -0.9019 
40124.5339       53748.9519       8.3283e-08       -1.0522 
40124.5339       53748.9519       9.5180e-08       -1.2025 
40124.5339       53748.9519       1.0708e-07       -1.3529 
40124.5339       53748.9519       1.1897e-07       -1.5032 
40124.5339       53748.9519       1.3087e-07       -1.6535 
40124.5339       53748.9519       1.4277e-07       -1.8038 
40124.5339       53748.9519       1.5467e-07       -1.9542 
40124.5339       53748.9519       1.6656e-07       -2.1045 
40124.5339       53748.9519       1.7846e-07       -2.2549 
40124.5339       53748.9519       1.9036e-07       -2.4052 
40124.5339       53748.9519       2.0226e-07       -2.5556 
40124.5339       53748.9519       2.1415e-07       -2.7059 
53748.9519       72001.2440       0.0000e+00       0.0000 
53748.9519       72001.2440       3.4437e-13       -0.0000 
53748.9519       72001.2440       1.5842e-08       -0.1503 
53748.9519       72001.2440       3.1683e-08       -0.3007 
53748.9519       72001.2440       4.7524e-08       -0.4510 
53748.9519       72001.2440       6.3365e-08       -0.6013 
53748.9519       72001.2440       7.9206e-08       -0.7516 
53748.9519       72001.2440       9.5048e-08       -0.9020 
53748.9519       72001.2440       1.1089e-07       -1.0523 
53748.9519       72001.2440       1.2673e-07       -1.2026 
53748.9519       72001.2440       1.4257e-07       -1.3529 
53748.9519       72001.2440       1.5841e-07       -1.5032 
53748.9519       72001.2440       1.7425e-07       -1.6535 
53748.9519       72001.2440       1.9009e-07       -1.8039 
53748.9519       72001.2440       2.0594e-07       -1.9542 
53748.9519       72001.2440       2.2178e-07       -2.1045 
53748.9519       72001.2440       2.3762e-07       -2.2548 
53748.9519       72001.2440       2.5346e-07       -2.4052 
53748.9519       72001.2440       2.6930e-07       -2.5555 
53748.9519       72001.2440       2.8514e-07       -2.7058 
72001.2440       96449.5043       0.0000e+00       -0.0000 
72001.2440       96449.5043       1.0654e-13       0.0000 
72001.2440       96449.5043       2.1291e-08       -0.1503 
72001.2440       96449.5043       4.2582e-08       -0.3007 
72001.2440       96449.5043       6.3873e-08       -0.4510 
72001.2440       96449.5043       8.5164e-08       -0.6013 
72001.2440       96449.5043       1.0645e-07       -0.7516 
72001.2440       96449.5043       1.2775e-07       -0.9020 
72001.2440       96449.5043       1.4904e-07       -1.0523 
72001.2440       96449.5043       1.7033e-07       -1.2026 
72001.2440       96449.5043       1.9162e-07       -1.3529 
72001.2440       96449.5043       2.1291e-07       -1.5033 
72001.2440       96449.5043       2.3420e-07       -1.6536 
72001.2440       96449.5043       2.5549e-07       -1.8039 
72001.2440       96449.5043       2.7678e-07       -1.9543 
72001.2440       96449.5043       2.9807e-07       -2.1046 
72001.2440       96449.5043       3.1936e-07       -2.2549 
72001.2440       96449.5043       3.4065e-07       -2.4052 
72001.2440       96449.5043       3.6195e-07       -2.5556 
72001.2440       96449.5043       3.8324e-07       -2.7059 
96449.5043       129199.2522       0.0000e+00       0.0000 
96449.5043       129199.2522       1.3401e-12       -0.0000 
96449.5043       129199.2522       2.9082e-08       -0.1503 
96449.5043       129199.2522       5.8164e-08       -0.3006 
96449.5043       129199.2522       8.7245e-08       -0.4509 
96449.5043       129199.2522       1.1633e-07       -0.6012 
96449.5043       129199.2522       1.4541e-07       -0.7515 
96449.5043       129199.2522       1.7449e-07       -0.9018 
96449.5043       129199.2522       2.0357e-07       -1.0521 
96449.5043       129199.2522       2.3265e-07       -1.2025 
96449.5043       129199.2522       2.6173e-07       -1.3528 
96449.5043       129199.2522       2.9081e-07       -1.5031 
96449.5043       129199.2522       3.1989e-07       -1.6534 
96449.5043       129199.2522       3.4898e-07       -1.8038 
96449.5043       129199.2522       3.7806e-07       -1.9541 
96449.5043       129199.2522       4.0714e-07       -2.1045 
96449.5043       129199.2522       4.3622e-07       -2.2548 
96449.5043       129199.2522       4.6530e-07       -2.4052 
96449.5043       129199.2522       4.9438e-07       -2.5555 
96449.5043       129199.2522       5.2346e-07       -2.7059 
129199.2522       173069.2852       0.0000e+00       -0.0000 
129199.2522       173069.2852       3.0962e-13       0.0000 
129199.2522       173069.2852       3.9204e-08       -0.1503 
129199.2522       173069.2852       7.8408e-08       -0.3006 
129199.2522       173069.2852       1.1761e-07       -0.4509 
129199.2522       173069.2852       1.5682e-07       -0.6012 
129199.2522       173069.2852       1.9602e-07       -0.7515 
129199.2522       173069.2852       2.3522e-07       -0.9019 
129199.2522       173069.2852       2.7443e-07       -1.0522 
129199.2522       173069.2852       3.1363e-07       -1.2025 
129199.2522       173069.2852       3.5284e-07       -1.3528 
129199.2522       173069.2852       3.9204e-07       -1.5032 
129199.2522       173069.2852       4.3124e-07       -1.6535 
129199.2522       173069.2852       4.7045e-07       -1.8038 
129199.2522       173069.2852       5.0965e-07       -1.9542 
129199.2522       173069.2852       5.4886e-07       -2.1045 
129199.2522       173069.2852       5.8806e-07       -2.2548 
129199.2522       173069.2852       6.2726e-07       -2.4052 
129199.2522       173069.2852       6.6647e-07       -2.5555 
129199.2522       173069.2852       7.0567e-07       -2.7059 
173069.2852       231840.8711       0.0000e+00       -0.0000 
173069.2852       231840.8711       8.8926e-14       0.0000 
173069.2852       231840.8711       5.2328e-08       -0.1503 
173069.2852       231840.8711       1.0466e-07       -0.3006 
173069.2852       231840.8711       1.5698e-07       -0.4509 
173069.2852       231840.8711       2.0931e-07       -0.6013 
173069.2852       231840.8711       2.6164e-07       -0.7516 
173069.2852       231840.8711       3.1397e-07       -0.9019 
173069.2852       231840.8711       3.6630e-07       -1.0522 
173069.2852       231840.8711       4.1862e-07       -1.2026 
173069.2852       231840.8711       4.7095e-07       -1.3529 
173069.2852       231840.8711       5.2328e-07       -1.5032 
173069.2852       231840.8711       5.7561e-07       -1.6535 
173069.2852       231840.8711       6.2794e-07       -1.8039 
173069.2852       231840.8711       6.8027e-07       -1.9542 
173069.2852       231840.8711       7.3259e-07       -2.1045 
173069.2852       231840.8711       7.8492e-07       -2.2549 
173069.2852       231840.8711       8.3725e-07       -2.4052 
173069.2852       231840.8711       8.8958e-07       -2.5556 
173069.2852       231840.8711       9.4191e-07       -2.7059 
231840.8711       310563.2050       0.0000e+00       -0.0000 
231840.8711       310563.2050       4.2738e-15       0.0000 
231840.8711       310563.2050       6.9987e-08       -0.1503 
231840.8711       310563.2050       1.3997e-07       -0.3006 
231840.8711       310563.2050       2.0996e-07       -0.4510 
231840.8711       310563.2050       2.7995e-07       -0.6013 
231840.8711       310563.2050       3.4993e-07       -0.7516 
231840.8711       310563.2050       4.1992e-07       -0.9020 
231840.8711       310563.2050       4.8991e-07       -1.0523 
231840.8711       310563.2050       5.5989e-07       -1.2026 
231840.8711       310563.2050       6.2988e-07       -1.3529 
231840.8711       310563.2050       6.9987e-07       -1.5033 
231840.8711       310563.2050       7.6985e-07       -1.6536 
231840.8711       310563.2050       8.3984e-07       -1.8039 
231840.8711       310563.2050       9.0983e-07       -1.9542 
231840.8711       310563.2050       9.7981e-07       -2.1046 
231840.8711       310563.2050       1.0498e-06       -2.2549 
231840.8711       310563.2050       1.1198e-06       -2.4052 
231840.8711       310563.2050       1.1898e-06       -2.5556 
231840.8711       310563.2050       1.2598e-06       -2.7059 
310563.2050       416015.9675       0.0000e+00       -0.0000 
310563.2050       416015.9675       1.0990e-13       0.0000 
310563.2050       416015.9675       9.4202e-08       -0.1503 
310563.2050       416015.9675       1.8840e-07       -0.3007 
310563.2050       416015.9675       2.8261e-07       -0.4510 
310563.2050       416015.9675       3.7681e-07       -0.6013 
310563.2050       416015.9675       4.7101e-07       -0.7516 
310563.2050       416015.9675       5.6521e-07       -0.9020 
310563.2050       416015.9675       6.5942e-07       -1.0523 
310563.2050       416015.9675       7.5362e-07       -1.2026 
310563.2050       416015.9675       8.4782e-07       -1.3529 
310563.2050       416015.9675       9.4202e-07       -1.5033 
310563.2050       416015.9675       1.0362e-06       -1.6536 
310563.2050       416015.9675       1.1304e-06       -1.8039 
310563.2050       416015.9675       1.2246e-06       -1.9543 
310563.2050       416015.9675       1.3188e-06       -2.1046 
310563.2050       416015.9675       1.4130e-06       -2.2549 
310563.2050       416015.9675       1.5072e-06       -2.4052 
310563.2050       416015.9675       1.6014e-06       -2.5556 
310563.2050       416015.9675       1.6956e-06       -2.7059 
416015.9675       557275.5639       0.0000e+00       -0.0000 
416015.9675       557275.5639       5.1106e-15       0.0000 
416015.9675       557275.5639       1.2804e-07       -0.1503 
416015.9675       557275.5639       2.5607e-07       -0.3007 
416015.9675       557275.5639       3.8411e-07       -0.4510 
416015.9675       557275.5639       5.1215e-07       -0.6013 
416015.9675       557275.5639       6.4018e-07       -0.7516 
416015.9675       557275.5639       7.6822e-07       -0.9020 
416015.9675       557275.5639       8.9626e-07       -1.0523 
416015.9675       557275.5639       1.0243e-06       -1.2026 
416015.9675       557275.5639       1.1523e-06       -1.3529 
416015.9675       557275.5639       1.2804e-06       -1.5033 
416015.9675       557275.5639       1.4084e-06       -1.6536 
416015.9675       557275.5639       1.5364e-06       -1.8039 
416015.9675       557275.5639       1.6645e-06       -1.9543 
416015.9675       557275.5639       1.7925e-06       -2.1046 
416015.9675       557275.5639       1.9206e-06       -2.2549 
416015.9675       557275.5639       2.0486e-06       -2.4052 
416015.9675       557275.5639       2.1766e-06       -2.5556 
416015.9675       557275.5639       2.3047e-06       -2.7059 
557275.5639       746517.5120       0.0000e+00       -0.0000 
557275.5639       746517.5120       7.1504e-14       0.0000 
557275.5639       746517.5120       1.7612e-07       -0.1503 
557275.5639       746517.5120       3.5223e-07       -0.3007 
557275.5639       746517.5120       5.2835e-07       -0.4510 
557275.5639       746517.5120       7.0447e-07       -0.6013 
557275.5639       746517.5120       8.8058e-07       -0.7516 
557275.5639       746517.5120       1.0567e-06       -0.9020 
557275.5639       746517.5120       1.2328e-06       -1.0523 
557275.5639       746517.5120       1.4089e-06       -1.2026 
557275.5639       746517.5120       1.5850e-06       -1.3529 
557275.5639       746517.5120       1.7612e-06       -1.5033 
557275.5639       746517.5120       1.9373e-06       -1.6536 
557275.5639       746517.5120       2.1134e-06       -1.8039 
557275.5639       746517.5120       2.2895e-06       -1.9543 
557275.5639       746517.5120       2.4656e-06       -2.1046 
557275.5639       746517.5120       2.6417e-06       -2.2549 
557275.5639       746517.5120       2.8179e-06       -2.4052 
557275.5639       746517.5120       2.9940e-06       -2.5556 
557275.5639       746517.5120       3.1701e-06       -2.7059 
746517.5120       1000000.0000       0.0000e+00       0.0000 
746517.5120       1000000.0000       1.2239e-13       -0.0000 
746517.5120       1000000.0000       2.5637e-07       -0.1503 
746517.5120       1000000.0000       5.1274e-07       -0.3007 
746517.5120       1000000.0000       7.6911e-07       -0.4510 
746517.5120       1000000.0000       1.0255e-06       -0.6013 
746517.5120       1000000.0000       1.2818e-06       -0.7516 
746517.5120       1000000.0000       1.5382e-06       -0.9020 
746517.5120       1000000.0000       1.7946e-06       -1.0523 
746517.5120       1000000.0000       2.0510e-06       -1.2026 
746517.5120       1000000.0000       2.3073e-06       -1.3529 
746517.5120       1000000.0000       2.5637e-06       -1.5033 
746517.5120       1000000.0000       2.8201e-06       -1.6536 
746517.5120       1000000.0000       3.0764e-06       -1.8039 
746517.5120       1000000.0000       3.3328e-06       -1.9543 
746517.5120       1000000.0000       3.5892e-06       -2.1046 
746517.5120       1000000.0000       3.8455e-06       -2.2549 
746517.5120       1000000.0000       4.1019e-06       -2.4052 
746517.5120       1000000.0000       4.3583e-06       -2.5556 
746517.5120       1000000.0000       4.6147e-06       -2.7059 
