#Cetus_2  Log10(Jfactor)=19.100   sigmaJ=0.600 
#[0]emin(MeV) [1]emax(MeV) [2]eflux(MeV/cm^2/s) [3]deltaLogLike 
500.0000       669.7766       0.0000e+00       0.0000 
500.0000       669.7766       3.5099e-10       -0.0000 
500.0000       669.7766       4.6196e-09       -0.0117 
500.0000       669.7766       8.8882e-09       -0.0431 
500.0000       669.7766       1.3157e-08       -0.0934 
500.0000       669.7766       1.7425e-08       -0.1619 
500.0000       669.7766       2.1694e-08       -0.2478 
500.0000       669.7766       2.5963e-08       -0.3504 
500.0000       669.7766       3.0231e-08       -0.4692 
500.0000       669.7766       3.4500e-08       -0.6035 
500.0000       669.7766       3.8768e-08       -0.7530 
500.0000       669.7766       4.3037e-08       -0.9169 
500.0000       669.7766       4.7306e-08       -1.0950 
500.0000       669.7766       5.1574e-08       -1.2867 
500.0000       669.7766       5.5843e-08       -1.4916 
500.0000       669.7766       6.0111e-08       -1.7094 
500.0000       669.7766       6.4380e-08       -1.9398 
500.0000       669.7766       6.8649e-08       -2.1823 
500.0000       669.7766       7.2917e-08       -2.4366 
500.0000       669.7766       7.7186e-08       -2.7025 
669.7766       897.2222       0.0000e+00       0.0000 
669.7766       897.2222       6.3746e-13       -0.0000 
669.7766       897.2222       3.7344e-09       -0.0415 
669.7766       897.2222       7.4682e-09       -0.0983 
669.7766       897.2222       1.1202e-08       -0.1698 
669.7766       897.2222       1.4936e-08       -0.2554 
669.7766       897.2222       1.8669e-08       -0.3547 
669.7766       897.2222       2.2403e-08       -0.4670 
669.7766       897.2222       2.6137e-08       -0.5921 
669.7766       897.2222       2.9871e-08       -0.7294 
669.7766       897.2222       3.3604e-08       -0.8786 
669.7766       897.2222       3.7338e-08       -1.0394 
669.7766       897.2222       4.1072e-08       -1.2113 
669.7766       897.2222       4.4806e-08       -1.3941 
669.7766       897.2222       4.8539e-08       -1.5874 
669.7766       897.2222       5.2273e-08       -1.7910 
669.7766       897.2222       5.6007e-08       -2.0047 
669.7766       897.2222       5.9741e-08       -2.2281 
669.7766       897.2222       6.3474e-08       -2.4609 
669.7766       897.2222       6.7208e-08       -2.7031 
897.2222       1201.8769       0.0000e+00       0.0000 
897.2222       1201.8769       2.2965e-14       -0.0000 
897.2222       1201.8769       2.9054e-09       -0.0656 
897.2222       1201.8769       5.8108e-09       -0.1434 
897.2222       1201.8769       8.7162e-09       -0.2329 
897.2222       1201.8769       1.1622e-08       -0.3335 
897.2222       1201.8769       1.4527e-08       -0.4449 
897.2222       1201.8769       1.7432e-08       -0.5666 
897.2222       1201.8769       2.0338e-08       -0.6981 
897.2222       1201.8769       2.3243e-08       -0.8391 
897.2222       1201.8769       2.6149e-08       -0.9892 
897.2222       1201.8769       2.9054e-08       -1.1482 
897.2222       1201.8769       3.1959e-08       -1.3157 
897.2222       1201.8769       3.4865e-08       -1.4914 
897.2222       1201.8769       3.7770e-08       -1.6751 
897.2222       1201.8769       4.0676e-08       -1.8664 
897.2222       1201.8769       4.3581e-08       -2.0653 
897.2222       1201.8769       4.6486e-08       -2.2714 
897.2222       1201.8769       4.9392e-08       -2.4845 
897.2222       1201.8769       5.2297e-08       -2.7045 
1201.8769       1609.9782       0.0000e+00       -8.3537 
1201.8769       1609.9782       3.1513e-08       -2.7131 
1201.8769       1609.9782       3.8780e-08       -1.9876 
1201.8769       1609.9782       4.6047e-08       -1.4019 
1201.8769       1609.9782       5.3314e-08       -0.9371 
1201.8769       1609.9782       6.0580e-08       -0.5785 
1201.8769       1609.9782       6.7847e-08       -0.3144 
1201.8769       1609.9782       7.5114e-08       -0.1351 
1201.8769       1609.9782       8.2381e-08       -0.0326 
1201.8769       1609.9782       8.9647e-08       0.0000 
1201.8769       1609.9782       9.7139e-08       -0.0336 
1201.8769       1609.9782       1.0463e-07       -0.1300 
1201.8769       1609.9782       1.1212e-07       -0.2844 
1201.8769       1609.9782       1.1961e-07       -0.4927 
1201.8769       1609.9782       1.2711e-07       -0.7513 
1201.8769       1609.9782       1.3460e-07       -1.0569 
1201.8769       1609.9782       1.4209e-07       -1.4066 
1201.8769       1609.9782       1.4958e-07       -1.7978 
1201.8769       1609.9782       1.5707e-07       -2.2282 
1201.8769       1609.9782       1.6456e-07       -2.6957 
1609.9782       2156.6516       0.0000e+00       0.0000 
1609.9782       2156.6516       7.9164e-14       -0.0000 
1609.9782       2156.6516       2.5057e-09       -0.0764 
1609.9782       2156.6516       5.0114e-09       -0.1656 
1609.9782       2156.6516       7.5170e-09       -0.2665 
1609.9782       2156.6516       1.0023e-08       -0.3779 
1609.9782       2156.6516       1.2528e-08       -0.4989 
1609.9782       2156.6516       1.5034e-08       -0.6287 
1609.9782       2156.6516       1.7540e-08       -0.7667 
1609.9782       2156.6516       2.0045e-08       -0.9124 
1609.9782       2156.6516       2.2551e-08       -1.0653 
1609.9782       2156.6516       2.5057e-08       -1.2248 
1609.9782       2156.6516       2.7562e-08       -1.3907 
1609.9782       2156.6516       3.0068e-08       -1.5626 
1609.9782       2156.6516       3.2574e-08       -1.7402 
1609.9782       2156.6516       3.5079e-08       -1.9231 
1609.9782       2156.6516       3.7585e-08       -2.1112 
1609.9782       2156.6516       4.0091e-08       -2.3043 
1609.9782       2156.6516       4.2596e-08       -2.5020 
1609.9782       2156.6516       4.5102e-08       -2.7043 
2156.6516       2889.0164       0.0000e+00       -0.1068 
2156.6516       2889.0164       8.6184e-09       0.0000 
2156.6516       2889.0164       1.2056e-08       -0.0124 
2156.6516       2889.0164       1.5493e-08       -0.0501 
2156.6516       2889.0164       1.8931e-08       -0.1101 
2156.6516       2889.0164       2.2368e-08       -0.1902 
2156.6516       2889.0164       2.5806e-08       -0.2884 
2156.6516       2889.0164       2.9243e-08       -0.4031 
2156.6516       2889.0164       3.2681e-08       -0.5330 
2156.6516       2889.0164       3.6118e-08       -0.6768 
2156.6516       2889.0164       3.9556e-08       -0.8335 
2156.6516       2889.0164       4.2993e-08       -1.0023 
2156.6516       2889.0164       4.6431e-08       -1.1823 
2156.6516       2889.0164       4.9868e-08       -1.3728 
2156.6516       2889.0164       5.3306e-08       -1.5732 
2156.6516       2889.0164       5.6743e-08       -1.7829 
2156.6516       2889.0164       6.0180e-08       -2.0014 
2156.6516       2889.0164       6.3618e-08       -2.2283 
2156.6516       2889.0164       6.7055e-08       -2.4631 
2156.6516       2889.0164       7.0493e-08       -2.7054 
2889.0164       3869.9914       0.0000e+00       0.0000 
2889.0164       3869.9914       2.6793e-14       -0.0000 
2889.0164       3869.9914       2.9265e-09       -0.0748 
2889.0164       3869.9914       5.8529e-09       -0.1631 
2889.0164       3869.9914       8.7794e-09       -0.2636 
2889.0164       3869.9914       1.1706e-08       -0.3749 
2889.0164       3869.9914       1.4632e-08       -0.4963 
2889.0164       3869.9914       1.7559e-08       -0.6267 
2889.0164       3869.9914       2.0485e-08       -0.7655 
2889.0164       3869.9914       2.3412e-08       -0.9121 
2889.0164       3869.9914       2.6338e-08       -1.0658 
2889.0164       3869.9914       2.9264e-08       -1.2262 
2889.0164       3869.9914       3.2191e-08       -1.3929 
2889.0164       3869.9914       3.5117e-08       -1.5654 
2889.0164       3869.9914       3.8044e-08       -1.7434 
2889.0164       3869.9914       4.0970e-08       -1.9266 
2889.0164       3869.9914       4.3897e-08       -2.1147 
2889.0164       3869.9914       4.6823e-08       -2.3074 
2889.0164       3869.9914       4.9750e-08       -2.5045 
2889.0164       3869.9914       5.2676e-08       -2.7058 
3869.9914       5184.0598       0.0000e+00       -0.2247 
3869.9914       5184.0598       1.0084e-08       0.0000 
3869.9914       5184.0598       1.3594e-08       -0.0168 
3869.9914       5184.0598       1.7105e-08       -0.0648 
3869.9914       5184.0598       2.0615e-08       -0.1381 
3869.9914       5184.0598       2.4126e-08       -0.2323 
3869.9914       5184.0598       2.7637e-08       -0.3443 
3869.9914       5184.0598       3.1147e-08       -0.4714 
3869.9914       5184.0598       3.4658e-08       -0.6118 
3869.9914       5184.0598       3.8168e-08       -0.7637 
3869.9914       5184.0598       4.1679e-08       -0.9258 
3869.9914       5184.0598       4.5190e-08       -1.0972 
3869.9914       5184.0598       4.8700e-08       -1.2768 
3869.9914       5184.0598       5.2211e-08       -1.4638 
3869.9914       5184.0598       5.5722e-08       -1.6576 
3869.9914       5184.0598       5.9232e-08       -1.8576 
3869.9914       5184.0598       6.2743e-08       -2.0634 
3869.9914       5184.0598       6.6253e-08       -2.2743 
3869.9914       5184.0598       6.9764e-08       -2.4902 
3869.9914       5184.0598       7.3275e-08       -2.7106 
5184.0598       6944.3244       0.0000e+00       -0.3384 
5184.0598       6944.3244       1.0495e-08       0.0000 
5184.0598       6944.3244       1.4342e-08       -0.0231 
5184.0598       6944.3244       1.8189e-08       -0.0826 
5184.0598       6944.3244       2.2036e-08       -0.1684 
5184.0598       6944.3244       2.5883e-08       -0.2744 
5184.0598       6944.3244       2.9730e-08       -0.3965 
5184.0598       6944.3244       3.3577e-08       -0.5317 
5184.0598       6944.3244       3.7424e-08       -0.6778 
5184.0598       6944.3244       4.1271e-08       -0.8333 
5184.0598       6944.3244       4.5118e-08       -0.9969 
5184.0598       6944.3244       4.8965e-08       -1.1676 
5184.0598       6944.3244       5.2812e-08       -1.3445 
5184.0598       6944.3244       5.6659e-08       -1.5271 
5184.0598       6944.3244       6.0506e-08       -1.7147 
5184.0598       6944.3244       6.4353e-08       -1.9069 
5184.0598       6944.3244       6.8200e-08       -2.1032 
5184.0598       6944.3244       7.2047e-08       -2.3034 
5184.0598       6944.3244       7.5894e-08       -2.5071 
5184.0598       6944.3244       7.9741e-08       -2.7141 
6944.3244       9302.5069       0.0000e+00       0.0000 
6944.3244       9302.5069       7.0810e-15       -0.0000 
6944.3244       9302.5069       3.2542e-09       -0.1144 
6944.3244       9302.5069       6.5084e-09       -0.2365 
6944.3244       9302.5069       9.7625e-09       -0.3650 
6944.3244       9302.5069       1.3017e-08       -0.4991 
6944.3244       9302.5069       1.6271e-08       -0.6380 
6944.3244       9302.5069       1.9525e-08       -0.7811 
6944.3244       9302.5069       2.2779e-08       -0.9279 
6944.3244       9302.5069       2.6033e-08       -1.0780 
6944.3244       9302.5069       2.9288e-08       -1.2310 
6944.3244       9302.5069       3.2542e-08       -1.3868 
6944.3244       9302.5069       3.5796e-08       -1.5449 
6944.3244       9302.5069       3.9050e-08       -1.7053 
6944.3244       9302.5069       4.2304e-08       -1.8676 
6944.3244       9302.5069       4.5559e-08       -2.0318 
6944.3244       9302.5069       4.8813e-08       -2.1977 
6944.3244       9302.5069       5.2067e-08       -2.3652 
6944.3244       9302.5069       5.5321e-08       -2.5341 
6944.3244       9302.5069       5.8575e-08       -2.7043 
9302.5069       12461.2038       0.0000e+00       0.0000 
9302.5069       12461.2038       1.6580e-14       -0.0000 
9302.5069       12461.2038       3.5001e-09       -0.1491 
9302.5069       12461.2038       7.0002e-09       -0.2984 
9302.5069       12461.2038       1.0500e-08       -0.4478 
9302.5069       12461.2038       1.4000e-08       -0.5974 
9302.5069       12461.2038       1.7501e-08       -0.7471 
9302.5069       12461.2038       2.1001e-08       -0.8969 
9302.5069       12461.2038       2.4501e-08       -1.0469 
9302.5069       12461.2038       2.8001e-08       -1.1971 
9302.5069       12461.2038       3.1501e-08       -1.3474 
9302.5069       12461.2038       3.5001e-08       -1.4978 
9302.5069       12461.2038       3.8501e-08       -1.6483 
9302.5069       12461.2038       4.2001e-08       -1.7990 
9302.5069       12461.2038       4.5501e-08       -1.9499 
9302.5069       12461.2038       4.9002e-08       -2.1008 
9302.5069       12461.2038       5.2502e-08       -2.2519 
9302.5069       12461.2038       5.6002e-08       -2.4031 
9302.5069       12461.2038       5.9502e-08       -2.5544 
9302.5069       12461.2038       6.3002e-08       -2.7059 
12461.2038       16692.4468       0.0000e+00       -0.0810 
12461.2038       16692.4468       1.1067e-08       0.0000 
12461.2038       16692.4468       1.8448e-08       -0.0254 
12461.2038       16692.4468       2.5829e-08       -0.0885 
12461.2038       16692.4468       3.3209e-08       -0.1782 
12461.2038       16692.4468       4.0590e-08       -0.2878 
12461.2038       16692.4468       4.7971e-08       -0.4129 
12461.2038       16692.4468       5.5351e-08       -0.5505 
12461.2038       16692.4468       6.2732e-08       -0.6983 
12461.2038       16692.4468       7.0113e-08       -0.8547 
12461.2038       16692.4468       7.7493e-08       -1.0184 
12461.2038       16692.4468       8.4874e-08       -1.1883 
12461.2038       16692.4468       9.2255e-08       -1.3638 
12461.2038       16692.4468       9.9635e-08       -1.5442 
12461.2038       16692.4468       1.0702e-07       -1.7289 
12461.2038       16692.4468       1.1440e-07       -1.9175 
12461.2038       16692.4468       1.2178e-07       -2.1096 
12461.2038       16692.4468       1.2916e-07       -2.3048 
12461.2038       16692.4468       1.3654e-07       -2.5030 
12461.2038       16692.4468       1.4392e-07       -2.7039 
16692.4468       22360.9371       0.0000e+00       -0.0000 
16692.4468       22360.9371       2.7413e-15       0.0000 
16692.4468       22360.9371       5.4037e-09       -0.1502 
16692.4468       22360.9371       1.0807e-08       -0.3005 
16692.4468       22360.9371       1.6211e-08       -0.4508 
16692.4468       22360.9371       2.1615e-08       -0.6010 
16692.4468       22360.9371       2.7019e-08       -0.7513 
16692.4468       22360.9371       3.2422e-08       -0.9016 
16692.4468       22360.9371       3.7826e-08       -1.0519 
16692.4468       22360.9371       4.3230e-08       -1.2022 
16692.4468       22360.9371       4.8634e-08       -1.3526 
16692.4468       22360.9371       5.4037e-08       -1.5029 
16692.4468       22360.9371       5.9441e-08       -1.6532 
16692.4468       22360.9371       6.4845e-08       -1.8036 
16692.4468       22360.9371       7.0248e-08       -1.9540 
16692.4468       22360.9371       7.5652e-08       -2.1043 
16692.4468       22360.9371       8.1056e-08       -2.2547 
16692.4468       22360.9371       8.6460e-08       -2.4051 
16692.4468       22360.9371       9.1863e-08       -2.5555 
16692.4468       22360.9371       9.7267e-08       -2.7059 
22360.9371       29953.6672       0.0000e+00       0.0000 
22360.9371       29953.6672       1.6174e-14       -0.0000 
22360.9371       29953.6672       7.2988e-09       -0.1500 
22360.9371       29953.6672       1.4597e-08       -0.3001 
22360.9371       29953.6672       2.1896e-08       -0.4502 
22360.9371       29953.6672       2.9195e-08       -0.6003 
22360.9371       29953.6672       3.6494e-08       -0.7505 
22360.9371       29953.6672       4.3792e-08       -0.9007 
22360.9371       29953.6672       5.1091e-08       -1.0509 
22360.9371       29953.6672       5.8390e-08       -1.2012 
22360.9371       29953.6672       6.5689e-08       -1.3515 
22360.9371       29953.6672       7.2987e-08       -1.5019 
22360.9371       29953.6672       8.0286e-08       -1.6523 
22360.9371       29953.6672       8.7585e-08       -1.8027 
22360.9371       29953.6672       9.4884e-08       -1.9531 
22360.9371       29953.6672       1.0218e-07       -2.1036 
22360.9371       29953.6672       1.0948e-07       -2.2542 
22360.9371       29953.6672       1.1678e-07       -2.4047 
22360.9371       29953.6672       1.2408e-07       -2.5553 
22360.9371       29953.6672       1.3138e-07       -2.7059 
29953.6672       40124.5339       0.0000e+00       -0.0000 
29953.6672       40124.5339       1.4790e-14       0.0000 
29953.6672       40124.5339       9.7187e-09       -0.1498 
29953.6672       40124.5339       1.9437e-08       -0.2997 
29953.6672       40124.5339       2.9156e-08       -0.4496 
29953.6672       40124.5339       3.8875e-08       -0.5996 
29953.6672       40124.5339       4.8594e-08       -0.7496 
29953.6672       40124.5339       5.8312e-08       -0.8998 
29953.6672       40124.5339       6.8031e-08       -1.0499 
29953.6672       40124.5339       7.7750e-08       -1.2002 
29953.6672       40124.5339       8.7469e-08       -1.3505 
29953.6672       40124.5339       9.7187e-08       -1.5009 
29953.6672       40124.5339       1.0691e-07       -1.6513 
29953.6672       40124.5339       1.1662e-07       -1.8018 
29953.6672       40124.5339       1.2634e-07       -1.9523 
29953.6672       40124.5339       1.3606e-07       -2.1029 
29953.6672       40124.5339       1.4578e-07       -2.2536 
29953.6672       40124.5339       1.5550e-07       -2.4043 
29953.6672       40124.5339       1.6522e-07       -2.5551 
29953.6672       40124.5339       1.7494e-07       -2.7059 
40124.5339       53748.9519       0.0000e+00       -0.0000 
40124.5339       53748.9519       2.6469e-14       0.0000 
40124.5339       53748.9519       1.2630e-08       -0.1502 
40124.5339       53748.9519       2.5260e-08       -0.3004 
40124.5339       53748.9519       3.7890e-08       -0.4507 
40124.5339       53748.9519       5.0520e-08       -0.6009 
40124.5339       53748.9519       6.3150e-08       -0.7512 
40124.5339       53748.9519       7.5780e-08       -0.9015 
40124.5339       53748.9519       8.8410e-08       -1.0518 
40124.5339       53748.9519       1.0104e-07       -1.2021 
40124.5339       53748.9519       1.1367e-07       -1.3524 
40124.5339       53748.9519       1.2630e-07       -1.5027 
40124.5339       53748.9519       1.3893e-07       -1.6531 
40124.5339       53748.9519       1.5156e-07       -1.8034 
40124.5339       53748.9519       1.6419e-07       -1.9538 
40124.5339       53748.9519       1.7682e-07       -2.1042 
40124.5339       53748.9519       1.8945e-07       -2.2546 
40124.5339       53748.9519       2.0208e-07       -2.4050 
40124.5339       53748.9519       2.1471e-07       -2.5555 
40124.5339       53748.9519       2.2734e-07       -2.7059 
53748.9519       72001.2440       0.0000e+00       0.0000 
53748.9519       72001.2440       9.2765e-16       -0.0000 
53748.9519       72001.2440       1.6678e-08       -0.1503 
53748.9519       72001.2440       3.3356e-08       -0.3006 
53748.9519       72001.2440       5.0034e-08       -0.4509 
53748.9519       72001.2440       6.6713e-08       -0.6012 
53748.9519       72001.2440       8.3391e-08       -0.7516 
53748.9519       72001.2440       1.0007e-07       -0.9019 
53748.9519       72001.2440       1.1675e-07       -1.0522 
53748.9519       72001.2440       1.3343e-07       -1.2025 
53748.9519       72001.2440       1.5010e-07       -1.3529 
53748.9519       72001.2440       1.6678e-07       -1.5032 
53748.9519       72001.2440       1.8346e-07       -1.6535 
53748.9519       72001.2440       2.0014e-07       -1.8038 
53748.9519       72001.2440       2.1682e-07       -1.9542 
53748.9519       72001.2440       2.3349e-07       -2.1045 
53748.9519       72001.2440       2.5017e-07       -2.2549 
53748.9519       72001.2440       2.6685e-07       -2.4052 
53748.9519       72001.2440       2.8353e-07       -2.5555 
53748.9519       72001.2440       3.0021e-07       -2.7059 
72001.2440       96449.5043       0.0000e+00       0.0000 
72001.2440       96449.5043       7.6173e-16       -0.0000 
72001.2440       96449.5043       2.2067e-08       -0.1503 
72001.2440       96449.5043       4.4134e-08       -0.3007 
72001.2440       96449.5043       6.6201e-08       -0.4510 
72001.2440       96449.5043       8.8268e-08       -0.6013 
72001.2440       96449.5043       1.1033e-07       -0.7516 
72001.2440       96449.5043       1.3240e-07       -0.9020 
72001.2440       96449.5043       1.5447e-07       -1.0523 
72001.2440       96449.5043       1.7654e-07       -1.2026 
72001.2440       96449.5043       1.9860e-07       -1.3529 
72001.2440       96449.5043       2.2067e-07       -1.5033 
72001.2440       96449.5043       2.4274e-07       -1.6536 
72001.2440       96449.5043       2.6480e-07       -1.8039 
72001.2440       96449.5043       2.8687e-07       -1.9543 
72001.2440       96449.5043       3.0894e-07       -2.1046 
72001.2440       96449.5043       3.3100e-07       -2.2549 
72001.2440       96449.5043       3.5307e-07       -2.4052 
72001.2440       96449.5043       3.7514e-07       -2.5556 
72001.2440       96449.5043       3.9721e-07       -2.7059 
96449.5043       129199.2522       0.0000e+00       -0.0000 
96449.5043       129199.2522       1.0593e-15       0.0000 
96449.5043       129199.2522       3.8007e-08       -0.1325 
96449.5043       129199.2522       7.6014e-08       -0.2683 
96449.5043       129199.2522       1.1402e-07       -0.4069 
96449.5043       129199.2522       1.5203e-07       -0.5482 
96449.5043       129199.2522       1.9003e-07       -0.6918 
96449.5043       129199.2522       2.2804e-07       -0.8375 
96449.5043       129199.2522       2.6605e-07       -0.9853 
96449.5043       129199.2522       3.0405e-07       -1.1348 
96449.5043       129199.2522       3.4206e-07       -1.2860 
96449.5043       129199.2522       3.8007e-07       -1.4388 
96449.5043       129199.2522       4.1808e-07       -1.5930 
96449.5043       129199.2522       4.5608e-07       -1.7485 
96449.5043       129199.2522       4.9409e-07       -1.9053 
96449.5043       129199.2522       5.3210e-07       -2.0632 
96449.5043       129199.2522       5.7010e-07       -2.2222 
96449.5043       129199.2522       6.0811e-07       -2.3822 
96449.5043       129199.2522       6.4612e-07       -2.5431 
96449.5043       129199.2522       6.8412e-07       -2.7050 
129199.2522       173069.2852       0.0000e+00       0.0000 
129199.2522       173069.2852       5.0184e-10       -0.0018 
129199.2522       173069.2852       4.1020e-08       -0.1520 
129199.2522       173069.2852       8.1538e-08       -0.3022 
129199.2522       173069.2852       1.2206e-07       -0.4524 
129199.2522       173069.2852       1.6257e-07       -0.6026 
129199.2522       173069.2852       2.0309e-07       -0.7528 
129199.2522       173069.2852       2.4361e-07       -0.9030 
129199.2522       173069.2852       2.8413e-07       -1.0532 
129199.2522       173069.2852       3.2465e-07       -1.2035 
129199.2522       173069.2852       3.6517e-07       -1.3537 
129199.2522       173069.2852       4.0568e-07       -1.5039 
129199.2522       173069.2852       4.4620e-07       -1.6541 
129199.2522       173069.2852       4.8672e-07       -1.8044 
129199.2522       173069.2852       5.2724e-07       -1.9546 
129199.2522       173069.2852       5.6776e-07       -2.1048 
129199.2522       173069.2852       6.0828e-07       -2.2551 
129199.2522       173069.2852       6.4879e-07       -2.4053 
129199.2522       173069.2852       6.8931e-07       -2.5556 
129199.2522       173069.2852       7.2983e-07       -2.7058 
173069.2852       231840.8711       0.0000e+00       0.0000 
173069.2852       231840.8711       4.2389e-16       -0.0000 
173069.2852       231840.8711       5.4042e-08       -0.1503 
173069.2852       231840.8711       1.0808e-07       -0.3007 
173069.2852       231840.8711       1.6213e-07       -0.4510 
173069.2852       231840.8711       2.1617e-07       -0.6013 
173069.2852       231840.8711       2.7021e-07       -0.7516 
173069.2852       231840.8711       3.2425e-07       -0.9020 
173069.2852       231840.8711       3.7829e-07       -1.0523 
173069.2852       231840.8711       4.3233e-07       -1.2026 
173069.2852       231840.8711       4.8638e-07       -1.3529 
173069.2852       231840.8711       5.4042e-07       -1.5033 
173069.2852       231840.8711       5.9446e-07       -1.6536 
173069.2852       231840.8711       6.4850e-07       -1.8039 
173069.2852       231840.8711       7.0254e-07       -1.9543 
173069.2852       231840.8711       7.5658e-07       -2.1046 
173069.2852       231840.8711       8.1063e-07       -2.2549 
173069.2852       231840.8711       8.6467e-07       -2.4052 
173069.2852       231840.8711       9.1871e-07       -2.5556 
173069.2852       231840.8711       9.7275e-07       -2.7059 
231840.8711       310563.2050       0.0000e+00       0.0000 
231840.8711       310563.2050       3.3967e-10       -0.0007 
231840.8711       310563.2050       7.3081e-08       -0.1510 
231840.8711       310563.2050       1.4582e-07       -0.3013 
231840.8711       310563.2050       2.1856e-07       -0.4516 
231840.8711       310563.2050       2.9131e-07       -0.6019 
231840.8711       310563.2050       3.6405e-07       -0.7521 
231840.8711       310563.2050       4.3679e-07       -0.9024 
231840.8711       310563.2050       5.0953e-07       -1.0527 
231840.8711       310563.2050       5.8227e-07       -1.2030 
231840.8711       310563.2050       6.5501e-07       -1.3533 
231840.8711       310563.2050       7.2776e-07       -1.5036 
231840.8711       310563.2050       8.0050e-07       -1.6539 
231840.8711       310563.2050       8.7324e-07       -1.8042 
231840.8711       310563.2050       9.4598e-07       -1.9545 
231840.8711       310563.2050       1.0187e-06       -2.1047 
231840.8711       310563.2050       1.0915e-06       -2.2550 
231840.8711       310563.2050       1.1642e-06       -2.4053 
231840.8711       310563.2050       1.2369e-06       -2.5556 
231840.8711       310563.2050       1.3097e-06       -2.7059 
310563.2050       416015.9675       0.0000e+00       0.0000 
310563.2050       416015.9675       2.7929e-10       -0.0004 
310563.2050       416015.9675       9.8467e-08       -0.1507 
310563.2050       416015.9675       1.9666e-07       -0.3010 
310563.2050       416015.9675       2.9484e-07       -0.4513 
310563.2050       416015.9675       3.9303e-07       -0.6016 
310563.2050       416015.9675       4.9122e-07       -0.7519 
310563.2050       416015.9675       5.8941e-07       -0.9023 
310563.2050       416015.9675       6.8760e-07       -1.0526 
310563.2050       416015.9675       7.8578e-07       -1.2029 
310563.2050       416015.9675       8.8397e-07       -1.3532 
310563.2050       416015.9675       9.8216e-07       -1.5035 
310563.2050       416015.9675       1.0803e-06       -1.6538 
310563.2050       416015.9675       1.1785e-06       -1.8041 
310563.2050       416015.9675       1.2767e-06       -1.9544 
310563.2050       416015.9675       1.3749e-06       -2.1047 
310563.2050       416015.9675       1.4731e-06       -2.2550 
310563.2050       416015.9675       1.5713e-06       -2.4053 
310563.2050       416015.9675       1.6695e-06       -2.5556 
310563.2050       416015.9675       1.7677e-06       -2.7059 
416015.9675       557275.5639       0.0000e+00       0.0000 
416015.9675       557275.5639       2.2959e-10       -0.0003 
416015.9675       557275.5639       1.3399e-07       -0.1506 
416015.9675       557275.5639       2.6774e-07       -0.3009 
416015.9675       557275.5639       4.0150e-07       -0.4512 
416015.9675       557275.5639       5.3525e-07       -0.6015 
416015.9675       557275.5639       6.6901e-07       -0.7518 
416015.9675       557275.5639       8.0277e-07       -0.9021 
416015.9675       557275.5639       9.3652e-07       -1.0525 
416015.9675       557275.5639       1.0703e-06       -1.2028 
416015.9675       557275.5639       1.2040e-06       -1.3531 
416015.9675       557275.5639       1.3378e-06       -1.5034 
416015.9675       557275.5639       1.4715e-06       -1.6537 
416015.9675       557275.5639       1.6053e-06       -1.8040 
416015.9675       557275.5639       1.7391e-06       -1.9543 
416015.9675       557275.5639       1.8728e-06       -2.1046 
416015.9675       557275.5639       2.0066e-06       -2.2550 
416015.9675       557275.5639       2.1403e-06       -2.4053 
416015.9675       557275.5639       2.2741e-06       -2.5556 
416015.9675       557275.5639       2.4078e-06       -2.7059 
557275.5639       746517.5120       0.0000e+00       0.0000 
557275.5639       746517.5120       1.8873e-10       -0.0002 
557275.5639       746517.5120       1.8436e-07       -0.1505 
557275.5639       746517.5120       3.6853e-07       -0.3008 
557275.5639       746517.5120       5.5270e-07       -0.4511 
557275.5639       746517.5120       7.3687e-07       -0.6014 
557275.5639       746517.5120       9.2104e-07       -0.7517 
557275.5639       746517.5120       1.1052e-06       -0.9021 
557275.5639       746517.5120       1.2894e-06       -1.0524 
557275.5639       746517.5120       1.4736e-06       -1.2027 
557275.5639       746517.5120       1.6577e-06       -1.3530 
557275.5639       746517.5120       1.8419e-06       -1.5033 
557275.5639       746517.5120       2.0261e-06       -1.6537 
557275.5639       746517.5120       2.2102e-06       -1.8040 
557275.5639       746517.5120       2.3944e-06       -1.9543 
557275.5639       746517.5120       2.5786e-06       -2.1046 
557275.5639       746517.5120       2.7628e-06       -2.2549 
557275.5639       746517.5120       2.9469e-06       -2.4053 
557275.5639       746517.5120       3.1311e-06       -2.5556 
557275.5639       746517.5120       3.3153e-06       -2.7059 
746517.5120       1000000.0000       0.0000e+00       0.0000 
746517.5120       1000000.0000       1.5510e-10       -0.0001 
746517.5120       1000000.0000       2.6637e-07       -0.1504 
746517.5120       1000000.0000       5.3259e-07       -0.3007 
746517.5120       1000000.0000       7.9881e-07       -0.4511 
746517.5120       1000000.0000       1.0650e-06       -0.6014 
746517.5120       1000000.0000       1.3313e-06       -0.7517 
746517.5120       1000000.0000       1.5975e-06       -0.9020 
746517.5120       1000000.0000       1.8637e-06       -1.0523 
746517.5120       1000000.0000       2.1299e-06       -1.2027 
746517.5120       1000000.0000       2.3961e-06       -1.3530 
746517.5120       1000000.0000       2.6624e-06       -1.5033 
746517.5120       1000000.0000       2.9286e-06       -1.6536 
746517.5120       1000000.0000       3.1948e-06       -1.8040 
746517.5120       1000000.0000       3.4610e-06       -1.9543 
746517.5120       1000000.0000       3.7272e-06       -2.1046 
746517.5120       1000000.0000       3.9935e-06       -2.2549 
746517.5120       1000000.0000       4.2597e-06       -2.4053 
746517.5120       1000000.0000       4.5259e-06       -2.5556 
746517.5120       1000000.0000       4.7921e-06       -2.7059 
