#Berenices  Log10(Jfactor)=19.000   sigmaJ=0.355 
#[0]emin(MeV) [1]emax(MeV) [2]eflux(MeV/cm^2/s) [3]deltaLogLike 
500.0000       669.7766       0.0000e+00       -0.0766 
500.0000       669.7766       1.3944e-08       0.0000 
500.0000       669.7766       1.9297e-08       -0.0091 
500.0000       669.7766       2.4651e-08       -0.0380 
500.0000       669.7766       3.0005e-08       -0.0861 
500.0000       669.7766       3.5358e-08       -0.1527 
500.0000       669.7766       4.0712e-08       -0.2368 
500.0000       669.7766       4.6065e-08       -0.3382 
500.0000       669.7766       5.1419e-08       -0.4560 
500.0000       669.7766       5.6773e-08       -0.5896 
500.0000       669.7766       6.2126e-08       -0.7388 
500.0000       669.7766       6.7480e-08       -0.9027 
500.0000       669.7766       7.2833e-08       -1.0811 
500.0000       669.7766       7.8187e-08       -1.2736 
500.0000       669.7766       8.3541e-08       -1.4795 
500.0000       669.7766       8.8894e-08       -1.6989 
500.0000       669.7766       9.4248e-08       -1.9310 
500.0000       669.7766       9.9602e-08       -2.1758 
500.0000       669.7766       1.0496e-07       -2.4325 
500.0000       669.7766       1.1031e-07       -2.7013 
669.7766       897.2222       0.0000e+00       0.0000 
669.7766       897.2222       9.4027e-14       -0.0000 
669.7766       897.2222       2.1645e-09       -0.1270 
669.7766       897.2222       4.3289e-09       -0.2570 
669.7766       897.2222       6.4934e-09       -0.3900 
669.7766       897.2222       8.6578e-09       -0.5259 
669.7766       897.2222       1.0822e-08       -0.6645 
669.7766       897.2222       1.2987e-08       -0.8061 
669.7766       897.2222       1.5151e-08       -0.9504 
669.7766       897.2222       1.7316e-08       -1.0974 
669.7766       897.2222       1.9480e-08       -1.2471 
669.7766       897.2222       2.1644e-08       -1.3993 
669.7766       897.2222       2.3809e-08       -1.5540 
669.7766       897.2222       2.5973e-08       -1.7113 
669.7766       897.2222       2.8138e-08       -1.8711 
669.7766       897.2222       3.0302e-08       -2.0333 
669.7766       897.2222       3.2466e-08       -2.1979 
669.7766       897.2222       3.4631e-08       -2.3648 
669.7766       897.2222       3.6795e-08       -2.5341 
669.7766       897.2222       3.8960e-08       -2.7056 
897.2222       1201.8769       0.0000e+00       -0.1196 
897.2222       1201.8769       1.1728e-08       0.0000 
897.2222       1201.8769       1.5526e-08       -0.0113 
897.2222       1201.8769       1.9324e-08       -0.0441 
897.2222       1201.8769       2.3122e-08       -0.0971 
897.2222       1201.8769       2.6921e-08       -0.1690 
897.2222       1201.8769       3.0719e-08       -0.2587 
897.2222       1201.8769       3.4517e-08       -0.3653 
897.2222       1201.8769       3.8315e-08       -0.4879 
897.2222       1201.8769       4.2113e-08       -0.6255 
897.2222       1201.8769       4.5911e-08       -0.7776 
897.2222       1201.8769       4.9709e-08       -0.9436 
897.2222       1201.8769       5.3507e-08       -1.1227 
897.2222       1201.8769       5.7305e-08       -1.3144 
897.2222       1201.8769       6.1103e-08       -1.5181 
897.2222       1201.8769       6.4901e-08       -1.7334 
897.2222       1201.8769       6.8699e-08       -1.9600 
897.2222       1201.8769       7.2498e-08       -2.1973 
897.2222       1201.8769       7.6296e-08       -2.4448 
897.2222       1201.8769       8.0094e-08       -2.7025 
1201.8769       1609.9782       0.0000e+00       -0.8117 
1201.8769       1609.9782       2.9151e-09       -0.6170 
1201.8769       1609.9782       5.8303e-09       -0.4558 
1201.8769       1609.9782       8.7454e-09       -0.3239 
1201.8769       1609.9782       1.1661e-08       -0.2180 
1201.8769       1609.9782       1.4576e-08       -0.1354 
1201.8769       1609.9782       1.7491e-08       -0.0740 
1201.8769       1609.9782       2.0406e-08       -0.0320 
1201.8769       1609.9782       2.3321e-08       -0.0078 
1201.8769       1609.9782       2.6236e-08       0.0000 
1201.8769       1609.9782       3.2857e-08       -0.0377 
1201.8769       1609.9782       3.9478e-08       -0.1436 
1201.8769       1609.9782       4.6100e-08       -0.3092 
1201.8769       1609.9782       5.2721e-08       -0.5281 
1201.8769       1609.9782       5.9342e-08       -0.7944 
1201.8769       1609.9782       6.5963e-08       -1.1043 
1201.8769       1609.9782       7.2584e-08       -1.4538 
1201.8769       1609.9782       7.9205e-08       -1.8399 
1201.8769       1609.9782       8.5826e-08       -2.2597 
1201.8769       1609.9782       9.2447e-08       -2.7111 
1609.9782       2156.6516       0.0000e+00       -0.6548 
1609.9782       2156.6516       2.4029e-09       -0.4986 
1609.9782       2156.6516       4.8059e-09       -0.3689 
1609.9782       2156.6516       7.2088e-09       -0.2626 
1609.9782       2156.6516       9.6117e-09       -0.1771 
1609.9782       2156.6516       1.2015e-08       -0.1104 
1609.9782       2156.6516       1.4418e-08       -0.0607 
1609.9782       2156.6516       1.6821e-08       -0.0266 
1609.9782       2156.6516       1.9223e-08       -0.0067 
1609.9782       2156.6516       2.1626e-08       0.0000 
1609.9782       2156.6516       2.7962e-08       -0.0389 
1609.9782       2156.6516       3.4298e-08       -0.1491 
1609.9782       2156.6516       4.0634e-08       -0.3203 
1609.9782       2156.6516       4.6970e-08       -0.5443 
1609.9782       2156.6516       5.3306e-08       -0.8148 
1609.9782       2156.6516       5.9642e-08       -1.1268 
1609.9782       2156.6516       6.5978e-08       -1.4761 
1609.9782       2156.6516       7.2314e-08       -1.8591 
1609.9782       2156.6516       7.8650e-08       -2.2730 
1609.9782       2156.6516       8.4986e-08       -2.7152 
2156.6516       2889.0164       0.0000e+00       0.0000 
2156.6516       2889.0164       1.2763e-15       -0.0000 
2156.6516       2889.0164       1.2581e-09       -0.1467 
2156.6516       2889.0164       2.5162e-09       -0.2938 
2156.6516       2889.0164       3.7743e-09       -0.4414 
2156.6516       2889.0164       5.0323e-09       -0.5895 
2156.6516       2889.0164       6.2904e-09       -0.7380 
2156.6516       2889.0164       7.5485e-09       -0.8869 
2156.6516       2889.0164       8.8066e-09       -1.0362 
2156.6516       2889.0164       1.0065e-08       -1.1860 
2156.6516       2889.0164       1.1323e-08       -1.3362 
2156.6516       2889.0164       1.2581e-08       -1.4868 
2156.6516       2889.0164       1.3839e-08       -1.6378 
2156.6516       2889.0164       1.5097e-08       -1.7892 
2156.6516       2889.0164       1.6355e-08       -1.9411 
2156.6516       2889.0164       1.7613e-08       -2.0933 
2156.6516       2889.0164       1.8871e-08       -2.2458 
2156.6516       2889.0164       2.0129e-08       -2.3988 
2156.6516       2889.0164       2.1387e-08       -2.5521 
2156.6516       2889.0164       2.2646e-08       -2.7058 
2889.0164       3869.9914       0.0000e+00       -0.0000 
2889.0164       3869.9914       2.7175e-14       0.0000 
2889.0164       3869.9914       2.3933e-09       -0.0737 
2889.0164       3869.9914       4.7865e-09       -0.1629 
2889.0164       3869.9914       7.1798e-09       -0.2656 
2889.0164       3869.9914       9.5730e-09       -0.3798 
2889.0164       3869.9914       1.1966e-08       -0.5043 
2889.0164       3869.9914       1.4360e-08       -0.6378 
2889.0164       3869.9914       1.6753e-08       -0.7794 
2889.0164       3869.9914       1.9146e-08       -0.9283 
2889.0164       3869.9914       2.1539e-08       -1.0838 
2889.0164       3869.9914       2.3933e-08       -1.2453 
2889.0164       3869.9914       2.6326e-08       -1.4124 
2889.0164       3869.9914       2.8719e-08       -1.5846 
2889.0164       3869.9914       3.1112e-08       -1.7614 
2889.0164       3869.9914       3.3506e-08       -1.9427 
2889.0164       3869.9914       3.5899e-08       -2.1280 
2889.0164       3869.9914       3.8292e-08       -2.3171 
2889.0164       3869.9914       4.0685e-08       -2.5098 
2889.0164       3869.9914       4.3079e-08       -2.7059 
3869.9914       5184.0598       0.0000e+00       -0.4561 
3869.9914       5184.0598       1.3900e-08       0.0000 
3869.9914       5184.0598       1.7603e-08       -0.0177 
3869.9914       5184.0598       2.1306e-08       -0.0664 
3869.9914       5184.0598       2.5009e-08       -0.1401 
3869.9914       5184.0598       2.8712e-08       -0.2343 
3869.9914       5184.0598       3.2415e-08       -0.3459 
3869.9914       5184.0598       3.6118e-08       -0.4726 
3869.9914       5184.0598       3.9821e-08       -0.6122 
3869.9914       5184.0598       4.3524e-08       -0.7634 
3869.9914       5184.0598       4.7227e-08       -0.9249 
3869.9914       5184.0598       5.0930e-08       -1.0955 
3869.9914       5184.0598       5.4633e-08       -1.2745 
3869.9914       5184.0598       5.8336e-08       -1.4611 
3869.9914       5184.0598       6.2039e-08       -1.6547 
3869.9914       5184.0598       6.5742e-08       -1.8546 
3869.9914       5184.0598       6.9445e-08       -2.0605 
3869.9914       5184.0598       7.3148e-08       -2.2719 
3869.9914       5184.0598       7.6851e-08       -2.4884 
3869.9914       5184.0598       8.0554e-08       -2.7097 
5184.0598       6944.3244       0.0000e+00       -0.0001 
5184.0598       6944.3244       1.4090e-13       0.0000 
5184.0598       6944.3244       1.9404e-09       -0.1498 
5184.0598       6944.3244       3.8807e-09       -0.2997 
5184.0598       6944.3244       5.8210e-09       -0.4497 
5184.0598       6944.3244       7.7613e-09       -0.5997 
5184.0598       6944.3244       9.7016e-09       -0.7498 
5184.0598       6944.3244       1.1642e-08       -0.8999 
5184.0598       6944.3244       1.3582e-08       -1.0501 
5184.0598       6944.3244       1.5523e-08       -1.2003 
5184.0598       6944.3244       1.7463e-08       -1.3506 
5184.0598       6944.3244       1.9403e-08       -1.5010 
5184.0598       6944.3244       2.1343e-08       -1.6514 
5184.0598       6944.3244       2.3284e-08       -1.8019 
5184.0598       6944.3244       2.5224e-08       -1.9524 
5184.0598       6944.3244       2.7164e-08       -2.1030 
5184.0598       6944.3244       2.9105e-08       -2.2536 
5184.0598       6944.3244       3.1045e-08       -2.4043 
5184.0598       6944.3244       3.2985e-08       -2.5551 
5184.0598       6944.3244       3.4926e-08       -2.7059 
6944.3244       9302.5069       0.0000e+00       -0.7365 
6944.3244       9302.5069       1.5775e-09       -0.4915 
6944.3244       9302.5069       3.1549e-09       -0.3291 
6944.3244       9302.5069       4.7324e-09       -0.2161 
6944.3244       9302.5069       6.3099e-09       -0.1363 
6944.3244       9302.5069       7.8874e-09       -0.0801 
6944.3244       9302.5069       9.4648e-09       -0.0418 
6944.3244       9302.5069       1.1042e-08       -0.0173 
6944.3244       9302.5069       1.2620e-08       -0.0041 
6944.3244       9302.5069       1.4197e-08       0.0000 
6944.3244       9302.5069       2.1816e-08       -0.0704 
6944.3244       9302.5069       2.9435e-08       -0.2352 
6944.3244       9302.5069       3.7054e-08       -0.4564 
6944.3244       9302.5069       4.4673e-08       -0.7157 
6944.3244       9302.5069       5.2292e-08       -1.0026 
6944.3244       9302.5069       5.9911e-08       -1.3106 
6944.3244       9302.5069       6.7530e-08       -1.6353 
6944.3244       9302.5069       7.5149e-08       -1.9737 
6944.3244       9302.5069       8.2768e-08       -2.3236 
6944.3244       9302.5069       9.0386e-08       -2.6832 
9302.5069       12461.2038       0.0000e+00       -0.0000 
9302.5069       12461.2038       1.3356e-15       0.0000 
9302.5069       12461.2038       4.7241e-09       -0.1148 
9302.5069       12461.2038       9.4482e-09       -0.2361 
9302.5069       12461.2038       1.4172e-08       -0.3632 
9302.5069       12461.2038       1.8896e-08       -0.4955 
9302.5069       12461.2038       2.3621e-08       -0.6326 
9302.5069       12461.2038       2.8345e-08       -0.7739 
9302.5069       12461.2038       3.3069e-08       -0.9191 
9302.5069       12461.2038       3.7793e-08       -1.0679 
9302.5069       12461.2038       4.2517e-08       -1.2200 
9302.5069       12461.2038       4.7241e-08       -1.3751 
9302.5069       12461.2038       5.1965e-08       -1.5331 
9302.5069       12461.2038       5.6689e-08       -1.6937 
9302.5069       12461.2038       6.1413e-08       -1.8568 
9302.5069       12461.2038       6.6137e-08       -2.0222 
9302.5069       12461.2038       7.0862e-08       -2.1898 
9302.5069       12461.2038       7.5586e-08       -2.3595 
9302.5069       12461.2038       8.0310e-08       -2.5311 
9302.5069       12461.2038       8.5034e-08       -2.7045 
12461.2038       16692.4468       0.0000e+00       0.0000 
12461.2038       16692.4468       1.8016e-13       -0.0000 
12461.2038       16692.4468       3.9278e-09       -0.1500 
12461.2038       16692.4468       7.8553e-09       -0.3001 
12461.2038       16692.4468       1.1783e-08       -0.4502 
12461.2038       16692.4468       1.5710e-08       -0.6003 
12461.2038       16692.4468       1.9638e-08       -0.7504 
12461.2038       16692.4468       2.3566e-08       -0.9007 
12461.2038       16692.4468       2.7493e-08       -1.0509 
12461.2038       16692.4468       3.1421e-08       -1.2012 
12461.2038       16692.4468       3.5348e-08       -1.3515 
12461.2038       16692.4468       3.9276e-08       -1.5018 
12461.2038       16692.4468       4.3203e-08       -1.6522 
12461.2038       16692.4468       4.7131e-08       -1.8026 
12461.2038       16692.4468       5.1059e-08       -1.9531 
12461.2038       16692.4468       5.4986e-08       -2.1036 
12461.2038       16692.4468       5.8914e-08       -2.2541 
12461.2038       16692.4468       6.2841e-08       -2.4047 
12461.2038       16692.4468       6.6769e-08       -2.5553 
12461.2038       16692.4468       7.0696e-08       -2.7059 
16692.4468       22360.9371       0.0000e+00       -0.0000 
16692.4468       22360.9371       1.4476e-15       0.0000 
16692.4468       22360.9371       5.2728e-09       -0.1501 
16692.4468       22360.9371       1.0546e-08       -0.3002 
16692.4468       22360.9371       1.5818e-08       -0.4504 
16692.4468       22360.9371       2.1091e-08       -0.6005 
16692.4468       22360.9371       2.6364e-08       -0.7507 
16692.4468       22360.9371       3.1637e-08       -0.9010 
16692.4468       22360.9371       3.6909e-08       -1.0512 
16692.4468       22360.9371       4.2182e-08       -1.2014 
16692.4468       22360.9371       4.7455e-08       -1.3517 
16692.4468       22360.9371       5.2728e-08       -1.5020 
16692.4468       22360.9371       5.8000e-08       -1.6524 
16692.4468       22360.9371       6.3273e-08       -1.8027 
16692.4468       22360.9371       6.8546e-08       -1.9531 
16692.4468       22360.9371       7.3819e-08       -2.1035 
16692.4468       22360.9371       7.9091e-08       -2.2539 
16692.4468       22360.9371       8.4364e-08       -2.4044 
16692.4468       22360.9371       8.9637e-08       -2.5549 
16692.4468       22360.9371       9.4910e-08       -2.7054 
22360.9371       29953.6672       0.0000e+00       0.0000 
22360.9371       29953.6672       1.5573e-14       -0.0000 
22360.9371       29953.6672       1.1243e-08       -0.1046 
22360.9371       29953.6672       2.2486e-08       -0.2177 
22360.9371       29953.6672       3.3729e-08       -0.3383 
22360.9371       29953.6672       4.4972e-08       -0.4656 
22360.9371       29953.6672       5.6215e-08       -0.5990 
22360.9371       29953.6672       6.7458e-08       -0.7379 
22360.9371       29953.6672       7.8701e-08       -0.8818 
22360.9371       29953.6672       8.9944e-08       -1.0303 
22360.9371       29953.6672       1.0119e-07       -1.1831 
22360.9371       29953.6672       1.1243e-07       -1.3398 
22360.9371       29953.6672       1.2367e-07       -1.5000 
22360.9371       29953.6672       1.3492e-07       -1.6637 
22360.9371       29953.6672       1.4616e-07       -1.8305 
22360.9371       29953.6672       1.5740e-07       -2.0002 
22360.9371       29953.6672       1.6864e-07       -2.1726 
22360.9371       29953.6672       1.7989e-07       -2.3476 
22360.9371       29953.6672       1.9113e-07       -2.5251 
22360.9371       29953.6672       2.0237e-07       -2.7048 
29953.6672       40124.5339       0.0000e+00       -0.0000 
29953.6672       40124.5339       2.6723e-16       0.0000 
29953.6672       40124.5339       8.6162e-09       -0.1503 
29953.6672       40124.5339       1.7232e-08       -0.3006 
29953.6672       40124.5339       2.5849e-08       -0.4509 
29953.6672       40124.5339       3.4465e-08       -0.6012 
29953.6672       40124.5339       4.3081e-08       -0.7515 
29953.6672       40124.5339       5.1697e-08       -0.9019 
29953.6672       40124.5339       6.0313e-08       -1.0522 
29953.6672       40124.5339       6.8930e-08       -1.2025 
29953.6672       40124.5339       7.7546e-08       -1.3528 
29953.6672       40124.5339       8.6162e-08       -1.5032 
29953.6672       40124.5339       9.4778e-08       -1.6535 
29953.6672       40124.5339       1.0339e-07       -1.8038 
29953.6672       40124.5339       1.1201e-07       -1.9542 
29953.6672       40124.5339       1.2063e-07       -2.1045 
29953.6672       40124.5339       1.2924e-07       -2.2548 
29953.6672       40124.5339       1.3786e-07       -2.4052 
29953.6672       40124.5339       1.4648e-07       -2.5555 
29953.6672       40124.5339       1.5509e-07       -2.7059 
40124.5339       53748.9519       0.0000e+00       -0.0000 
40124.5339       53748.9519       2.2460e-16       0.0000 
40124.5339       53748.9519       1.4655e-08       -0.1426 
40124.5339       53748.9519       2.9311e-08       -0.2863 
40124.5339       53748.9519       4.3966e-08       -0.4311 
40124.5339       53748.9519       5.8621e-08       -0.5769 
40124.5339       53748.9519       7.3277e-08       -0.7237 
40124.5339       53748.9519       8.7932e-08       -0.8715 
40124.5339       53748.9519       1.0259e-07       -1.0201 
40124.5339       53748.9519       1.1724e-07       -1.1696 
40124.5339       53748.9519       1.3190e-07       -1.3200 
40124.5339       53748.9519       1.4655e-07       -1.4711 
40124.5339       53748.9519       1.6121e-07       -1.6231 
40124.5339       53748.9519       1.7586e-07       -1.7757 
40124.5339       53748.9519       1.9052e-07       -1.9291 
40124.5339       53748.9519       2.0518e-07       -2.0831 
40124.5339       53748.9519       2.1983e-07       -2.2378 
40124.5339       53748.9519       2.3449e-07       -2.3932 
40124.5339       53748.9519       2.4914e-07       -2.5492 
40124.5339       53748.9519       2.6380e-07       -2.7057 
53748.9519       72001.2440       0.0000e+00       0.0000 
53748.9519       72001.2440       1.9189e-16       -0.0000 
53748.9519       72001.2440       1.5633e-08       -0.1502 
53748.9519       72001.2440       3.1266e-08       -0.3005 
53748.9519       72001.2440       4.6899e-08       -0.4507 
53748.9519       72001.2440       6.2532e-08       -0.6010 
53748.9519       72001.2440       7.8165e-08       -0.7512 
53748.9519       72001.2440       9.3798e-08       -0.9015 
53748.9519       72001.2440       1.0943e-07       -1.0518 
53748.9519       72001.2440       1.2506e-07       -1.2021 
53748.9519       72001.2440       1.4070e-07       -1.3524 
53748.9519       72001.2440       1.5633e-07       -1.5028 
53748.9519       72001.2440       1.7196e-07       -1.6531 
53748.9519       72001.2440       1.8760e-07       -1.8035 
53748.9519       72001.2440       2.0323e-07       -1.9539 
53748.9519       72001.2440       2.1886e-07       -2.1042 
53748.9519       72001.2440       2.3449e-07       -2.2546 
53748.9519       72001.2440       2.5013e-07       -2.4050 
53748.9519       72001.2440       2.6576e-07       -2.5555 
53748.9519       72001.2440       2.8139e-07       -2.7059 
72001.2440       96449.5043       0.0000e+00       0.0000 
72001.2440       96449.5043       1.6183e-16       -0.0000 
72001.2440       96449.5043       2.0691e-08       -0.1503 
72001.2440       96449.5043       4.1381e-08       -0.3006 
72001.2440       96449.5043       6.2072e-08       -0.4508 
72001.2440       96449.5043       8.2762e-08       -0.6011 
72001.2440       96449.5043       1.0345e-07       -0.7514 
72001.2440       96449.5043       1.2414e-07       -0.9018 
72001.2440       96449.5043       1.4483e-07       -1.0521 
72001.2440       96449.5043       1.6552e-07       -1.2024 
72001.2440       96449.5043       1.8622e-07       -1.3527 
72001.2440       96449.5043       2.0691e-07       -1.5030 
72001.2440       96449.5043       2.2760e-07       -1.6534 
72001.2440       96449.5043       2.4829e-07       -1.8037 
72001.2440       96449.5043       2.6898e-07       -1.9541 
72001.2440       96449.5043       2.8967e-07       -2.1044 
72001.2440       96449.5043       3.1036e-07       -2.2548 
72001.2440       96449.5043       3.3105e-07       -2.4052 
72001.2440       96449.5043       3.5174e-07       -2.5555 
72001.2440       96449.5043       3.7243e-07       -2.7059 
96449.5043       129199.2522       0.0000e+00       0.0000 
96449.5043       129199.2522       1.2836e-10       -0.0001 
96449.5043       129199.2522       4.2630e-08       -0.0619 
96449.5043       129199.2522       8.5131e-08       -0.1484 
96449.5043       129199.2522       1.2763e-07       -0.2532 
96449.5043       129199.2522       1.7013e-07       -0.3723 
96449.5043       129199.2522       2.1264e-07       -0.5029 
96449.5043       129199.2522       2.5514e-07       -0.6427 
96449.5043       129199.2522       2.9764e-07       -0.7902 
96449.5043       129199.2522       3.4014e-07       -0.9443 
96449.5043       129199.2522       3.8264e-07       -1.1040 
96449.5043       129199.2522       4.2514e-07       -1.2686 
96449.5043       129199.2522       4.6764e-07       -1.4374 
96449.5043       129199.2522       5.1015e-07       -1.6099 
96449.5043       129199.2522       5.5265e-07       -1.7858 
96449.5043       129199.2522       5.9515e-07       -1.9646 
96449.5043       129199.2522       6.3765e-07       -2.1461 
96449.5043       129199.2522       6.8015e-07       -2.3300 
96449.5043       129199.2522       7.2265e-07       -2.5161 
96449.5043       129199.2522       7.6515e-07       -2.7042 
129199.2522       173069.2852       0.0000e+00       0.0000 
129199.2522       173069.2852       1.0517e-10       -0.0004 
129199.2522       173069.2852       3.7111e-08       -0.1507 
129199.2522       173069.2852       7.4116e-08       -0.3010 
129199.2522       173069.2852       1.1112e-07       -0.4513 
129199.2522       173069.2852       1.4813e-07       -0.6016 
129199.2522       173069.2852       1.8513e-07       -0.7519 
129199.2522       173069.2852       2.2214e-07       -0.9022 
129199.2522       173069.2852       2.5914e-07       -1.0526 
129199.2522       173069.2852       2.9615e-07       -1.2029 
129199.2522       173069.2852       3.3316e-07       -1.3532 
129199.2522       173069.2852       3.7016e-07       -1.5035 
129199.2522       173069.2852       4.0717e-07       -1.6538 
129199.2522       173069.2852       4.4417e-07       -1.8041 
129199.2522       173069.2852       4.8118e-07       -1.9544 
129199.2522       173069.2852       5.1818e-07       -2.1047 
129199.2522       173069.2852       5.5519e-07       -2.2550 
129199.2522       173069.2852       5.9220e-07       -2.4053 
129199.2522       173069.2852       6.2920e-07       -2.5556 
129199.2522       173069.2852       6.6621e-07       -2.7059 
173069.2852       231840.8711       0.0000e+00       0.0000 
173069.2852       231840.8711       8.9301e-11       -0.0002 
173069.2852       231840.8711       5.5807e-08       -0.1475 
173069.2852       231840.8711       1.1152e-07       -0.2953 
173069.2852       231840.8711       1.6724e-07       -0.4434 
173069.2852       231840.8711       2.2296e-07       -0.5920 
173069.2852       231840.8711       2.7868e-07       -0.7409 
173069.2852       231840.8711       3.3439e-07       -0.8902 
173069.2852       231840.8711       3.9011e-07       -1.0398 
173069.2852       231840.8711       4.4583e-07       -1.1898 
173069.2852       231840.8711       5.0155e-07       -1.3401 
173069.2852       231840.8711       5.5726e-07       -1.4907 
173069.2852       231840.8711       6.1298e-07       -1.6417 
173069.2852       231840.8711       6.6870e-07       -1.7929 
173069.2852       231840.8711       7.2442e-07       -1.9444 
173069.2852       231840.8711       7.8014e-07       -2.0962 
173069.2852       231840.8711       8.3585e-07       -2.2482 
173069.2852       231840.8711       8.9157e-07       -2.4005 
173069.2852       231840.8711       9.4729e-07       -2.5531 
173069.2852       231840.8711       1.0030e-06       -2.7059 
231840.8711       310563.2050       0.0000e+00       0.0000 
231840.8711       310563.2050       7.5378e-11       -0.0002 
231840.8711       310563.2050       6.7065e-08       -0.1505 
231840.8711       310563.2050       1.3406e-07       -0.3008 
231840.8711       310563.2050       2.0104e-07       -0.4511 
231840.8711       310563.2050       2.6803e-07       -0.6014 
231840.8711       310563.2050       3.3502e-07       -0.7518 
231840.8711       310563.2050       4.0201e-07       -0.9021 
231840.8711       310563.2050       4.6900e-07       -1.0524 
231840.8711       310563.2050       5.3599e-07       -1.2027 
231840.8711       310563.2050       6.0298e-07       -1.3530 
231840.8711       310563.2050       6.6997e-07       -1.5034 
231840.8711       310563.2050       7.3696e-07       -1.6537 
231840.8711       310563.2050       8.0395e-07       -1.8040 
231840.8711       310563.2050       8.7094e-07       -1.9543 
231840.8711       310563.2050       9.3793e-07       -2.1046 
231840.8711       310563.2050       1.0049e-06       -2.2549 
231840.8711       310563.2050       1.0719e-06       -2.4053 
231840.8711       310563.2050       1.1389e-06       -2.5556 
231840.8711       310563.2050       1.2059e-06       -2.7059 
310563.2050       416015.9675       0.0000e+00       0.0000 
310563.2050       416015.9675       6.3884e-11       -0.0001 
310563.2050       416015.9675       9.0660e-08       -0.1503 
310563.2050       416015.9675       1.8126e-07       -0.3007 
310563.2050       416015.9675       2.7185e-07       -0.4510 
310563.2050       416015.9675       3.6245e-07       -0.6013 
310563.2050       416015.9675       4.5304e-07       -0.7516 
310563.2050       416015.9675       5.4364e-07       -0.9020 
310563.2050       416015.9675       6.3423e-07       -1.0523 
310563.2050       416015.9675       7.2483e-07       -1.2026 
310563.2050       416015.9675       8.1542e-07       -1.3529 
310563.2050       416015.9675       9.0602e-07       -1.5033 
310563.2050       416015.9675       9.9662e-07       -1.6536 
310563.2050       416015.9675       1.0872e-06       -1.8039 
310563.2050       416015.9675       1.1778e-06       -1.9543 
310563.2050       416015.9675       1.2684e-06       -2.1046 
310563.2050       416015.9675       1.3590e-06       -2.2549 
310563.2050       416015.9675       1.4496e-06       -2.4052 
310563.2050       416015.9675       1.5402e-06       -2.5556 
310563.2050       416015.9675       1.6308e-06       -2.7059 
416015.9675       557275.5639       0.0000e+00       0.0000 
416015.9675       557275.5639       5.3578e-11       -0.0000 
416015.9675       557275.5639       1.2325e-07       -0.1503 
416015.9675       557275.5639       2.4645e-07       -0.3007 
416015.9675       557275.5639       3.6964e-07       -0.4510 
416015.9675       557275.5639       4.9284e-07       -0.6013 
416015.9675       557275.5639       6.1603e-07       -0.7517 
416015.9675       557275.5639       7.3923e-07       -0.9020 
416015.9675       557275.5639       8.6242e-07       -1.0523 
416015.9675       557275.5639       9.8562e-07       -1.2026 
416015.9675       557275.5639       1.1088e-06       -1.3530 
416015.9675       557275.5639       1.2320e-06       -1.5033 
416015.9675       557275.5639       1.3552e-06       -1.6536 
416015.9675       557275.5639       1.4784e-06       -1.8039 
416015.9675       557275.5639       1.6016e-06       -1.9543 
416015.9675       557275.5639       1.7248e-06       -2.1046 
416015.9675       557275.5639       1.8480e-06       -2.2549 
416015.9675       557275.5639       1.9712e-06       -2.4052 
416015.9675       557275.5639       2.0944e-06       -2.5556 
416015.9675       557275.5639       2.2176e-06       -2.7059 
557275.5639       746517.5120       0.0000e+00       0.0000 
557275.5639       746517.5120       4.4949e-11       -0.0000 
557275.5639       746517.5120       1.6981e-07       -0.1503 
557275.5639       746517.5120       3.3957e-07       -0.3007 
557275.5639       746517.5120       5.0933e-07       -0.4510 
557275.5639       746517.5120       6.7909e-07       -0.6013 
557275.5639       746517.5120       8.4885e-07       -0.7516 
557275.5639       746517.5120       1.0186e-06       -0.9020 
557275.5639       746517.5120       1.1884e-06       -1.0523 
557275.5639       746517.5120       1.3581e-06       -1.2026 
557275.5639       746517.5120       1.5279e-06       -1.3530 
557275.5639       746517.5120       1.6976e-06       -1.5033 
557275.5639       746517.5120       1.8674e-06       -1.6536 
557275.5639       746517.5120       2.0372e-06       -1.8039 
557275.5639       746517.5120       2.2069e-06       -1.9543 
557275.5639       746517.5120       2.3767e-06       -2.1046 
557275.5639       746517.5120       2.5464e-06       -2.2549 
557275.5639       746517.5120       2.7162e-06       -2.4052 
557275.5639       746517.5120       2.8860e-06       -2.5556 
557275.5639       746517.5120       3.0557e-06       -2.7059 
746517.5120       1000000.0000       0.0000e+00       0.0000 
746517.5120       1000000.0000       3.7666e-11       -0.0000 
746517.5120       1000000.0000       2.4504e-07       -0.1503 
746517.5120       1000000.0000       4.9003e-07       -0.3007 
746517.5120       1000000.0000       7.3503e-07       -0.4510 
746517.5120       1000000.0000       9.8003e-07       -0.6013 
746517.5120       1000000.0000       1.2250e-06       -0.7517 
746517.5120       1000000.0000       1.4700e-06       -0.9020 
746517.5120       1000000.0000       1.7150e-06       -1.0523 
746517.5120       1000000.0000       1.9600e-06       -1.2026 
746517.5120       1000000.0000       2.2050e-06       -1.3530 
746517.5120       1000000.0000       2.4500e-06       -1.5033 
746517.5120       1000000.0000       2.6950e-06       -1.6536 
746517.5120       1000000.0000       2.9400e-06       -1.8039 
746517.5120       1000000.0000       3.1850e-06       -1.9543 
746517.5120       1000000.0000       3.4300e-06       -2.1046 
746517.5120       1000000.0000       3.6750e-06       -2.2549 
746517.5120       1000000.0000       3.9200e-06       -2.4052 
746517.5120       1000000.0000       4.1650e-06       -2.5556 
746517.5120       1000000.0000       4.4100e-06       -2.7059 
