#Bootes_3  Log10(Jfactor)=18.650   sigmaJ=0.600 
#[0]emin(MeV) [1]emax(MeV) [2]eflux(MeV/cm^2/s) [3]deltaLogLike 
500.0000       669.7766       0.0000e+00       -1.8283 
500.0000       669.7766       6.4971e-09       -1.4192 
500.0000       669.7766       1.2994e-08       -1.0680 
500.0000       669.7766       1.9491e-08       -0.7716 
500.0000       669.7766       2.5988e-08       -0.5270 
500.0000       669.7766       3.2486e-08       -0.3318 
500.0000       669.7766       3.8983e-08       -0.1835 
500.0000       669.7766       4.5480e-08       -0.0800 
500.0000       669.7766       5.1977e-08       -0.0194 
500.0000       669.7766       5.8474e-08       0.0000 
500.0000       669.7766       6.6655e-08       -0.0315 
500.0000       669.7766       7.4835e-08       -0.1227 
500.0000       669.7766       8.3016e-08       -0.2708 
500.0000       669.7766       9.1196e-08       -0.4733 
500.0000       669.7766       9.9377e-08       -0.7281 
500.0000       669.7766       1.0756e-07       -1.0329 
500.0000       669.7766       1.1574e-07       -1.3860 
500.0000       669.7766       1.2392e-07       -1.7855 
500.0000       669.7766       1.3210e-07       -2.2297 
500.0000       669.7766       1.4028e-07       -2.7172 
669.7766       897.2222       0.0000e+00       -1.1807 
669.7766       897.2222       3.9890e-09       -0.9145 
669.7766       897.2222       7.9781e-09       -0.6870 
669.7766       897.2222       1.1967e-08       -0.4956 
669.7766       897.2222       1.5956e-08       -0.3382 
669.7766       897.2222       1.9945e-08       -0.2129 
669.7766       897.2222       2.3934e-08       -0.1179 
669.7766       897.2222       2.7923e-08       -0.0517 
669.7766       897.2222       3.1912e-08       -0.0128 
669.7766       897.2222       3.5901e-08       0.0000 
669.7766       897.2222       4.2432e-08       -0.0322 
669.7766       897.2222       4.8963e-08       -0.1264 
669.7766       897.2222       5.5494e-08       -0.2787 
669.7766       897.2222       6.2025e-08       -0.4854 
669.7766       897.2222       6.8556e-08       -0.7434 
669.7766       897.2222       7.5088e-08       -1.0498 
669.7766       897.2222       8.1619e-08       -1.4021 
669.7766       897.2222       8.8150e-08       -1.7979 
669.7766       897.2222       9.4681e-08       -2.2353 
669.7766       897.2222       1.0121e-07       -2.7122 
897.2222       1201.8769       0.0000e+00       0.0000 
897.2222       1201.8769       6.1456e-11       -0.0001 
897.2222       1201.8769       3.3230e-09       -0.0159 
897.2222       1201.8769       6.5845e-09       -0.0517 
897.2222       1201.8769       9.8461e-09       -0.1063 
897.2222       1201.8769       1.3108e-08       -0.1789 
897.2222       1201.8769       1.6369e-08       -0.2685 
897.2222       1201.8769       1.9631e-08       -0.3745 
897.2222       1201.8769       2.2892e-08       -0.4960 
897.2222       1201.8769       2.6154e-08       -0.6325 
897.2222       1201.8769       2.9415e-08       -0.7833 
897.2222       1201.8769       3.2677e-08       -0.9478 
897.2222       1201.8769       3.5938e-08       -1.1256 
897.2222       1201.8769       3.9200e-08       -1.3161 
897.2222       1201.8769       4.2462e-08       -1.5189 
897.2222       1201.8769       4.5723e-08       -1.7336 
897.2222       1201.8769       4.8985e-08       -1.9598 
897.2222       1201.8769       5.2246e-08       -2.1971 
897.2222       1201.8769       5.5508e-08       -2.4452 
897.2222       1201.8769       5.8769e-08       -2.7037 
1201.8769       1609.9782       0.0000e+00       0.0000 
1201.8769       1609.9782       5.7863e-12       -0.0000 
1201.8769       1609.9782       2.3581e-09       -0.0208 
1201.8769       1609.9782       4.7104e-09       -0.0648 
1201.8769       1609.9782       7.0626e-09       -0.1293 
1201.8769       1609.9782       9.4149e-09       -0.2124 
1201.8769       1609.9782       1.1767e-08       -0.3123 
1201.8769       1609.9782       1.4119e-08       -0.4277 
1201.8769       1609.9782       1.6472e-08       -0.5573 
1201.8769       1609.9782       1.8824e-08       -0.7001 
1201.8769       1609.9782       2.1176e-08       -0.8552 
1201.8769       1609.9782       2.3529e-08       -1.0219 
1201.8769       1609.9782       2.5881e-08       -1.1994 
1201.8769       1609.9782       2.8233e-08       -1.3872 
1201.8769       1609.9782       3.0585e-08       -1.5847 
1201.8769       1609.9782       3.2938e-08       -1.7915 
1201.8769       1609.9782       3.5290e-08       -2.0070 
1201.8769       1609.9782       3.7642e-08       -2.2309 
1201.8769       1609.9782       3.9995e-08       -2.4628 
1201.8769       1609.9782       4.2347e-08       -2.7024 
1609.9782       2156.6516       0.0000e+00       0.0000 
1609.9782       2156.6516       3.6161e-13       -0.0000 
1609.9782       2156.6516       1.8322e-09       -0.0989 
1609.9782       2156.6516       3.6640e-09       -0.2055 
1609.9782       2156.6516       5.4957e-09       -0.3194 
1609.9782       2156.6516       7.3275e-09       -0.4402 
1609.9782       2156.6516       9.1593e-09       -0.5676 
1609.9782       2156.6516       1.0991e-08       -0.7012 
1609.9782       2156.6516       1.2823e-08       -0.8408 
1609.9782       2156.6516       1.4655e-08       -0.9861 
1609.9782       2156.6516       1.6487e-08       -1.1368 
1609.9782       2156.6516       1.8318e-08       -1.2928 
1609.9782       2156.6516       2.0150e-08       -1.4537 
1609.9782       2156.6516       2.1982e-08       -1.6195 
1609.9782       2156.6516       2.3814e-08       -1.7898 
1609.9782       2156.6516       2.5645e-08       -1.9646 
1609.9782       2156.6516       2.7477e-08       -2.1437 
1609.9782       2156.6516       2.9309e-08       -2.3269 
1609.9782       2156.6516       3.1141e-08       -2.5141 
1609.9782       2156.6516       3.2973e-08       -2.7052 
2156.6516       2889.0164       0.0000e+00       -0.0063 
2156.6516       2889.0164       6.3651e-10       -0.0015 
2156.6516       2889.0164       3.3886e-09       0.0000 
2156.6516       2889.0164       6.1407e-09       -0.0268 
2156.6516       2889.0164       8.8927e-09       -0.0786 
2156.6516       2889.0164       1.1645e-08       -0.1527 
2156.6516       2889.0164       1.4397e-08       -0.2469 
2156.6516       2889.0164       1.7149e-08       -0.3592 
2156.6516       2889.0164       1.9901e-08       -0.4882 
2156.6516       2889.0164       2.2653e-08       -0.6324 
2156.6516       2889.0164       2.5405e-08       -0.7906 
2156.6516       2889.0164       2.8157e-08       -0.9618 
2156.6516       2889.0164       3.0909e-08       -1.1451 
2156.6516       2889.0164       3.3661e-08       -1.3396 
2156.6516       2889.0164       3.6414e-08       -1.5447 
2156.6516       2889.0164       3.9166e-08       -1.7596 
2156.6516       2889.0164       4.1918e-08       -1.9839 
2156.6516       2889.0164       4.4670e-08       -2.2169 
2156.6516       2889.0164       4.7422e-08       -2.4583 
2156.6516       2889.0164       5.0174e-08       -2.7075 
2889.0164       3869.9914       0.0000e+00       0.0000 
2889.0164       3869.9914       2.5320e-10       -0.0023 
2889.0164       3869.9914       2.2371e-09       -0.0402 
2889.0164       3869.9914       4.2209e-09       -0.1071 
2889.0164       3869.9914       6.2048e-09       -0.1960 
2889.0164       3869.9914       8.1886e-09       -0.3025 
2889.0164       3869.9914       1.0173e-08       -0.4234 
2889.0164       3869.9914       1.2156e-08       -0.5564 
2889.0164       3869.9914       1.4140e-08       -0.6997 
2889.0164       3869.9914       1.6124e-08       -0.8519 
2889.0164       3869.9914       1.8108e-08       -1.0121 
2889.0164       3869.9914       2.0092e-08       -1.1794 
2889.0164       3869.9914       2.2076e-08       -1.3530 
2889.0164       3869.9914       2.4060e-08       -1.5323 
2889.0164       3869.9914       2.6043e-08       -1.7168 
2889.0164       3869.9914       2.8027e-08       -1.9061 
2889.0164       3869.9914       3.0011e-08       -2.0999 
2889.0164       3869.9914       3.1995e-08       -2.2978 
2889.0164       3869.9914       3.3979e-08       -2.4995 
2889.0164       3869.9914       3.5963e-08       -2.7048 
3869.9914       5184.0598       0.0000e+00       0.0000 
3869.9914       5184.0598       2.0711e-14       -0.0000 
3869.9914       5184.0598       2.3266e-09       -0.0988 
3869.9914       5184.0598       4.6532e-09       -0.2080 
3869.9914       5184.0598       6.9798e-09       -0.3263 
3869.9914       5184.0598       9.3064e-09       -0.4523 
3869.9914       5184.0598       1.1633e-08       -0.5852 
3869.9914       5184.0598       1.3960e-08       -0.7240 
3869.9914       5184.0598       1.6286e-08       -0.8683 
3869.9914       5184.0598       1.8613e-08       -1.0175 
3869.9914       5184.0598       2.0939e-08       -1.1711 
3869.9914       5184.0598       2.3266e-08       -1.3288 
3869.9914       5184.0598       2.5592e-08       -1.4902 
3869.9914       5184.0598       2.7919e-08       -1.6551 
3869.9914       5184.0598       3.0246e-08       -1.8232 
3869.9914       5184.0598       3.2572e-08       -1.9943 
3869.9914       5184.0598       3.4899e-08       -2.1682 
3869.9914       5184.0598       3.7225e-08       -2.3448 
3869.9914       5184.0598       3.9552e-08       -2.5239 
3869.9914       5184.0598       4.1879e-08       -2.7053 
5184.0598       6944.3244       0.0000e+00       0.0000 
5184.0598       6944.3244       5.8526e-17       -0.0000 
5184.0598       6944.3244       2.3951e-09       -0.1357 
5184.0598       6944.3244       4.7902e-09       -0.2736 
5184.0598       6944.3244       7.1853e-09       -0.4135 
5184.0598       6944.3244       9.5804e-09       -0.5553 
5184.0598       6944.3244       1.1976e-08       -0.6989 
5184.0598       6944.3244       1.4371e-08       -0.8443 
5184.0598       6944.3244       1.6766e-08       -0.9915 
5184.0598       6944.3244       1.9161e-08       -1.1402 
5184.0598       6944.3244       2.1556e-08       -1.2906 
5184.0598       6944.3244       2.3951e-08       -1.4424 
5184.0598       6944.3244       2.6346e-08       -1.5957 
5184.0598       6944.3244       2.8741e-08       -1.7504 
5184.0598       6944.3244       3.1136e-08       -1.9065 
5184.0598       6944.3244       3.3532e-08       -2.0639 
5184.0598       6944.3244       3.5927e-08       -2.2226 
5184.0598       6944.3244       3.8322e-08       -2.3825 
5184.0598       6944.3244       4.0717e-08       -2.5436 
5184.0598       6944.3244       4.3112e-08       -2.7058 
6944.3244       9302.5069       0.0000e+00       0.0000 
6944.3244       9302.5069       1.8410e-17       -0.0000 
6944.3244       9302.5069       2.3096e-09       -0.1418 
6944.3244       9302.5069       4.6191e-09       -0.2849 
6944.3244       9302.5069       6.9287e-09       -0.4292 
6944.3244       9302.5069       9.2382e-09       -0.5746 
6944.3244       9302.5069       1.1548e-08       -0.7212 
6944.3244       9302.5069       1.3857e-08       -0.8688 
6944.3244       9302.5069       1.6167e-08       -1.0174 
6944.3244       9302.5069       1.8476e-08       -1.1669 
6944.3244       9302.5069       2.0786e-08       -1.3174 
6944.3244       9302.5069       2.3096e-08       -1.4686 
6944.3244       9302.5069       2.5405e-08       -1.6207 
6944.3244       9302.5069       2.7715e-08       -1.7736 
6944.3244       9302.5069       3.0024e-08       -1.9272 
6944.3244       9302.5069       3.2334e-08       -2.0816 
6944.3244       9302.5069       3.4643e-08       -2.2366 
6944.3244       9302.5069       3.6953e-08       -2.3923 
6944.3244       9302.5069       3.9262e-08       -2.5487 
6944.3244       9302.5069       4.1572e-08       -2.7056 
9302.5069       12461.2038       0.0000e+00       0.0000 
9302.5069       12461.2038       7.6500e-12       -0.0003 
9302.5069       12461.2038       3.3262e-09       -0.1375 
9302.5069       12461.2038       6.6448e-09       -0.2768 
9302.5069       12461.2038       9.9634e-09       -0.4181 
9302.5069       12461.2038       1.3282e-08       -0.5614 
9302.5069       12461.2038       1.6601e-08       -0.7063 
9302.5069       12461.2038       1.9919e-08       -0.8529 
9302.5069       12461.2038       2.3238e-08       -1.0009 
9302.5069       12461.2038       2.6556e-08       -1.1504 
9302.5069       12461.2038       2.9875e-08       -1.3011 
9302.5069       12461.2038       3.3194e-08       -1.4531 
9302.5069       12461.2038       3.6512e-08       -1.6062 
9302.5069       12461.2038       3.9831e-08       -1.7605 
9302.5069       12461.2038       4.3149e-08       -1.9157 
9302.5069       12461.2038       4.6468e-08       -2.0720 
9302.5069       12461.2038       4.9786e-08       -2.2291 
9302.5069       12461.2038       5.3105e-08       -2.3872 
9302.5069       12461.2038       5.6424e-08       -2.5461 
9302.5069       12461.2038       5.9742e-08       -2.7058 
12461.2038       16692.4468       0.0000e+00       0.0000 
12461.2038       16692.4468       3.1852e-12       -0.0000 
12461.2038       16692.4468       5.8666e-09       -0.0626 
12461.2038       16692.4468       1.1730e-08       -0.1483 
12461.2038       16692.4468       1.7593e-08       -0.2515 
12461.2038       16692.4468       2.3457e-08       -0.3686 
12461.2038       16692.4468       2.9320e-08       -0.4971 
12461.2038       16692.4468       3.5184e-08       -0.6350 
12461.2038       16692.4468       4.1047e-08       -0.7809 
12461.2038       16692.4468       4.6910e-08       -0.9337 
12461.2038       16692.4468       5.2774e-08       -1.0924 
12461.2038       16692.4468       5.8637e-08       -1.2563 
12461.2038       16692.4468       6.4500e-08       -1.4249 
12461.2038       16692.4468       7.0364e-08       -1.5977 
12461.2038       16692.4468       7.6227e-08       -1.7742 
12461.2038       16692.4468       8.2091e-08       -1.9541 
12461.2038       16692.4468       8.7954e-08       -2.1372 
12461.2038       16692.4468       9.3817e-08       -2.3231 
12461.2038       16692.4468       9.9681e-08       -2.5116 
12461.2038       16692.4468       1.0554e-07       -2.7026 
16692.4468       22360.9371       0.0000e+00       0.0000 
16692.4468       22360.9371       1.3252e-12       -0.0000 
16692.4468       22360.9371       4.6782e-09       -0.1493 
16692.4468       22360.9371       9.3551e-09       -0.2986 
16692.4468       22360.9371       1.4032e-08       -0.4482 
16692.4468       22360.9371       1.8709e-08       -0.5978 
16692.4468       22360.9371       2.3386e-08       -0.7476 
16692.4468       22360.9371       2.8063e-08       -0.8975 
16692.4468       22360.9371       3.2740e-08       -1.0475 
16692.4468       22360.9371       3.7417e-08       -1.1977 
16692.4468       22360.9371       4.2093e-08       -1.3480 
16692.4468       22360.9371       4.6770e-08       -1.4984 
16692.4468       22360.9371       5.1447e-08       -1.6489 
16692.4468       22360.9371       5.6124e-08       -1.7996 
16692.4468       22360.9371       6.0801e-08       -1.9504 
16692.4468       22360.9371       6.5478e-08       -2.1012 
16692.4468       22360.9371       7.0155e-08       -2.2522 
16692.4468       22360.9371       7.4832e-08       -2.4033 
16692.4468       22360.9371       7.9509e-08       -2.5546 
16692.4468       22360.9371       8.4186e-08       -2.7059 
22360.9371       29953.6672       0.0000e+00       0.0000 
22360.9371       29953.6672       5.5132e-13       -0.0000 
22360.9371       29953.6672       5.4978e-09       -0.1503 
22360.9371       29953.6672       1.0995e-08       -0.3007 
22360.9371       29953.6672       1.6492e-08       -0.4510 
22360.9371       29953.6672       2.1990e-08       -0.6013 
22360.9371       29953.6672       2.7487e-08       -0.7516 
22360.9371       29953.6672       3.2984e-08       -0.9020 
22360.9371       29953.6672       3.8481e-08       -1.0523 
22360.9371       29953.6672       4.3979e-08       -1.2026 
22360.9371       29953.6672       4.9476e-08       -1.3530 
22360.9371       29953.6672       5.4973e-08       -1.5033 
22360.9371       29953.6672       6.0471e-08       -1.6536 
22360.9371       29953.6672       6.5968e-08       -1.8039 
22360.9371       29953.6672       7.1465e-08       -1.9543 
22360.9371       29953.6672       7.6962e-08       -2.1046 
22360.9371       29953.6672       8.2460e-08       -2.2549 
22360.9371       29953.6672       8.7957e-08       -2.4052 
22360.9371       29953.6672       9.3454e-08       -2.5556 
22360.9371       29953.6672       9.8951e-08       -2.7059 
29953.6672       40124.5339       0.0000e+00       -0.5171 
29953.6672       40124.5339       2.5488e-14       -0.5171 
29953.6672       40124.5339       5.0976e-14       -0.5171 
29953.6672       40124.5339       7.6463e-14       -0.5171 
29953.6672       40124.5339       1.0195e-13       -0.5171 
29953.6672       40124.5339       1.2744e-13       -0.5171 
29953.6672       40124.5339       1.5293e-13       -0.5171 
29953.6672       40124.5339       1.7841e-13       -0.5171 
29953.6672       40124.5339       2.0390e-13       -0.5171 
29953.6672       40124.5339       2.2939e-13       -0.5171 
29953.6672       40124.5339       2.5393e-08       0.0000 
29953.6672       40124.5339       5.0785e-08       -0.0109 
29953.6672       40124.5339       7.6178e-08       -0.1877 
29953.6672       40124.5339       1.0157e-07       -0.4470 
29953.6672       40124.5339       1.2696e-07       -0.7561 
29953.6672       40124.5339       1.5236e-07       -1.0984 
29953.6672       40124.5339       1.7775e-07       -1.4646 
29953.6672       40124.5339       2.0314e-07       -1.8488 
29953.6672       40124.5339       2.2853e-07       -2.2472 
29953.6672       40124.5339       2.5393e-07       -2.6569 
40124.5339       53748.9519       0.0000e+00       -0.0000 
40124.5339       53748.9519       9.5426e-14       0.0000 
40124.5339       53748.9519       1.0067e-08       -0.1498 
40124.5339       53748.9519       2.0134e-08       -0.2997 
40124.5339       53748.9519       3.0201e-08       -0.4497 
40124.5339       53748.9519       4.0268e-08       -0.5997 
40124.5339       53748.9519       5.0335e-08       -0.7498 
40124.5339       53748.9519       6.0402e-08       -0.9000 
40124.5339       53748.9519       7.0469e-08       -1.0502 
40124.5339       53748.9519       8.0536e-08       -1.2004 
40124.5339       53748.9519       9.0603e-08       -1.3507 
40124.5339       53748.9519       1.0067e-07       -1.5011 
40124.5339       53748.9519       1.1074e-07       -1.6515 
40124.5339       53748.9519       1.2080e-07       -1.8020 
40124.5339       53748.9519       1.3087e-07       -1.9525 
40124.5339       53748.9519       1.4094e-07       -2.1031 
40124.5339       53748.9519       1.5101e-07       -2.2537 
40124.5339       53748.9519       1.6107e-07       -2.4044 
40124.5339       53748.9519       1.7114e-07       -2.5551 
40124.5339       53748.9519       1.8121e-07       -2.7059 
53748.9519       72001.2440       0.0000e+00       0.0000 
53748.9519       72001.2440       3.9702e-14       -0.0000 
53748.9519       72001.2440       1.2803e-08       -0.1503 
53748.9519       72001.2440       2.5606e-08       -0.3007 
53748.9519       72001.2440       3.8408e-08       -0.4510 
53748.9519       72001.2440       5.1211e-08       -0.6013 
53748.9519       72001.2440       6.4014e-08       -0.7516 
53748.9519       72001.2440       7.6817e-08       -0.9020 
53748.9519       72001.2440       8.9619e-08       -1.0523 
53748.9519       72001.2440       1.0242e-07       -1.2026 
53748.9519       72001.2440       1.1522e-07       -1.3530 
53748.9519       72001.2440       1.2803e-07       -1.5033 
53748.9519       72001.2440       1.4083e-07       -1.6536 
53748.9519       72001.2440       1.5363e-07       -1.8039 
53748.9519       72001.2440       1.6644e-07       -1.9543 
53748.9519       72001.2440       1.7924e-07       -2.1046 
53748.9519       72001.2440       1.9204e-07       -2.2549 
53748.9519       72001.2440       2.0484e-07       -2.4052 
53748.9519       72001.2440       2.1765e-07       -2.5556 
53748.9519       72001.2440       2.3045e-07       -2.7059 
72001.2440       96449.5043       0.0000e+00       0.0000 
72001.2440       96449.5043       1.6515e-14       -0.0000 
72001.2440       96449.5043       1.7387e-08       -0.1503 
72001.2440       96449.5043       3.4773e-08       -0.3006 
72001.2440       96449.5043       5.2160e-08       -0.4509 
72001.2440       96449.5043       6.9546e-08       -0.6012 
72001.2440       96449.5043       8.6933e-08       -0.7516 
72001.2440       96449.5043       1.0432e-07       -0.9019 
72001.2440       96449.5043       1.2171e-07       -1.0522 
72001.2440       96449.5043       1.3909e-07       -1.2025 
72001.2440       96449.5043       1.5648e-07       -1.3529 
72001.2440       96449.5043       1.7387e-07       -1.5032 
72001.2440       96449.5043       1.9125e-07       -1.6535 
72001.2440       96449.5043       2.0864e-07       -1.8038 
72001.2440       96449.5043       2.2603e-07       -1.9542 
72001.2440       96449.5043       2.4341e-07       -2.1045 
72001.2440       96449.5043       2.6080e-07       -2.2549 
72001.2440       96449.5043       2.7819e-07       -2.4052 
72001.2440       96449.5043       2.9557e-07       -2.5556 
72001.2440       96449.5043       3.1296e-07       -2.7059 
96449.5043       129199.2522       0.0000e+00       -0.0000 
96449.5043       129199.2522       6.8707e-15       0.0000 
96449.5043       129199.2522       2.3135e-08       -0.1503 
96449.5043       129199.2522       4.6270e-08       -0.3007 
96449.5043       129199.2522       6.9405e-08       -0.4510 
96449.5043       129199.2522       9.2540e-08       -0.6013 
96449.5043       129199.2522       1.1568e-07       -0.7516 
96449.5043       129199.2522       1.3881e-07       -0.9020 
96449.5043       129199.2522       1.6195e-07       -1.0523 
96449.5043       129199.2522       1.8508e-07       -1.2026 
96449.5043       129199.2522       2.0822e-07       -1.3530 
96449.5043       129199.2522       2.3135e-07       -1.5033 
96449.5043       129199.2522       2.5449e-07       -1.6536 
96449.5043       129199.2522       2.7762e-07       -1.8039 
96449.5043       129199.2522       3.0076e-07       -1.9543 
96449.5043       129199.2522       3.2389e-07       -2.1046 
96449.5043       129199.2522       3.4703e-07       -2.2549 
96449.5043       129199.2522       3.7016e-07       -2.4052 
96449.5043       129199.2522       3.9330e-07       -2.5556 
96449.5043       129199.2522       4.1643e-07       -2.7059 
129199.2522       173069.2852       0.0000e+00       -0.0000 
129199.2522       173069.2852       2.8584e-15       0.0000 
129199.2522       173069.2852       3.1164e-08       -0.1503 
129199.2522       173069.2852       6.2327e-08       -0.3007 
129199.2522       173069.2852       9.3491e-08       -0.4510 
129199.2522       173069.2852       1.2465e-07       -0.6013 
129199.2522       173069.2852       1.5582e-07       -0.7516 
129199.2522       173069.2852       1.8698e-07       -0.9020 
129199.2522       173069.2852       2.1814e-07       -1.0523 
129199.2522       173069.2852       2.4931e-07       -1.2026 
129199.2522       173069.2852       2.8047e-07       -1.3529 
129199.2522       173069.2852       3.1164e-07       -1.5033 
129199.2522       173069.2852       3.4280e-07       -1.6536 
129199.2522       173069.2852       3.7396e-07       -1.8039 
129199.2522       173069.2852       4.0513e-07       -1.9543 
129199.2522       173069.2852       4.3629e-07       -2.1046 
129199.2522       173069.2852       4.6745e-07       -2.2549 
129199.2522       173069.2852       4.9862e-07       -2.4052 
129199.2522       173069.2852       5.2978e-07       -2.5556 
129199.2522       173069.2852       5.6094e-07       -2.7059 
173069.2852       231840.8711       0.0000e+00       -0.0000 
173069.2852       231840.8711       1.1892e-15       0.0000 
173069.2852       231840.8711       4.8719e-08       -0.1445 
173069.2852       231840.8711       9.7437e-08       -0.2899 
173069.2852       231840.8711       1.4616e-07       -0.4361 
173069.2852       231840.8711       1.9487e-07       -0.5831 
173069.2852       231840.8711       2.4359e-07       -0.7309 
173069.2852       231840.8711       2.9231e-07       -0.8793 
173069.2852       231840.8711       3.4103e-07       -1.0285 
173069.2852       231840.8711       3.8975e-07       -1.1783 
173069.2852       231840.8711       4.3847e-07       -1.3287 
173069.2852       231840.8711       4.8719e-07       -1.4797 
173069.2852       231840.8711       5.3590e-07       -1.6312 
173069.2852       231840.8711       5.8462e-07       -1.7833 
173069.2852       231840.8711       6.3334e-07       -1.9359 
173069.2852       231840.8711       6.8206e-07       -2.0889 
173069.2852       231840.8711       7.3078e-07       -2.2425 
173069.2852       231840.8711       7.7950e-07       -2.3964 
173069.2852       231840.8711       8.2822e-07       -2.5508 
173069.2852       231840.8711       8.7693e-07       -2.7056 
231840.8711       310563.2050       0.0000e+00       -0.0000 
231840.8711       310563.2050       4.9469e-16       0.0000 
231840.8711       310563.2050       5.6211e-08       -0.1503 
231840.8711       310563.2050       1.1242e-07       -0.3007 
231840.8711       310563.2050       1.6863e-07       -0.4510 
231840.8711       310563.2050       2.2484e-07       -0.6013 
231840.8711       310563.2050       2.8106e-07       -0.7516 
231840.8711       310563.2050       3.3727e-07       -0.9020 
231840.8711       310563.2050       3.9348e-07       -1.0523 
231840.8711       310563.2050       4.4969e-07       -1.2026 
231840.8711       310563.2050       5.0590e-07       -1.3529 
231840.8711       310563.2050       5.6211e-07       -1.5033 
231840.8711       310563.2050       6.1832e-07       -1.6536 
231840.8711       310563.2050       6.7453e-07       -1.8039 
231840.8711       310563.2050       7.3074e-07       -1.9543 
231840.8711       310563.2050       7.8695e-07       -2.1046 
231840.8711       310563.2050       8.4317e-07       -2.2549 
231840.8711       310563.2050       8.9938e-07       -2.4052 
231840.8711       310563.2050       9.5559e-07       -2.5556 
231840.8711       310563.2050       1.0118e-06       -2.7059 
310563.2050       416015.9675       0.0000e+00       -0.0000 
310563.2050       416015.9675       2.0581e-16       0.0000 
310563.2050       416015.9675       7.5663e-08       -0.1503 
310563.2050       416015.9675       1.5133e-07       -0.3007 
310563.2050       416015.9675       2.2699e-07       -0.4510 
310563.2050       416015.9675       3.0265e-07       -0.6013 
310563.2050       416015.9675       3.7831e-07       -0.7516 
310563.2050       416015.9675       4.5398e-07       -0.9020 
310563.2050       416015.9675       5.2964e-07       -1.0523 
310563.2050       416015.9675       6.0530e-07       -1.2026 
310563.2050       416015.9675       6.8097e-07       -1.3529 
310563.2050       416015.9675       7.5663e-07       -1.5033 
310563.2050       416015.9675       8.3229e-07       -1.6536 
310563.2050       416015.9675       9.0795e-07       -1.8039 
310563.2050       416015.9675       9.8362e-07       -1.9543 
310563.2050       416015.9675       1.0593e-06       -2.1046 
310563.2050       416015.9675       1.1349e-06       -2.2549 
310563.2050       416015.9675       1.2106e-06       -2.4052 
310563.2050       416015.9675       1.2863e-06       -2.5556 
310563.2050       416015.9675       1.3619e-06       -2.7059 
416015.9675       557275.5639       0.0000e+00       -0.0000 
416015.9675       557275.5639       8.5621e-17       0.0000 
416015.9675       557275.5639       1.0266e-07       -0.1503 
416015.9675       557275.5639       2.0532e-07       -0.3007 
416015.9675       557275.5639       3.0797e-07       -0.4510 
416015.9675       557275.5639       4.1063e-07       -0.6013 
416015.9675       557275.5639       5.1329e-07       -0.7516 
416015.9675       557275.5639       6.1595e-07       -0.9020 
416015.9675       557275.5639       7.1860e-07       -1.0523 
416015.9675       557275.5639       8.2126e-07       -1.2026 
416015.9675       557275.5639       9.2392e-07       -1.3530 
416015.9675       557275.5639       1.0266e-06       -1.5033 
416015.9675       557275.5639       1.1292e-06       -1.6536 
416015.9675       557275.5639       1.2319e-06       -1.8039 
416015.9675       557275.5639       1.3345e-06       -1.9543 
416015.9675       557275.5639       1.4372e-06       -2.1046 
416015.9675       557275.5639       1.5399e-06       -2.2549 
416015.9675       557275.5639       1.6425e-06       -2.4052 
416015.9675       557275.5639       1.7452e-06       -2.5556 
416015.9675       557275.5639       1.8478e-06       -2.7059 
557275.5639       746517.5120       0.0000e+00       -0.0000 
557275.5639       746517.5120       3.5622e-17       0.0000 
557275.5639       746517.5120       1.4280e-07       -0.1503 
557275.5639       746517.5120       2.8560e-07       -0.3006 
557275.5639       746517.5120       4.2839e-07       -0.4509 
557275.5639       746517.5120       5.7119e-07       -0.6012 
557275.5639       746517.5120       7.1399e-07       -0.7515 
557275.5639       746517.5120       8.5679e-07       -0.9018 
557275.5639       746517.5120       9.9958e-07       -1.0521 
557275.5639       746517.5120       1.1424e-06       -1.2024 
557275.5639       746517.5120       1.2852e-06       -1.3527 
557275.5639       746517.5120       1.4280e-06       -1.5031 
557275.5639       746517.5120       1.5708e-06       -1.6534 
557275.5639       746517.5120       1.7136e-06       -1.8037 
557275.5639       746517.5120       1.8564e-06       -1.9541 
557275.5639       746517.5120       1.9992e-06       -2.1044 
557275.5639       746517.5120       2.1420e-06       -2.2548 
557275.5639       746517.5120       2.2848e-06       -2.4052 
557275.5639       746517.5120       2.4276e-06       -2.5555 
557275.5639       746517.5120       2.5704e-06       -2.7059 
746517.5120       1000000.0000       0.0000e+00       -0.0000 
746517.5120       1000000.0000       1.4818e-17       0.0000 
746517.5120       1000000.0000       2.0105e-07       -0.1503 
746517.5120       1000000.0000       4.0210e-07       -0.3007 
746517.5120       1000000.0000       6.0315e-07       -0.4510 
746517.5120       1000000.0000       8.0420e-07       -0.6013 
746517.5120       1000000.0000       1.0052e-06       -0.7516 
746517.5120       1000000.0000       1.2063e-06       -0.9020 
746517.5120       1000000.0000       1.4073e-06       -1.0523 
746517.5120       1000000.0000       1.6084e-06       -1.2026 
746517.5120       1000000.0000       1.8094e-06       -1.3529 
746517.5120       1000000.0000       2.0105e-06       -1.5033 
746517.5120       1000000.0000       2.2115e-06       -1.6536 
746517.5120       1000000.0000       2.4126e-06       -1.8039 
746517.5120       1000000.0000       2.6136e-06       -1.9543 
746517.5120       1000000.0000       2.8147e-06       -2.1046 
746517.5120       1000000.0000       3.0157e-06       -2.2549 
746517.5120       1000000.0000       3.2168e-06       -2.4052 
746517.5120       1000000.0000       3.4178e-06       -2.5556 
746517.5120       1000000.0000       3.6189e-06       -2.7059 
