#Pisces_2  Log10(Jfactor)=17.300   sigmaJ=1.045 
#[0]emin(MeV) [1]emax(MeV) [2]eflux(MeV/cm^2/s) [3]deltaLogLike 
500.0000       669.7766       0.0000e+00       -0.0744 
500.0000       669.7766       3.5491e-11       -0.0740 
500.0000       669.7766       7.1965e-09       -0.0232 
500.0000       669.7766       1.4358e-08       0.0000 
500.0000       669.7766       2.1519e-08       -0.0034 
500.0000       669.7766       2.8680e-08       -0.0325 
500.0000       669.7766       3.5841e-08       -0.0862 
500.0000       669.7766       4.3002e-08       -0.1637 
500.0000       669.7766       5.0163e-08       -0.2642 
500.0000       669.7766       5.7324e-08       -0.3869 
500.0000       669.7766       6.4485e-08       -0.5311 
500.0000       669.7766       7.1646e-08       -0.6962 
500.0000       669.7766       7.8807e-08       -0.8815 
500.0000       669.7766       8.5968e-08       -1.0865 
500.0000       669.7766       9.3129e-08       -1.3106 
500.0000       669.7766       1.0029e-07       -1.5534 
500.0000       669.7766       1.0745e-07       -1.8142 
500.0000       669.7766       1.1461e-07       -2.0927 
500.0000       669.7766       1.2177e-07       -2.3884 
500.0000       669.7766       1.2893e-07       -2.7008 
669.7766       897.2222       0.0000e+00       0.0000 
669.7766       897.2222       2.2320e-11       -0.0001 
669.7766       897.2222       4.8918e-09       -0.0281 
669.7766       897.2222       9.7613e-09       -0.0738 
669.7766       897.2222       1.4631e-08       -0.1363 
669.7766       897.2222       1.9500e-08       -0.2149 
669.7766       897.2222       2.4370e-08       -0.3089 
669.7766       897.2222       2.9239e-08       -0.4177 
669.7766       897.2222       3.4109e-08       -0.5407 
669.7766       897.2222       3.8978e-08       -0.6773 
669.7766       897.2222       4.3848e-08       -0.8271 
669.7766       897.2222       4.8717e-08       -0.9896 
669.7766       897.2222       5.3587e-08       -1.1644 
669.7766       897.2222       5.8456e-08       -1.3510 
669.7766       897.2222       6.3326e-08       -1.5492 
669.7766       897.2222       6.8195e-08       -1.7586 
669.7766       897.2222       7.3065e-08       -1.9789 
669.7766       897.2222       7.7934e-08       -2.2097 
669.7766       897.2222       8.2804e-08       -2.4508 
669.7766       897.2222       8.7673e-08       -2.7018 
897.2222       1201.8769       0.0000e+00       -0.4685 
897.2222       1201.8769       3.1291e-08       0.0000 
897.2222       1201.8769       3.6292e-08       -0.0105 
897.2222       1201.8769       4.1293e-08       -0.0411 
897.2222       1201.8769       4.6293e-08       -0.0909 
897.2222       1201.8769       5.1294e-08       -0.1592 
897.2222       1201.8769       5.6295e-08       -0.2451 
897.2222       1201.8769       6.1296e-08       -0.3479 
897.2222       1201.8769       6.6296e-08       -0.4669 
897.2222       1201.8769       7.1297e-08       -0.6016 
897.2222       1201.8769       7.6298e-08       -0.7515 
897.2222       1201.8769       8.1299e-08       -0.9158 
897.2222       1201.8769       8.6299e-08       -1.0943 
897.2222       1201.8769       9.1300e-08       -1.2864 
897.2222       1201.8769       9.6301e-08       -1.4918 
897.2222       1201.8769       1.0130e-07       -1.7099 
897.2222       1201.8769       1.0630e-07       -1.9405 
897.2222       1201.8769       1.1130e-07       -2.1831 
897.2222       1201.8769       1.1630e-07       -2.4375 
897.2222       1201.8769       1.2130e-07       -2.7033 
1201.8769       1609.9782       0.0000e+00       0.0000 
1201.8769       1609.9782       4.8338e-12       -0.0002 
1201.8769       1609.9782       2.9503e-09       -0.1037 
1201.8769       1609.9782       5.8957e-09       -0.2138 
1201.8769       1609.9782       8.8411e-09       -0.3302 
1201.8769       1609.9782       1.1787e-08       -0.4526 
1201.8769       1609.9782       1.4732e-08       -0.5809 
1201.8769       1609.9782       1.7677e-08       -0.7148 
1201.8769       1609.9782       2.0623e-08       -0.8542 
1201.8769       1609.9782       2.3568e-08       -0.9989 
1201.8769       1609.9782       2.6514e-08       -1.1487 
1201.8769       1609.9782       2.9459e-08       -1.3035 
1201.8769       1609.9782       3.2405e-08       -1.4631 
1201.8769       1609.9782       3.5350e-08       -1.6274 
1201.8769       1609.9782       3.8296e-08       -1.7963 
1201.8769       1609.9782       4.1241e-08       -1.9696 
1201.8769       1609.9782       4.4186e-08       -2.1473 
1201.8769       1609.9782       4.7132e-08       -2.3293 
1201.8769       1609.9782       5.0077e-08       -2.5153 
1201.8769       1609.9782       5.3023e-08       -2.7054 
1609.9782       2156.6516       0.0000e+00       0.0000 
1609.9782       2156.6516       3.1376e-11       -0.0001 
1609.9782       2156.6516       3.6668e-09       -0.0254 
1609.9782       2156.6516       7.3022e-09       -0.0723 
1609.9782       2156.6516       1.0938e-08       -0.1388 
1609.9782       2156.6516       1.4573e-08       -0.2231 
1609.9782       2156.6516       1.8208e-08       -0.3237 
1609.9782       2156.6516       2.1844e-08       -0.4394 
1609.9782       2156.6516       2.5479e-08       -0.5690 
1609.9782       2156.6516       2.9114e-08       -0.7116 
1609.9782       2156.6516       3.2750e-08       -0.8664 
1609.9782       2156.6516       3.6385e-08       -1.0325 
1609.9782       2156.6516       4.0021e-08       -1.2094 
1609.9782       2156.6516       4.3656e-08       -1.3963 
1609.9782       2156.6516       4.7291e-08       -1.5927 
1609.9782       2156.6516       5.0927e-08       -1.7983 
1609.9782       2156.6516       5.4562e-08       -2.0124 
1609.9782       2156.6516       5.8198e-08       -2.2347 
1609.9782       2156.6516       6.1833e-08       -2.4649 
1609.9782       2156.6516       6.5468e-08       -2.7025 
2156.6516       2889.0164       0.0000e+00       -0.1696 
2156.6516       2889.0164       9.8862e-09       0.0000 
2156.6516       2889.0164       1.3341e-08       -0.0153 
2156.6516       2889.0164       1.6796e-08       -0.0581 
2156.6516       2889.0164       2.0251e-08       -0.1242 
2156.6516       2889.0164       2.3706e-08       -0.2105 
2156.6516       2889.0164       2.7162e-08       -0.3146 
2156.6516       2889.0164       3.0617e-08       -0.4344 
2156.6516       2889.0164       3.4072e-08       -0.5684 
2156.6516       2889.0164       3.7527e-08       -0.7153 
2156.6516       2889.0164       4.0982e-08       -0.8739 
2156.6516       2889.0164       4.4437e-08       -1.0432 
2156.6516       2889.0164       4.7892e-08       -1.2225 
2156.6516       2889.0164       5.1347e-08       -1.4111 
2156.6516       2889.0164       5.4802e-08       -1.6082 
2156.6516       2889.0164       5.8257e-08       -1.8133 
2156.6516       2889.0164       6.1712e-08       -2.0260 
2156.6516       2889.0164       6.5167e-08       -2.2458 
2156.6516       2889.0164       6.8622e-08       -2.4723 
2156.6516       2889.0164       7.2078e-08       -2.7051 
2889.0164       3869.9914       0.0000e+00       0.0000 
2889.0164       3869.9914       3.0957e-12       -0.0001 
2889.0164       3869.9914       2.7343e-09       -0.0974 
2889.0164       3869.9914       5.4655e-09       -0.2044 
2889.0164       3869.9914       8.1966e-09       -0.3201 
2889.0164       3869.9914       1.0928e-08       -0.4435 
2889.0164       3869.9914       1.3659e-08       -0.5739 
2889.0164       3869.9914       1.6390e-08       -0.7107 
2889.0164       3869.9914       1.9121e-08       -0.8532 
2889.0164       3869.9914       2.1853e-08       -1.0011 
2889.0164       3869.9914       2.4584e-08       -1.1540 
2889.0164       3869.9914       2.7315e-08       -1.3115 
2889.0164       3869.9914       3.0046e-08       -1.4732 
2889.0164       3869.9914       3.2777e-08       -1.6390 
2889.0164       3869.9914       3.5508e-08       -1.8085 
2889.0164       3869.9914       3.8240e-08       -1.9816 
2889.0164       3869.9914       4.0971e-08       -2.1581 
2889.0164       3869.9914       4.3702e-08       -2.3378 
2889.0164       3869.9914       4.6433e-08       -2.5205 
2889.0164       3869.9914       4.9164e-08       -2.7060 
3869.9914       5184.0598       0.0000e+00       0.0000 
3869.9914       5184.0598       2.8846e-13       -0.0000 
3869.9914       5184.0598       2.4841e-09       -0.1265 
3869.9914       5184.0598       4.9680e-09       -0.2571 
3869.9914       5184.0598       7.4518e-09       -0.3915 
3869.9914       5184.0598       9.9356e-09       -0.5293 
3869.9914       5184.0598       1.2419e-08       -0.6702 
3869.9914       5184.0598       1.4903e-08       -0.8141 
3869.9914       5184.0598       1.7387e-08       -0.9605 
3869.9914       5184.0598       1.9871e-08       -1.1095 
3869.9914       5184.0598       2.2355e-08       -1.2608 
3869.9914       5184.0598       2.4839e-08       -1.4142 
3869.9914       5184.0598       2.7322e-08       -1.5696 
3869.9914       5184.0598       2.9806e-08       -1.7269 
3869.9914       5184.0598       3.2290e-08       -1.8860 
3869.9914       5184.0598       3.4774e-08       -2.0468 
3869.9914       5184.0598       3.7258e-08       -2.2093 
3869.9914       5184.0598       3.9742e-08       -2.3732 
3869.9914       5184.0598       4.2225e-08       -2.5386 
3869.9914       5184.0598       4.4709e-08       -2.7054 
5184.0598       6944.3244       0.0000e+00       0.0000 
5184.0598       6944.3244       3.1549e-12       -0.0001 
5184.0598       6944.3244       2.9336e-09       -0.1349 
5184.0598       6944.3244       5.8641e-09       -0.2722 
5184.0598       6944.3244       8.7946e-09       -0.4119 
5184.0598       6944.3244       1.1725e-08       -0.5537 
5184.0598       6944.3244       1.4656e-08       -0.6976 
5184.0598       6944.3244       1.7586e-08       -0.8434 
5184.0598       6944.3244       2.0516e-08       -0.9910 
5184.0598       6944.3244       2.3447e-08       -1.1402 
5184.0598       6944.3244       2.6377e-08       -1.2910 
5184.0598       6944.3244       2.9308e-08       -1.4432 
5184.0598       6944.3244       3.2238e-08       -1.5968 
5184.0598       6944.3244       3.5169e-08       -1.7518 
5184.0598       6944.3244       3.8099e-08       -1.9080 
5184.0598       6944.3244       4.1030e-08       -2.0654 
5184.0598       6944.3244       4.3960e-08       -2.2239 
5184.0598       6944.3244       4.6891e-08       -2.3835 
5184.0598       6944.3244       4.9821e-08       -2.5441 
5184.0598       6944.3244       5.2752e-08       -2.7058 
6944.3244       9302.5069       0.0000e+00       0.0000 
6944.3244       9302.5069       2.2154e-13       -0.0000 
6944.3244       9302.5069       3.6902e-09       -0.1365 
6944.3244       9302.5069       7.3803e-09       -0.2751 
6944.3244       9302.5069       1.1070e-08       -0.4159 
6944.3244       9302.5069       1.4760e-08       -0.5586 
6944.3244       9302.5069       1.8450e-08       -0.7031 
6944.3244       9302.5069       2.2140e-08       -0.8492 
6944.3244       9302.5069       2.5830e-08       -0.9970 
6944.3244       9302.5069       2.9520e-08       -1.1462 
6944.3244       9302.5069       3.3210e-08       -1.2969 
6944.3244       9302.5069       3.6900e-08       -1.4489 
6944.3244       9302.5069       4.0590e-08       -1.6022 
6944.3244       9302.5069       4.4280e-08       -1.7566 
6944.3244       9302.5069       4.7970e-08       -1.9123 
6944.3244       9302.5069       5.1661e-08       -2.0690 
6944.3244       9302.5069       5.5351e-08       -2.2267 
6944.3244       9302.5069       5.9041e-08       -2.3855 
6944.3244       9302.5069       6.2731e-08       -2.5452 
6944.3244       9302.5069       6.6421e-08       -2.7059 
9302.5069       12461.2038       0.0000e+00       0.0000 
9302.5069       12461.2038       1.1024e-13       -0.0000 
9302.5069       12461.2038       4.9979e-09       -0.1302 
9302.5069       12461.2038       9.9958e-09       -0.2636 
9302.5069       12461.2038       1.4994e-08       -0.4002 
9302.5069       12461.2038       1.9991e-08       -0.5395 
9302.5069       12461.2038       2.4989e-08       -0.6815 
9302.5069       12461.2038       2.9987e-08       -0.8260 
9302.5069       12461.2038       3.4985e-08       -0.9727 
9302.5069       12461.2038       3.9983e-08       -1.1216 
9302.5069       12461.2038       4.4981e-08       -1.2725 
9302.5069       12461.2038       4.9978e-08       -1.4253 
9302.5069       12461.2038       5.4976e-08       -1.5799 
9302.5069       12461.2038       5.9974e-08       -1.7361 
9302.5069       12461.2038       6.4972e-08       -1.8940 
9302.5069       12461.2038       6.9970e-08       -2.0534 
9302.5069       12461.2038       7.4968e-08       -2.2143 
9302.5069       12461.2038       7.9966e-08       -2.3766 
9302.5069       12461.2038       8.4963e-08       -2.5402 
9302.5069       12461.2038       8.9961e-08       -2.7050 
12461.2038       16692.4468       0.0000e+00       0.0000 
12461.2038       16692.4468       1.1865e-12       -0.0000 
12461.2038       16692.4468       4.4325e-09       -0.1500 
12461.2038       16692.4468       8.8638e-09       -0.3000 
12461.2038       16692.4468       1.3295e-08       -0.4500 
12461.2038       16692.4468       1.7726e-08       -0.6001 
12461.2038       16692.4468       2.2158e-08       -0.7502 
12461.2038       16692.4468       2.6589e-08       -0.9004 
12461.2038       16692.4468       3.1020e-08       -1.0506 
12461.2038       16692.4468       3.5452e-08       -1.2008 
12461.2038       16692.4468       3.9883e-08       -1.3511 
12461.2038       16692.4468       4.4314e-08       -1.5015 
12461.2038       16692.4468       4.8745e-08       -1.6519 
12461.2038       16692.4468       5.3177e-08       -1.8023 
12461.2038       16692.4468       5.7608e-08       -1.9528 
12461.2038       16692.4468       6.2039e-08       -2.1034 
12461.2038       16692.4468       6.6471e-08       -2.2539 
12461.2038       16692.4468       7.0902e-08       -2.4045 
12461.2038       16692.4468       7.5333e-08       -2.5552 
12461.2038       16692.4468       7.9764e-08       -2.7059 
16692.4468       22360.9371       0.0000e+00       0.0000 
16692.4468       22360.9371       8.6079e-12       -0.0002 
16692.4468       22360.9371       6.0020e-09       -0.1501 
16692.4468       22360.9371       1.1995e-08       -0.3000 
16692.4468       22360.9371       1.7989e-08       -0.4500 
16692.4468       22360.9371       2.3982e-08       -0.6001 
16692.4468       22360.9371       2.9976e-08       -0.7502 
16692.4468       22360.9371       3.5969e-08       -0.9003 
16692.4468       22360.9371       4.1962e-08       -1.0505 
16692.4468       22360.9371       4.7956e-08       -1.2008 
16692.4468       22360.9371       5.3949e-08       -1.3511 
16692.4468       22360.9371       5.9943e-08       -1.5014 
16692.4468       22360.9371       6.5936e-08       -1.6518 
16692.4468       22360.9371       7.1929e-08       -1.8023 
16692.4468       22360.9371       7.7923e-08       -1.9527 
16692.4468       22360.9371       8.3916e-08       -2.1033 
16692.4468       22360.9371       8.9910e-08       -2.2539 
16692.4468       22360.9371       9.5903e-08       -2.4045 
16692.4468       22360.9371       1.0190e-07       -2.5552 
16692.4468       22360.9371       1.0789e-07       -2.7059 
22360.9371       29953.6672       0.0000e+00       0.0000 
22360.9371       29953.6672       3.6536e-12       -0.0001 
22360.9371       29953.6672       8.5015e-09       -0.1453 
22360.9371       29953.6672       1.6999e-08       -0.2913 
22360.9371       29953.6672       2.5497e-08       -0.4380 
22360.9371       29953.6672       3.3995e-08       -0.5854 
22360.9371       29953.6672       4.2493e-08       -0.7334 
22360.9371       29953.6672       5.0991e-08       -0.8821 
22360.9371       29953.6672       5.9488e-08       -1.0314 
22360.9371       29953.6672       6.7986e-08       -1.1812 
22360.9371       29953.6672       7.6484e-08       -1.3316 
22360.9371       29953.6672       8.4982e-08       -1.4825 
22360.9371       29953.6672       9.3480e-08       -1.6339 
22360.9371       29953.6672       1.0198e-07       -1.7857 
22360.9371       29953.6672       1.1048e-07       -1.9381 
22360.9371       29953.6672       1.1897e-07       -2.0908 
22360.9371       29953.6672       1.2747e-07       -2.2440 
22360.9371       29953.6672       1.3597e-07       -2.3975 
22360.9371       29953.6672       1.4447e-07       -2.5515 
22360.9371       29953.6672       1.5296e-07       -2.7058 
29953.6672       40124.5339       0.0000e+00       0.0000 
29953.6672       40124.5339       2.1687e-12       -0.0000 
29953.6672       40124.5339       1.0931e-08       -0.1463 
29953.6672       40124.5339       2.1860e-08       -0.2931 
29953.6672       40124.5339       3.2789e-08       -0.4405 
29953.6672       40124.5339       4.3718e-08       -0.5885 
29953.6672       40124.5339       5.4648e-08       -0.7370 
29953.6672       40124.5339       6.5577e-08       -0.8859 
29953.6672       40124.5339       7.6506e-08       -1.0354 
29953.6672       40124.5339       8.7435e-08       -1.1853 
29953.6672       40124.5339       9.8364e-08       -1.3356 
29953.6672       40124.5339       1.0929e-07       -1.4864 
29953.6672       40124.5339       1.2022e-07       -1.6376 
29953.6672       40124.5339       1.3115e-07       -1.7891 
29953.6672       40124.5339       1.4208e-07       -1.9410 
29953.6672       40124.5339       1.5301e-07       -2.0933 
29953.6672       40124.5339       1.6394e-07       -2.2460 
29953.6672       40124.5339       1.7487e-07       -2.3989 
29953.6672       40124.5339       1.8580e-07       -2.5522 
29953.6672       40124.5339       1.9673e-07       -2.7058 
40124.5339       53748.9519       0.0000e+00       0.0000 
40124.5339       53748.9519       4.5779e-12       -0.0001 
40124.5339       53748.9519       1.2670e-08       -0.1504 
40124.5339       53748.9519       2.5335e-08       -0.3007 
40124.5339       53748.9519       3.8000e-08       -0.4510 
40124.5339       53748.9519       5.0665e-08       -0.6013 
40124.5339       53748.9519       6.3330e-08       -0.7517 
40124.5339       53748.9519       7.5995e-08       -0.9020 
40124.5339       53748.9519       8.8660e-08       -1.0523 
40124.5339       53748.9519       1.0132e-07       -1.2026 
40124.5339       53748.9519       1.1399e-07       -1.3530 
40124.5339       53748.9519       1.2665e-07       -1.5033 
40124.5339       53748.9519       1.3932e-07       -1.6536 
40124.5339       53748.9519       1.5198e-07       -1.8039 
40124.5339       53748.9519       1.6465e-07       -1.9543 
40124.5339       53748.9519       1.7731e-07       -2.1046 
40124.5339       53748.9519       1.8998e-07       -2.2549 
40124.5339       53748.9519       2.0264e-07       -2.4052 
40124.5339       53748.9519       2.1531e-07       -2.5556 
40124.5339       53748.9519       2.2797e-07       -2.7059 
53748.9519       72001.2440       0.0000e+00       0.0000 
53748.9519       72001.2440       2.0723e-11       -0.0002 
53748.9519       72001.2440       1.7087e-08       -0.1505 
53748.9519       72001.2440       3.4153e-08       -0.3008 
53748.9519       72001.2440       5.1219e-08       -0.4511 
53748.9519       72001.2440       6.8286e-08       -0.6014 
53748.9519       72001.2440       8.5352e-08       -0.7517 
53748.9519       72001.2440       1.0242e-07       -0.9021 
53748.9519       72001.2440       1.1948e-07       -1.0524 
53748.9519       72001.2440       1.3655e-07       -1.2027 
53748.9519       72001.2440       1.5362e-07       -1.3530 
53748.9519       72001.2440       1.7068e-07       -1.5033 
53748.9519       72001.2440       1.8775e-07       -1.6536 
53748.9519       72001.2440       2.0482e-07       -1.8040 
53748.9519       72001.2440       2.2188e-07       -1.9543 
53748.9519       72001.2440       2.3895e-07       -2.1046 
53748.9519       72001.2440       2.5601e-07       -2.2549 
53748.9519       72001.2440       2.7308e-07       -2.4053 
53748.9519       72001.2440       2.9015e-07       -2.5556 
53748.9519       72001.2440       3.0721e-07       -2.7059 
72001.2440       96449.5043       0.0000e+00       -2.1359 
72001.2440       96449.5043       1.6641e-08       -1.0418 
72001.2440       96449.5043       3.3282e-08       -0.6168 
72001.2440       96449.5043       4.9923e-08       -0.3775 
72001.2440       96449.5043       6.6563e-08       -0.2272 
72001.2440       96449.5043       8.3204e-08       -0.1293 
72001.2440       96449.5043       9.9845e-08       -0.0659 
72001.2440       96449.5043       1.1649e-07       -0.0270 
72001.2440       96449.5043       1.3313e-07       -0.0064 
72001.2440       96449.5043       1.4977e-07       0.0000 
72001.2440       96449.5043       2.1776e-07       -0.0722 
72001.2440       96449.5043       2.8575e-07       -0.2405 
72001.2440       96449.5043       3.5375e-07       -0.4645 
72001.2440       96449.5043       4.2174e-07       -0.7249 
72001.2440       96449.5043       4.8973e-07       -1.0110 
72001.2440       96449.5043       5.5773e-07       -1.3162 
72001.2440       96449.5043       6.2572e-07       -1.6363 
72001.2440       96449.5043       6.9371e-07       -1.9682 
72001.2440       96449.5043       7.6171e-07       -2.3098 
72001.2440       96449.5043       8.2970e-07       -2.6595 
96449.5043       129199.2522       0.0000e+00       0.0000 
96449.5043       129199.2522       3.1475e-11       -0.0002 
96449.5043       129199.2522       3.1488e-08       -0.1504 
96449.5043       129199.2522       6.2945e-08       -0.3007 
96449.5043       129199.2522       9.4402e-08       -0.4509 
96449.5043       129199.2522       1.2586e-07       -0.6012 
96449.5043       129199.2522       1.5732e-07       -0.7515 
96449.5043       129199.2522       1.8877e-07       -0.9018 
96449.5043       129199.2522       2.2023e-07       -1.0521 
96449.5043       129199.2522       2.5169e-07       -1.2024 
96449.5043       129199.2522       2.8314e-07       -1.3527 
96449.5043       129199.2522       3.1460e-07       -1.5030 
96449.5043       129199.2522       3.4606e-07       -1.6533 
96449.5043       129199.2522       3.7751e-07       -1.8037 
96449.5043       129199.2522       4.0897e-07       -1.9540 
96449.5043       129199.2522       4.4043e-07       -2.1044 
96449.5043       129199.2522       4.7188e-07       -2.2548 
96449.5043       129199.2522       5.0334e-07       -2.4051 
96449.5043       129199.2522       5.3480e-07       -2.5555 
96449.5043       129199.2522       5.6625e-07       -2.7059 
129199.2522       173069.2852       0.0000e+00       0.0000 
129199.2522       173069.2852       6.0102e-11       -0.0002 
129199.2522       173069.2852       4.1908e-08       -0.1505 
129199.2522       173069.2852       8.3755e-08       -0.3008 
129199.2522       173069.2852       1.2560e-07       -0.4511 
129199.2522       173069.2852       1.6745e-07       -0.6014 
129199.2522       173069.2852       2.0930e-07       -0.7517 
129199.2522       173069.2852       2.5115e-07       -0.9020 
129199.2522       173069.2852       2.9299e-07       -1.0523 
129199.2522       173069.2852       3.3484e-07       -1.2026 
129199.2522       173069.2852       3.7669e-07       -1.3529 
129199.2522       173069.2852       4.1854e-07       -1.5032 
129199.2522       173069.2852       4.6038e-07       -1.6536 
129199.2522       173069.2852       5.0223e-07       -1.8039 
129199.2522       173069.2852       5.4408e-07       -1.9542 
129199.2522       173069.2852       5.8593e-07       -2.1045 
129199.2522       173069.2852       6.2777e-07       -2.2549 
129199.2522       173069.2852       6.6962e-07       -2.4052 
129199.2522       173069.2852       7.1147e-07       -2.5556 
129199.2522       173069.2852       7.5332e-07       -2.7059 
173069.2852       231840.8711       0.0000e+00       0.0000 
173069.2852       231840.8711       7.4850e-11       -0.0002 
173069.2852       231840.8711       5.5696e-08       -0.1505 
173069.2852       231840.8711       1.1132e-07       -0.3008 
173069.2852       231840.8711       1.6694e-07       -0.4512 
173069.2852       231840.8711       2.2256e-07       -0.6015 
173069.2852       231840.8711       2.7818e-07       -0.7518 
173069.2852       231840.8711       3.3380e-07       -0.9021 
173069.2852       231840.8711       3.8943e-07       -1.0524 
173069.2852       231840.8711       4.4505e-07       -1.2027 
173069.2852       231840.8711       5.0067e-07       -1.3530 
173069.2852       231840.8711       5.5629e-07       -1.5034 
173069.2852       231840.8711       6.1191e-07       -1.6537 
173069.2852       231840.8711       6.6753e-07       -1.8040 
173069.2852       231840.8711       7.2316e-07       -1.9543 
173069.2852       231840.8711       7.7878e-07       -2.1046 
173069.2852       231840.8711       8.3440e-07       -2.2549 
173069.2852       231840.8711       8.9002e-07       -2.4053 
173069.2852       231840.8711       9.4564e-07       -2.5556 
173069.2852       231840.8711       1.0013e-06       -2.7059 
231840.8711       310563.2050       0.0000e+00       0.0000 
231840.8711       310563.2050       7.6798e-11       -0.0002 
231840.8711       310563.2050       7.4908e-08       -0.1505 
231840.8711       310563.2050       1.4974e-07       -0.3008 
231840.8711       310563.2050       2.2457e-07       -0.4511 
231840.8711       310563.2050       2.9940e-07       -0.6014 
231840.8711       310563.2050       3.7423e-07       -0.7517 
231840.8711       310563.2050       4.4906e-07       -0.9021 
231840.8711       310563.2050       5.2389e-07       -1.0524 
231840.8711       310563.2050       5.9873e-07       -1.2027 
231840.8711       310563.2050       6.7356e-07       -1.3530 
231840.8711       310563.2050       7.4839e-07       -1.5033 
231840.8711       310563.2050       8.2322e-07       -1.6537 
231840.8711       310563.2050       8.9805e-07       -1.8040 
231840.8711       310563.2050       9.7288e-07       -1.9543 
231840.8711       310563.2050       1.0477e-06       -2.1046 
231840.8711       310563.2050       1.1225e-06       -2.2549 
231840.8711       310563.2050       1.1974e-06       -2.4053 
231840.8711       310563.2050       1.2722e-06       -2.5556 
231840.8711       310563.2050       1.3470e-06       -2.7059 
310563.2050       416015.9675       0.0000e+00       0.0000 
310563.2050       416015.9675       1.0860e-10       -0.0002 
310563.2050       416015.9675       1.0179e-07       -0.1505 
310563.2050       416015.9675       2.0347e-07       -0.3008 
310563.2050       416015.9675       3.0514e-07       -0.4511 
310563.2050       416015.9675       4.0682e-07       -0.6014 
310563.2050       416015.9675       5.0850e-07       -0.7517 
310563.2050       416015.9675       6.1018e-07       -0.9020 
310563.2050       416015.9675       7.1186e-07       -1.0524 
310563.2050       416015.9675       8.1354e-07       -1.2027 
310563.2050       416015.9675       9.1522e-07       -1.3530 
310563.2050       416015.9675       1.0169e-06       -1.5033 
310563.2050       416015.9675       1.1186e-06       -1.6536 
310563.2050       416015.9675       1.2203e-06       -1.8040 
310563.2050       416015.9675       1.3219e-06       -1.9543 
310563.2050       416015.9675       1.4236e-06       -2.1046 
310563.2050       416015.9675       1.5253e-06       -2.2549 
310563.2050       416015.9675       1.6270e-06       -2.4052 
310563.2050       416015.9675       1.7286e-06       -2.5556 
310563.2050       416015.9675       1.8303e-06       -2.7059 
416015.9675       557275.5639       0.0000e+00       0.0000 
416015.9675       557275.5639       1.4077e-10       -0.0001 
416015.9675       557275.5639       1.3820e-07       -0.1505 
416015.9675       557275.5639       2.7627e-07       -0.3008 
416015.9675       557275.5639       4.1433e-07       -0.4511 
416015.9675       557275.5639       5.5239e-07       -0.6014 
416015.9675       557275.5639       6.9045e-07       -0.7517 
416015.9675       557275.5639       8.2852e-07       -0.9021 
416015.9675       557275.5639       9.6658e-07       -1.0524 
416015.9675       557275.5639       1.1046e-06       -1.2027 
416015.9675       557275.5639       1.2427e-06       -1.3530 
416015.9675       557275.5639       1.3808e-06       -1.5033 
416015.9675       557275.5639       1.5188e-06       -1.6537 
416015.9675       557275.5639       1.6569e-06       -1.8040 
416015.9675       557275.5639       1.7950e-06       -1.9543 
416015.9675       557275.5639       1.9330e-06       -2.1046 
416015.9675       557275.5639       2.0711e-06       -2.2549 
416015.9675       557275.5639       2.2091e-06       -2.4053 
416015.9675       557275.5639       2.3472e-06       -2.5556 
416015.9675       557275.5639       2.4853e-06       -2.7059 
557275.5639       746517.5120       0.0000e+00       0.0000 
557275.5639       746517.5120       1.6180e-10       -0.0001 
557275.5639       746517.5120       1.9098e-07       -0.1504 
557275.5639       746517.5120       3.8179e-07       -0.3008 
557275.5639       746517.5120       5.7260e-07       -0.4511 
557275.5639       746517.5120       7.6342e-07       -0.6014 
557275.5639       746517.5120       9.5423e-07       -0.7517 
557275.5639       746517.5120       1.1450e-06       -0.9021 
557275.5639       746517.5120       1.3359e-06       -1.0524 
557275.5639       746517.5120       1.5267e-06       -1.2027 
557275.5639       746517.5120       1.7175e-06       -1.3530 
557275.5639       746517.5120       1.9083e-06       -1.5033 
557275.5639       746517.5120       2.0991e-06       -1.6537 
557275.5639       746517.5120       2.2899e-06       -1.8040 
557275.5639       746517.5120       2.4807e-06       -1.9543 
557275.5639       746517.5120       2.6716e-06       -2.1046 
557275.5639       746517.5120       2.8624e-06       -2.2549 
557275.5639       746517.5120       3.0532e-06       -2.4053 
557275.5639       746517.5120       3.2440e-06       -2.5556 
557275.5639       746517.5120       3.4348e-06       -2.7059 
746517.5120       1000000.0000       0.0000e+00       0.0000 
746517.5120       1000000.0000       2.0297e-10       -0.0001 
746517.5120       1000000.0000       2.8742e-07       -0.1502 
746517.5120       1000000.0000       5.7464e-07       -0.3004 
746517.5120       1000000.0000       8.6186e-07       -0.4506 
746517.5120       1000000.0000       1.1491e-06       -0.6008 
746517.5120       1000000.0000       1.4363e-06       -0.7510 
746517.5120       1000000.0000       1.7235e-06       -0.9013 
746517.5120       1000000.0000       2.0107e-06       -1.0516 
746517.5120       1000000.0000       2.2980e-06       -1.2019 
746517.5120       1000000.0000       2.5852e-06       -1.3522 
746517.5120       1000000.0000       2.8724e-06       -1.5025 
746517.5120       1000000.0000       3.1596e-06       -1.6529 
746517.5120       1000000.0000       3.4469e-06       -1.8032 
746517.5120       1000000.0000       3.7341e-06       -1.9536 
746517.5120       1000000.0000       4.0213e-06       -2.1041 
746517.5120       1000000.0000       4.3085e-06       -2.2545 
746517.5120       1000000.0000       4.5957e-06       -2.4049 
746517.5120       1000000.0000       4.8830e-06       -2.5554 
746517.5120       1000000.0000       5.1702e-06       -2.7059 
