#Ursa_Major_2  Log10(Jfactor)=19.440   sigmaJ=0.400 
#[0]emin(MeV) [1]emax(MeV) [2]eflux(MeV/cm^2/s) [3]deltaLogLike 
500.0000       669.7766       0.0000e+00       -1.5122 
500.0000       669.7766       6.7697e-09       -1.1807 
500.0000       669.7766       1.3539e-08       -0.8933 
500.0000       669.7766       2.0309e-08       -0.6486 
500.0000       669.7766       2.7079e-08       -0.4450 
500.0000       669.7766       3.3848e-08       -0.2813 
500.0000       669.7766       4.0618e-08       -0.1561 
500.0000       669.7766       4.7388e-08       -0.0681 
500.0000       669.7766       5.4157e-08       -0.0165 
500.0000       669.7766       6.0927e-08       0.0000 
500.0000       669.7766       6.9940e-08       -0.0308 
500.0000       669.7766       7.8954e-08       -0.1201 
500.0000       669.7766       8.7967e-08       -0.2658 
500.0000       669.7766       9.6980e-08       -0.4659 
500.0000       669.7766       1.0599e-07       -0.7187 
500.0000       669.7766       1.1501e-07       -1.0225 
500.0000       669.7766       1.2402e-07       -1.3754 
500.0000       669.7766       1.3303e-07       -1.7765 
500.0000       669.7766       1.4205e-07       -2.2242 
500.0000       669.7766       1.5106e-07       -2.7170 
669.7766       897.2222       0.0000e+00       -0.1022 
669.7766       897.2222       1.3461e-08       0.0000 
669.7766       897.2222       1.7654e-08       -0.0099 
669.7766       897.2222       2.1846e-08       -0.0387 
669.7766       897.2222       2.6038e-08       -0.0858 
669.7766       897.2222       3.0230e-08       -0.1507 
669.7766       897.2222       3.4422e-08       -0.2329 
669.7766       897.2222       3.8614e-08       -0.3321 
669.7766       897.2222       4.2807e-08       -0.4477 
669.7766       897.2222       4.6999e-08       -0.5793 
669.7766       897.2222       5.1191e-08       -0.7267 
669.7766       897.2222       5.5383e-08       -0.8894 
669.7766       897.2222       5.9575e-08       -1.0671 
669.7766       897.2222       6.3767e-08       -1.2593 
669.7766       897.2222       6.7959e-08       -1.4660 
669.7766       897.2222       7.2152e-08       -1.6866 
669.7766       897.2222       7.6344e-08       -1.9210 
669.7766       897.2222       8.0536e-08       -2.1689 
669.7766       897.2222       8.4728e-08       -2.4299 
669.7766       897.2222       8.8920e-08       -2.7039 
897.2222       1201.8769       0.0000e+00       -0.0000 
897.2222       1201.8769       1.8443e-14       0.0000 
897.2222       1201.8769       1.8168e-09       -0.1181 
897.2222       1201.8769       3.6336e-09       -0.2404 
897.2222       1201.8769       5.4504e-09       -0.3667 
897.2222       1201.8769       7.2672e-09       -0.4971 
897.2222       1201.8769       9.0839e-09       -0.6314 
897.2222       1201.8769       1.0901e-08       -0.7696 
897.2222       1201.8769       1.2718e-08       -0.9116 
897.2222       1201.8769       1.4534e-08       -1.0573 
897.2222       1201.8769       1.6351e-08       -1.2066 
897.2222       1201.8769       1.8168e-08       -1.3596 
897.2222       1201.8769       1.9985e-08       -1.5161 
897.2222       1201.8769       2.1801e-08       -1.6760 
897.2222       1201.8769       2.3618e-08       -1.8394 
897.2222       1201.8769       2.5435e-08       -2.0061 
897.2222       1201.8769       2.7252e-08       -2.1761 
897.2222       1201.8769       2.9069e-08       -2.3494 
897.2222       1201.8769       3.0885e-08       -2.5259 
897.2222       1201.8769       3.2702e-08       -2.7056 
1201.8769       1609.9782       0.0000e+00       0.0000 
1201.8769       1609.9782       1.8002e-12       -0.0000 
1201.8769       1609.9782       1.9215e-09       -0.0815 
1201.8769       1609.9782       3.8411e-09       -0.1730 
1201.8769       1609.9782       5.7608e-09       -0.2741 
1201.8769       1609.9782       7.6805e-09       -0.3842 
1201.8769       1609.9782       9.6001e-09       -0.5031 
1201.8769       1609.9782       1.1520e-08       -0.6303 
1201.8769       1609.9782       1.3439e-08       -0.7655 
1201.8769       1609.9782       1.5359e-08       -0.9084 
1201.8769       1609.9782       1.7279e-08       -1.0588 
1201.8769       1609.9782       1.9198e-08       -1.2162 
1201.8769       1609.9782       2.1118e-08       -1.3806 
1201.8769       1609.9782       2.3038e-08       -1.5516 
1201.8769       1609.9782       2.4957e-08       -1.7290 
1201.8769       1609.9782       2.6877e-08       -1.9126 
1201.8769       1609.9782       2.8797e-08       -2.1022 
1201.8769       1609.9782       3.0716e-08       -2.2977 
1201.8769       1609.9782       3.2636e-08       -2.4987 
1201.8769       1609.9782       3.4556e-08       -2.7053 
1609.9782       2156.6516       0.0000e+00       -0.0000 
1609.9782       2156.6516       2.2581e-15       0.0000 
1609.9782       2156.6516       2.1427e-09       -0.0755 
1609.9782       2156.6516       4.2853e-09       -0.1624 
1609.9782       2156.6516       6.4280e-09       -0.2600 
1609.9782       2156.6516       8.5707e-09       -0.3677 
1609.9782       2156.6516       1.0713e-08       -0.4850 
1609.9782       2156.6516       1.2856e-08       -0.6114 
1609.9782       2156.6516       1.4999e-08       -0.7464 
1609.9782       2156.6516       1.7141e-08       -0.8896 
1609.9782       2156.6516       1.9284e-08       -1.0406 
1609.9782       2156.6516       2.1427e-08       -1.1992 
1609.9782       2156.6516       2.3569e-08       -1.3649 
1609.9782       2156.6516       2.5712e-08       -1.5375 
1609.9782       2156.6516       2.7855e-08       -1.7167 
1609.9782       2156.6516       2.9997e-08       -1.9024 
1609.9782       2156.6516       3.2140e-08       -2.0941 
1609.9782       2156.6516       3.4283e-08       -2.2919 
1609.9782       2156.6516       3.6425e-08       -2.4953 
1609.9782       2156.6516       3.8568e-08       -2.7044 
2156.6516       2889.0164       0.0000e+00       -0.0000 
2156.6516       2889.0164       1.2094e-13       0.0000 
2156.6516       2889.0164       2.2886e-09       -0.0708 
2156.6516       2889.0164       4.5770e-09       -0.1542 
2156.6516       2889.0164       6.8654e-09       -0.2493 
2156.6516       2889.0164       9.1539e-09       -0.3555 
2156.6516       2889.0164       1.1442e-08       -0.4719 
2156.6516       2889.0164       1.3731e-08       -0.5980 
2156.6516       2889.0164       1.6019e-08       -0.7332 
2156.6516       2889.0164       1.8308e-08       -0.8769 
2156.6516       2889.0164       2.0596e-08       -1.0289 
2156.6516       2889.0164       2.2885e-08       -1.1885 
2156.6516       2889.0164       2.5173e-08       -1.3555 
2156.6516       2889.0164       2.7461e-08       -1.5296 
2156.6516       2889.0164       2.9750e-08       -1.7103 
2156.6516       2889.0164       3.2038e-08       -1.8974 
2156.6516       2889.0164       3.4327e-08       -2.0906 
2156.6516       2889.0164       3.6615e-08       -2.2897 
2156.6516       2889.0164       3.8904e-08       -2.4944 
2156.6516       2889.0164       4.1192e-08       -2.7046 
2889.0164       3869.9914       0.0000e+00       -0.0678 
2889.0164       3869.9914       4.1873e-09       0.0000 
2889.0164       3869.9914       6.4062e-09       -0.0155 
2889.0164       3869.9914       8.6250e-09       -0.0587 
2889.0164       3869.9914       1.0844e-08       -0.1255 
2889.0164       3869.9914       1.3063e-08       -0.2127 
2889.0164       3869.9914       1.5281e-08       -0.3178 
2889.0164       3869.9914       1.7500e-08       -0.4388 
2889.0164       3869.9914       1.9719e-08       -0.5739 
2889.0164       3869.9914       2.1938e-08       -0.7217 
2889.0164       3869.9914       2.4157e-08       -0.8812 
2889.0164       3869.9914       2.6376e-08       -1.0513 
2889.0164       3869.9914       2.8594e-08       -1.2310 
2889.0164       3869.9914       3.0813e-08       -1.4197 
2889.0164       3869.9914       3.3032e-08       -1.6167 
2889.0164       3869.9914       3.5251e-08       -1.8214 
2889.0164       3869.9914       3.7470e-08       -2.0333 
2889.0164       3869.9914       3.9688e-08       -2.2519 
2889.0164       3869.9914       4.1907e-08       -2.4768 
2889.0164       3869.9914       4.4126e-08       -2.7076 
3869.9914       5184.0598       0.0000e+00       -0.1655 
3869.9914       5184.0598       9.2851e-09       0.0000 
3869.9914       5184.0598       1.2498e-08       -0.0149 
3869.9914       5184.0598       1.5710e-08       -0.0566 
3869.9914       5184.0598       1.8923e-08       -0.1213 
3869.9914       5184.0598       2.2136e-08       -0.2061 
3869.9914       5184.0598       2.5348e-08       -0.3088 
3869.9914       5184.0598       2.8561e-08       -0.4273 
3869.9914       5184.0598       3.1773e-08       -0.5603 
3869.9914       5184.0598       3.4986e-08       -0.7064 
3869.9914       5184.0598       3.8199e-08       -0.8645 
3869.9914       5184.0598       4.1411e-08       -1.0337 
3869.9914       5184.0598       4.4624e-08       -1.2131 
3869.9914       5184.0598       4.7837e-08       -1.4022 
3869.9914       5184.0598       5.1049e-08       -1.6001 
3869.9914       5184.0598       5.4262e-08       -1.8065 
3869.9914       5184.0598       5.7474e-08       -2.0206 
3869.9914       5184.0598       6.0687e-08       -2.2422 
3869.9914       5184.0598       6.3900e-08       -2.4708 
3869.9914       5184.0598       6.7112e-08       -2.7061 
5184.0598       6944.3244       0.0000e+00       0.0000 
5184.0598       6944.3244       2.3553e-16       -0.0000 
5184.0598       6944.3244       2.3561e-09       -0.1071 
5184.0598       6944.3244       4.7121e-09       -0.2214 
5184.0598       6944.3244       7.0682e-09       -0.3424 
5184.0598       6944.3244       9.4242e-09       -0.4695 
5184.0598       6944.3244       1.1780e-08       -0.6022 
5184.0598       6944.3244       1.4136e-08       -0.7401 
5184.0598       6944.3244       1.6492e-08       -0.8830 
5184.0598       6944.3244       1.8848e-08       -1.0304 
5184.0598       6944.3244       2.1205e-08       -1.1822 
5184.0598       6944.3244       2.3561e-08       -1.3379 
5184.0598       6944.3244       2.5917e-08       -1.4975 
5184.0598       6944.3244       2.8273e-08       -1.6606 
5184.0598       6944.3244       3.0629e-08       -1.8272 
5184.0598       6944.3244       3.2985e-08       -1.9970 
5184.0598       6944.3244       3.5341e-08       -2.1698 
5184.0598       6944.3244       3.7697e-08       -2.3456 
5184.0598       6944.3244       4.0053e-08       -2.5241 
5184.0598       6944.3244       4.2409e-08       -2.7053 
6944.3244       9302.5069       0.0000e+00       -0.0000 
6944.3244       9302.5069       1.6153e-17       0.0000 
6944.3244       9302.5069       1.9853e-09       -0.1298 
6944.3244       9302.5069       3.9705e-09       -0.2634 
6944.3244       9302.5069       5.9558e-09       -0.4003 
6944.3244       9302.5069       7.9410e-09       -0.5403 
6944.3244       9302.5069       9.9263e-09       -0.6830 
6944.3244       9302.5069       1.1912e-08       -0.8281 
6944.3244       9302.5069       1.3897e-08       -0.9756 
6944.3244       9302.5069       1.5882e-08       -1.1251 
6944.3244       9302.5069       1.7867e-08       -1.2764 
6944.3244       9302.5069       1.9853e-08       -1.4296 
6944.3244       9302.5069       2.1838e-08       -1.5844 
6944.3244       9302.5069       2.3823e-08       -1.7407 
6944.3244       9302.5069       2.5808e-08       -1.8984 
6944.3244       9302.5069       2.7794e-08       -2.0574 
6944.3244       9302.5069       2.9779e-08       -2.2177 
6944.3244       9302.5069       3.1764e-08       -2.3791 
6944.3244       9302.5069       3.3749e-08       -2.5416 
6944.3244       9302.5069       3.5735e-08       -2.7052 
9302.5069       12461.2038       0.0000e+00       0.0000 
9302.5069       12461.2038       5.8335e-12       -0.0004 
9302.5069       12461.2038       2.3430e-09       -0.1448 
9302.5069       12461.2038       4.6802e-09       -0.2901 
9302.5069       12461.2038       7.0174e-09       -0.4362 
9302.5069       12461.2038       9.3546e-09       -0.5832 
9302.5069       12461.2038       1.1692e-08       -0.7308 
9302.5069       12461.2038       1.4029e-08       -0.8792 
9302.5069       12461.2038       1.6366e-08       -1.0283 
9302.5069       12461.2038       1.8703e-08       -1.1780 
9302.5069       12461.2038       2.1041e-08       -1.3284 
9302.5069       12461.2038       2.3378e-08       -1.4793 
9302.5069       12461.2038       2.5715e-08       -1.6308 
9302.5069       12461.2038       2.8052e-08       -1.7829 
9302.5069       12461.2038       3.0389e-08       -1.9355 
9302.5069       12461.2038       3.2727e-08       -2.0886 
9302.5069       12461.2038       3.5064e-08       -2.2422 
9302.5069       12461.2038       3.7401e-08       -2.3962 
9302.5069       12461.2038       3.9738e-08       -2.5508 
9302.5069       12461.2038       4.2075e-08       -2.7057 
12461.2038       16692.4468       0.0000e+00       0.0000 
12461.2038       16692.4468       2.4427e-12       -0.0001 
12461.2038       16692.4468       4.2558e-09       -0.1182 
12461.2038       16692.4468       8.5091e-09       -0.2420 
12461.2038       16692.4468       1.2762e-08       -0.3711 
12461.2038       16692.4468       1.7016e-08       -0.5048 
12461.2038       16692.4468       2.1269e-08       -0.6428 
12461.2038       16692.4468       2.5522e-08       -0.7847 
12461.2038       16692.4468       2.9776e-08       -0.9301 
12461.2038       16692.4468       3.4029e-08       -1.0788 
12461.2038       16692.4468       3.8282e-08       -1.2306 
12461.2038       16692.4468       4.2536e-08       -1.3852 
12461.2038       16692.4468       4.6789e-08       -1.5425 
12461.2038       16692.4468       5.1042e-08       -1.7022 
12461.2038       16692.4468       5.5296e-08       -1.8643 
12461.2038       16692.4468       5.9549e-08       -2.0285 
12461.2038       16692.4468       6.3802e-08       -2.1948 
12461.2038       16692.4468       6.8056e-08       -2.3631 
12461.2038       16692.4468       7.2309e-08       -2.5333 
12461.2038       16692.4468       7.6562e-08       -2.7052 
16692.4468       22360.9371       0.0000e+00       -0.1025 
16692.4468       22360.9371       1.0208e-12       -0.1024 
16692.4468       22360.9371       6.0942e-09       -0.0020 
16692.4468       22360.9371       1.2187e-08       0.0000 
16692.4468       22360.9371       1.8281e-08       -0.0545 
16692.4468       22360.9371       2.4374e-08       -0.1459 
16692.4468       22360.9371       3.0467e-08       -0.2631 
16692.4468       22360.9371       3.6560e-08       -0.3996 
16692.4468       22360.9371       4.2654e-08       -0.5510 
16692.4468       22360.9371       4.8747e-08       -0.7142 
16692.4468       22360.9371       5.4840e-08       -0.8870 
16692.4468       22360.9371       6.0933e-08       -1.0679 
16692.4468       22360.9371       6.7026e-08       -1.2555 
16692.4468       22360.9371       7.3120e-08       -1.4490 
16692.4468       22360.9371       7.9213e-08       -1.6475 
16692.4468       22360.9371       8.5306e-08       -1.8504 
16692.4468       22360.9371       9.1399e-08       -2.0571 
16692.4468       22360.9371       9.7492e-08       -2.2674 
16692.4468       22360.9371       1.0359e-07       -2.4808 
16692.4468       22360.9371       1.0968e-07       -2.6969 
22360.9371       29953.6672       0.0000e+00       0.0000 
22360.9371       29953.6672       4.2394e-13       -0.0000 
22360.9371       29953.6672       5.3098e-09       -0.1418 
22360.9371       29953.6672       1.0619e-08       -0.2850 
22360.9371       29953.6672       1.5928e-08       -0.4294 
22360.9371       29953.6672       2.1238e-08       -0.5750 
22360.9371       29953.6672       2.6547e-08       -0.7218 
22360.9371       29953.6672       3.1857e-08       -0.8695 
22360.9371       29953.6672       3.7166e-08       -1.0182 
22360.9371       29953.6672       4.2475e-08       -1.1679 
22360.9371       29953.6672       4.7785e-08       -1.3184 
22360.9371       29953.6672       5.3094e-08       -1.4697 
22360.9371       29953.6672       5.8403e-08       -1.6218 
22360.9371       29953.6672       6.3713e-08       -1.7747 
22360.9371       29953.6672       6.9022e-08       -1.9283 
22360.9371       29953.6672       7.4331e-08       -2.0825 
22360.9371       29953.6672       7.9641e-08       -2.2374 
22360.9371       29953.6672       8.4950e-08       -2.3929 
22360.9371       29953.6672       9.0259e-08       -2.5490 
22360.9371       29953.6672       9.5569e-08       -2.7056 
29953.6672       40124.5339       0.0000e+00       0.0000 
29953.6672       40124.5339       1.7642e-13       -0.0000 
29953.6672       40124.5339       5.7357e-09       -0.1503 
29953.6672       40124.5339       1.1471e-08       -0.3005 
29953.6672       40124.5339       1.7207e-08       -0.4508 
29953.6672       40124.5339       2.2942e-08       -0.6011 
29953.6672       40124.5339       2.8678e-08       -0.7515 
29953.6672       40124.5339       3.4413e-08       -0.9018 
29953.6672       40124.5339       4.0149e-08       -1.0521 
29953.6672       40124.5339       4.5884e-08       -1.2024 
29953.6672       40124.5339       5.1620e-08       -1.3528 
29953.6672       40124.5339       5.7355e-08       -1.5031 
29953.6672       40124.5339       6.3091e-08       -1.6534 
29953.6672       40124.5339       6.8826e-08       -1.8038 
29953.6672       40124.5339       7.4562e-08       -1.9541 
29953.6672       40124.5339       8.0297e-08       -2.1045 
29953.6672       40124.5339       8.6033e-08       -2.2548 
29953.6672       40124.5339       9.1768e-08       -2.4052 
29953.6672       40124.5339       9.7504e-08       -2.5555 
29953.6672       40124.5339       1.0324e-07       -2.7059 
40124.5339       53748.9519       0.0000e+00       0.0000 
40124.5339       53748.9519       7.3398e-14       -0.0000 
40124.5339       53748.9519       7.8915e-09       -0.1498 
40124.5339       53748.9519       1.5783e-08       -0.2996 
40124.5339       53748.9519       2.3674e-08       -0.4495 
40124.5339       53748.9519       3.1566e-08       -0.5995 
40124.5339       53748.9519       3.9457e-08       -0.7495 
40124.5339       53748.9519       4.7349e-08       -0.8996 
40124.5339       53748.9519       5.5240e-08       -1.0498 
40124.5339       53748.9519       6.3131e-08       -1.2000 
40124.5339       53748.9519       7.1023e-08       -1.3504 
40124.5339       53748.9519       7.8914e-08       -1.5007 
40124.5339       53748.9519       8.6806e-08       -1.6512 
40124.5339       53748.9519       9.4697e-08       -1.8017 
40124.5339       53748.9519       1.0259e-07       -1.9522 
40124.5339       53748.9519       1.1048e-07       -2.1028 
40124.5339       53748.9519       1.1837e-07       -2.2535 
40124.5339       53748.9519       1.2626e-07       -2.4042 
40124.5339       53748.9519       1.3415e-07       -2.5550 
40124.5339       53748.9519       1.4205e-07       -2.7059 
53748.9519       72001.2440       0.0000e+00       -0.0000 
53748.9519       72001.2440       3.0539e-14       0.0000 
53748.9519       72001.2440       1.0053e-08       -0.1503 
53748.9519       72001.2440       2.0106e-08       -0.3007 
53748.9519       72001.2440       3.0158e-08       -0.4510 
53748.9519       72001.2440       4.0211e-08       -0.6013 
53748.9519       72001.2440       5.0264e-08       -0.7516 
53748.9519       72001.2440       6.0317e-08       -0.9020 
53748.9519       72001.2440       7.0370e-08       -1.0523 
53748.9519       72001.2440       8.0422e-08       -1.2026 
53748.9519       72001.2440       9.0475e-08       -1.3529 
53748.9519       72001.2440       1.0053e-07       -1.5033 
53748.9519       72001.2440       1.1058e-07       -1.6536 
53748.9519       72001.2440       1.2063e-07       -1.8039 
53748.9519       72001.2440       1.3069e-07       -1.9543 
53748.9519       72001.2440       1.4074e-07       -2.1046 
53748.9519       72001.2440       1.5079e-07       -2.2549 
53748.9519       72001.2440       1.6084e-07       -2.4052 
53748.9519       72001.2440       1.7090e-07       -2.5556 
53748.9519       72001.2440       1.8095e-07       -2.7059 
72001.2440       96449.5043       0.0000e+00       -0.0000 
72001.2440       96449.5043       1.2704e-14       0.0000 
72001.2440       96449.5043       1.3779e-08       -0.1503 
72001.2440       96449.5043       2.7558e-08       -0.3006 
72001.2440       96449.5043       4.1337e-08       -0.4509 
72001.2440       96449.5043       5.5116e-08       -0.6012 
72001.2440       96449.5043       6.8895e-08       -0.7515 
72001.2440       96449.5043       8.2674e-08       -0.9018 
72001.2440       96449.5043       9.6453e-08       -1.0521 
72001.2440       96449.5043       1.1023e-07       -1.2024 
72001.2440       96449.5043       1.2401e-07       -1.3527 
72001.2440       96449.5043       1.3779e-07       -1.5031 
72001.2440       96449.5043       1.5157e-07       -1.6534 
72001.2440       96449.5043       1.6535e-07       -1.8037 
72001.2440       96449.5043       1.7913e-07       -1.9541 
72001.2440       96449.5043       1.9291e-07       -2.1044 
72001.2440       96449.5043       2.0668e-07       -2.2548 
72001.2440       96449.5043       2.2046e-07       -2.4051 
72001.2440       96449.5043       2.3424e-07       -2.5555 
72001.2440       96449.5043       2.4802e-07       -2.7059 
96449.5043       129199.2522       0.0000e+00       -0.0000 
96449.5043       129199.2522       5.2851e-15       0.0000 
96449.5043       129199.2522       1.8261e-08       -0.1503 
96449.5043       129199.2522       3.6523e-08       -0.3007 
96449.5043       129199.2522       5.4784e-08       -0.4510 
96449.5043       129199.2522       7.3046e-08       -0.6013 
96449.5043       129199.2522       9.1307e-08       -0.7516 
96449.5043       129199.2522       1.0957e-07       -0.9020 
96449.5043       129199.2522       1.2783e-07       -1.0523 
96449.5043       129199.2522       1.4609e-07       -1.2026 
96449.5043       129199.2522       1.6435e-07       -1.3529 
96449.5043       129199.2522       1.8261e-07       -1.5033 
96449.5043       129199.2522       2.0088e-07       -1.6536 
96449.5043       129199.2522       2.1914e-07       -1.8039 
96449.5043       129199.2522       2.3740e-07       -1.9543 
96449.5043       129199.2522       2.5566e-07       -2.1046 
96449.5043       129199.2522       2.7392e-07       -2.2549 
96449.5043       129199.2522       2.9218e-07       -2.4052 
96449.5043       129199.2522       3.1045e-07       -2.5556 
96449.5043       129199.2522       3.2871e-07       -2.7059 
129199.2522       173069.2852       0.0000e+00       -0.0000 
129199.2522       173069.2852       2.1987e-15       0.0000 
129199.2522       173069.2852       2.4538e-08       -0.1503 
129199.2522       173069.2852       4.9075e-08       -0.3007 
129199.2522       173069.2852       7.3613e-08       -0.4510 
129199.2522       173069.2852       9.8151e-08       -0.6013 
129199.2522       173069.2852       1.2269e-07       -0.7516 
129199.2522       173069.2852       1.4723e-07       -0.9020 
129199.2522       173069.2852       1.7176e-07       -1.0523 
129199.2522       173069.2852       1.9630e-07       -1.2026 
129199.2522       173069.2852       2.2084e-07       -1.3529 
129199.2522       173069.2852       2.4538e-07       -1.5033 
129199.2522       173069.2852       2.6991e-07       -1.6536 
129199.2522       173069.2852       2.9445e-07       -1.8039 
129199.2522       173069.2852       3.1899e-07       -1.9543 
129199.2522       173069.2852       3.4353e-07       -2.1046 
129199.2522       173069.2852       3.6807e-07       -2.2549 
129199.2522       173069.2852       3.9260e-07       -2.4052 
129199.2522       173069.2852       4.1714e-07       -2.5556 
129199.2522       173069.2852       4.4168e-07       -2.7059 
173069.2852       231840.8711       0.0000e+00       -0.0000 
173069.2852       231840.8711       9.1478e-16       0.0000 
173069.2852       231840.8711       3.2995e-08       -0.1503 
173069.2852       231840.8711       6.5989e-08       -0.3006 
173069.2852       231840.8711       9.8984e-08       -0.4510 
173069.2852       231840.8711       1.3198e-07       -0.6013 
173069.2852       231840.8711       1.6497e-07       -0.7516 
173069.2852       231840.8711       1.9797e-07       -0.9019 
173069.2852       231840.8711       2.3096e-07       -1.0523 
173069.2852       231840.8711       2.6396e-07       -1.2026 
173069.2852       231840.8711       2.9695e-07       -1.3529 
173069.2852       231840.8711       3.2995e-07       -1.5033 
173069.2852       231840.8711       3.6294e-07       -1.6536 
173069.2852       231840.8711       3.9594e-07       -1.8039 
173069.2852       231840.8711       4.2893e-07       -1.9543 
173069.2852       231840.8711       4.6193e-07       -2.1046 
173069.2852       231840.8711       4.9492e-07       -2.2549 
173069.2852       231840.8711       5.2791e-07       -2.4052 
173069.2852       231840.8711       5.6091e-07       -2.5556 
173069.2852       231840.8711       5.9390e-07       -2.7059 
231840.8711       310563.2050       0.0000e+00       -0.0000 
231840.8711       310563.2050       3.8053e-16       0.0000 
231840.8711       310563.2050       4.4358e-08       -0.1503 
231840.8711       310563.2050       8.8716e-08       -0.3007 
231840.8711       310563.2050       1.3307e-07       -0.4510 
231840.8711       310563.2050       1.7743e-07       -0.6013 
231840.8711       310563.2050       2.2179e-07       -0.7516 
231840.8711       310563.2050       2.6615e-07       -0.9020 
231840.8711       310563.2050       3.1051e-07       -1.0523 
231840.8711       310563.2050       3.5486e-07       -1.2026 
231840.8711       310563.2050       3.9922e-07       -1.3529 
231840.8711       310563.2050       4.4358e-07       -1.5033 
231840.8711       310563.2050       4.8794e-07       -1.6536 
231840.8711       310563.2050       5.3230e-07       -1.8039 
231840.8711       310563.2050       5.7665e-07       -1.9543 
231840.8711       310563.2050       6.2101e-07       -2.1046 
231840.8711       310563.2050       6.6537e-07       -2.2549 
231840.8711       310563.2050       7.0973e-07       -2.4052 
231840.8711       310563.2050       7.5409e-07       -2.5556 
231840.8711       310563.2050       7.9844e-07       -2.7059 
310563.2050       416015.9675       0.0000e+00       -0.0000 
310563.2050       416015.9675       1.5831e-16       0.0000 
310563.2050       416015.9675       5.9767e-08       -0.1503 
310563.2050       416015.9675       1.1953e-07       -0.3007 
310563.2050       416015.9675       1.7930e-07       -0.4510 
310563.2050       416015.9675       2.3907e-07       -0.6013 
310563.2050       416015.9675       2.9883e-07       -0.7516 
310563.2050       416015.9675       3.5860e-07       -0.9020 
310563.2050       416015.9675       4.1837e-07       -1.0523 
310563.2050       416015.9675       4.7813e-07       -1.2026 
310563.2050       416015.9675       5.3790e-07       -1.3530 
310563.2050       416015.9675       5.9767e-07       -1.5033 
310563.2050       416015.9675       6.5743e-07       -1.6536 
310563.2050       416015.9675       7.1720e-07       -1.8039 
310563.2050       416015.9675       7.7697e-07       -1.9543 
310563.2050       416015.9675       8.3673e-07       -2.1046 
310563.2050       416015.9675       8.9650e-07       -2.2549 
310563.2050       416015.9675       9.5627e-07       -2.4052 
310563.2050       416015.9675       1.0160e-06       -2.5556 
310563.2050       416015.9675       1.0758e-06       -2.7059 
416015.9675       557275.5639       0.0000e+00       -0.0000 
416015.9675       557275.5639       6.5861e-17       0.0000 
416015.9675       557275.5639       8.0946e-08       -0.1503 
416015.9675       557275.5639       1.6189e-07       -0.3007 
416015.9675       557275.5639       2.4284e-07       -0.4510 
416015.9675       557275.5639       3.2378e-07       -0.6013 
416015.9675       557275.5639       4.0473e-07       -0.7516 
416015.9675       557275.5639       4.8568e-07       -0.9020 
416015.9675       557275.5639       5.6662e-07       -1.0523 
416015.9675       557275.5639       6.4757e-07       -1.2026 
416015.9675       557275.5639       7.2851e-07       -1.3530 
416015.9675       557275.5639       8.0946e-07       -1.5033 
416015.9675       557275.5639       8.9041e-07       -1.6536 
416015.9675       557275.5639       9.7135e-07       -1.8039 
416015.9675       557275.5639       1.0523e-06       -1.9543 
416015.9675       557275.5639       1.1332e-06       -2.1046 
416015.9675       557275.5639       1.2142e-06       -2.2549 
416015.9675       557275.5639       1.2951e-06       -2.4052 
416015.9675       557275.5639       1.3761e-06       -2.5556 
416015.9675       557275.5639       1.4570e-06       -2.7059 
557275.5639       746517.5120       0.0000e+00       -0.0000 
557275.5639       746517.5120       2.7401e-17       0.0000 
557275.5639       746517.5120       1.1050e-07       -0.1503 
557275.5639       746517.5120       2.2101e-07       -0.3007 
557275.5639       746517.5120       3.3151e-07       -0.4510 
557275.5639       746517.5120       4.4201e-07       -0.6013 
557275.5639       746517.5120       5.5252e-07       -0.7516 
557275.5639       746517.5120       6.6302e-07       -0.9020 
557275.5639       746517.5120       7.7353e-07       -1.0523 
557275.5639       746517.5120       8.8403e-07       -1.2026 
557275.5639       746517.5120       9.9453e-07       -1.3529 
557275.5639       746517.5120       1.1050e-06       -1.5033 
557275.5639       746517.5120       1.2155e-06       -1.6536 
557275.5639       746517.5120       1.3260e-06       -1.8039 
557275.5639       746517.5120       1.4365e-06       -1.9543 
557275.5639       746517.5120       1.5471e-06       -2.1046 
557275.5639       746517.5120       1.6576e-06       -2.2549 
557275.5639       746517.5120       1.7681e-06       -2.4052 
557275.5639       746517.5120       1.8786e-06       -2.5556 
557275.5639       746517.5120       1.9891e-06       -2.7059 
746517.5120       1000000.0000       0.0000e+00       -0.0000 
746517.5120       1000000.0000       1.1398e-17       0.0000 
746517.5120       1000000.0000       1.5785e-07       -0.1503 
746517.5120       1000000.0000       3.1570e-07       -0.3007 
746517.5120       1000000.0000       4.7355e-07       -0.4510 
746517.5120       1000000.0000       6.3140e-07       -0.6013 
746517.5120       1000000.0000       7.8925e-07       -0.7516 
746517.5120       1000000.0000       9.4710e-07       -0.9019 
746517.5120       1000000.0000       1.1049e-06       -1.0523 
746517.5120       1000000.0000       1.2628e-06       -1.2026 
746517.5120       1000000.0000       1.4206e-06       -1.3529 
746517.5120       1000000.0000       1.5785e-06       -1.5033 
746517.5120       1000000.0000       1.7363e-06       -1.6536 
746517.5120       1000000.0000       1.8942e-06       -1.8039 
746517.5120       1000000.0000       2.0520e-06       -1.9542 
746517.5120       1000000.0000       2.2099e-06       -2.1046 
746517.5120       1000000.0000       2.3677e-06       -2.2549 
746517.5120       1000000.0000       2.5256e-06       -2.4052 
746517.5120       1000000.0000       2.6834e-06       -2.5556 
746517.5120       1000000.0000       2.8413e-06       -2.7059 
