#Leo_4  Log10(Jfactor)=16.400   sigmaJ=1.080 
#[0]emin(MeV) [1]emax(MeV) [2]eflux(MeV/cm^2/s) [3]deltaLogLike 
500.0000       669.7766       0.0000e+00       0.0000 
500.0000       669.7766       6.6378e-13       -0.0000 
500.0000       669.7766       4.9819e-09       -0.0614 
500.0000       669.7766       9.9632e-09       -0.1346 
500.0000       669.7766       1.4944e-08       -0.2192 
500.0000       669.7766       1.9926e-08       -0.3151 
500.0000       669.7766       2.4907e-08       -0.4219 
500.0000       669.7766       2.9888e-08       -0.5393 
500.0000       669.7766       3.4869e-08       -0.6672 
500.0000       669.7766       3.9851e-08       -0.8054 
500.0000       669.7766       4.4832e-08       -0.9534 
500.0000       669.7766       4.9813e-08       -1.1113 
500.0000       669.7766       5.4795e-08       -1.2787 
500.0000       669.7766       5.9776e-08       -1.4556 
500.0000       669.7766       6.4757e-08       -1.6415 
500.0000       669.7766       6.9738e-08       -1.8366 
500.0000       669.7766       7.4720e-08       -2.0404 
500.0000       669.7766       7.9701e-08       -2.2529 
500.0000       669.7766       8.4682e-08       -2.4739 
500.0000       669.7766       8.9663e-08       -2.7033 
669.7766       897.2222       0.0000e+00       0.0000 
669.7766       897.2222       1.4053e-12       -0.0000 
669.7766       897.2222       4.6398e-09       -0.0405 
669.7766       897.2222       9.2781e-09       -0.0966 
669.7766       897.2222       1.3916e-08       -0.1677 
669.7766       897.2222       1.8555e-08       -0.2532 
669.7766       897.2222       2.3193e-08       -0.3524 
669.7766       897.2222       2.7832e-08       -0.4648 
669.7766       897.2222       3.2470e-08       -0.5901 
669.7766       897.2222       3.7108e-08       -0.7277 
669.7766       897.2222       4.1747e-08       -0.8772 
669.7766       897.2222       4.6385e-08       -1.0382 
669.7766       897.2222       5.1023e-08       -1.2104 
669.7766       897.2222       5.5662e-08       -1.3935 
669.7766       897.2222       6.0300e-08       -1.5871 
669.7766       897.2222       6.4938e-08       -1.7909 
669.7766       897.2222       6.9577e-08       -2.0047 
669.7766       897.2222       7.4215e-08       -2.2282 
669.7766       897.2222       7.8853e-08       -2.4612 
669.7766       897.2222       8.3492e-08       -2.7033 
897.2222       1201.8769       0.0000e+00       0.0000 
897.2222       1201.8769       1.0318e-12       -0.0000 
897.2222       1201.8769       2.3323e-09       -0.1224 
897.2222       1201.8769       4.6637e-09       -0.2485 
897.2222       1201.8769       6.9950e-09       -0.3781 
897.2222       1201.8769       9.3263e-09       -0.5113 
897.2222       1201.8769       1.1658e-08       -0.6479 
897.2222       1201.8769       1.3989e-08       -0.7878 
897.2222       1201.8769       1.6320e-08       -0.9311 
897.2222       1201.8769       1.8652e-08       -1.0775 
897.2222       1201.8769       2.0983e-08       -1.2271 
897.2222       1201.8769       2.3314e-08       -1.3798 
897.2222       1201.8769       2.5645e-08       -1.5355 
897.2222       1201.8769       2.7977e-08       -1.6941 
897.2222       1201.8769       3.0308e-08       -1.8557 
897.2222       1201.8769       3.2639e-08       -2.0201 
897.2222       1201.8769       3.4971e-08       -2.1873 
897.2222       1201.8769       3.7302e-08       -2.3573 
897.2222       1201.8769       3.9633e-08       -2.5300 
897.2222       1201.8769       4.1965e-08       -2.7054 
1201.8769       1609.9782       0.0000e+00       -0.2005 
1201.8769       1609.9782       1.5800e-08       0.0000 
1201.8769       1609.9782       1.9969e-08       -0.0120 
1201.8769       1609.9782       2.4138e-08       -0.0462 
1201.8769       1609.9782       2.8306e-08       -0.1011 
1201.8769       1609.9782       3.2475e-08       -0.1750 
1201.8769       1609.9782       3.6644e-08       -0.2667 
1201.8769       1609.9782       4.0812e-08       -0.3751 
1201.8769       1609.9782       4.4981e-08       -0.4992 
1201.8769       1609.9782       4.9150e-08       -0.6381 
1201.8769       1609.9782       5.3318e-08       -0.7911 
1201.8769       1609.9782       5.7487e-08       -0.9576 
1201.8769       1609.9782       6.1656e-08       -1.1367 
1201.8769       1609.9782       6.5824e-08       -1.3280 
1201.8769       1609.9782       6.9993e-08       -1.5310 
1201.8769       1609.9782       7.4162e-08       -1.7451 
1201.8769       1609.9782       7.8330e-08       -1.9700 
1201.8769       1609.9782       8.2499e-08       -2.2052 
1201.8769       1609.9782       8.6668e-08       -2.4504 
1201.8769       1609.9782       9.0837e-08       -2.7051 
1609.9782       2156.6516       0.0000e+00       0.0000 
1609.9782       2156.6516       1.1497e-12       -0.0000 
1609.9782       2156.6516       2.4992e-09       -0.0787 
1609.9782       2156.6516       4.9972e-09       -0.1708 
1609.9782       2156.6516       7.4953e-09       -0.2747 
1609.9782       2156.6516       9.9933e-09       -0.3890 
1609.9782       2156.6516       1.2491e-08       -0.5127 
1609.9782       2156.6516       1.4989e-08       -0.6449 
1609.9782       2156.6516       1.7487e-08       -0.7847 
1609.9782       2156.6516       1.9986e-08       -0.9318 
1609.9782       2156.6516       2.2484e-08       -1.0854 
1609.9782       2156.6516       2.4982e-08       -1.2451 
1609.9782       2156.6516       2.7480e-08       -1.4106 
1609.9782       2156.6516       2.9978e-08       -1.5815 
1609.9782       2156.6516       3.2476e-08       -1.7574 
1609.9782       2156.6516       3.4974e-08       -1.9382 
1609.9782       2156.6516       3.7472e-08       -2.1235 
1609.9782       2156.6516       3.9970e-08       -2.3132 
1609.9782       2156.6516       4.2468e-08       -2.5069 
1609.9782       2156.6516       4.4966e-08       -2.7047 
2156.6516       2889.0164       0.0000e+00       0.0000 
2156.6516       2889.0164       1.0722e-12       -0.0001 
2156.6516       2889.0164       1.7703e-09       -0.1326 
2156.6516       2889.0164       3.5396e-09       -0.2677 
2156.6516       2889.0164       5.3089e-09       -0.4052 
2156.6516       2889.0164       7.0781e-09       -0.5450 
2156.6516       2889.0164       8.8474e-09       -0.6871 
2156.6516       2889.0164       1.0617e-08       -0.8314 
2156.6516       2889.0164       1.2386e-08       -0.9777 
2156.6516       2889.0164       1.4155e-08       -1.1260 
2156.6516       2889.0164       1.5924e-08       -1.2763 
2156.6516       2889.0164       1.7694e-08       -1.4284 
2156.6516       2889.0164       1.9463e-08       -1.5823 
2156.6516       2889.0164       2.1232e-08       -1.7380 
2156.6516       2889.0164       2.3001e-08       -1.8954 
2156.6516       2889.0164       2.4771e-08       -2.0544 
2156.6516       2889.0164       2.6540e-08       -2.2150 
2156.6516       2889.0164       2.8309e-08       -2.3771 
2156.6516       2889.0164       3.0078e-08       -2.5408 
2156.6516       2889.0164       3.1848e-08       -2.7059 
2889.0164       3869.9914       0.0000e+00       -2.3365 
2889.0164       3869.9914       4.4076e-09       -1.6169 
2889.0164       3869.9914       8.8152e-09       -1.1147 
2889.0164       3869.9914       1.3223e-08       -0.7501 
2889.0164       3869.9914       1.7630e-08       -0.4826 
2889.0164       3869.9914       2.2038e-08       -0.2885 
2889.0164       3869.9914       2.6446e-08       -0.1525 
2889.0164       3869.9914       3.0853e-08       -0.0638 
2889.0164       3869.9914       3.5261e-08       -0.0149 
2889.0164       3869.9914       3.9668e-08       0.0000 
2889.0164       3869.9914       4.7475e-08       -0.0435 
2889.0164       3869.9914       5.5282e-08       -0.1613 
2889.0164       3869.9914       6.3088e-08       -0.3403 
2889.0164       3869.9914       7.0895e-08       -0.5709 
2889.0164       3869.9914       7.8702e-08       -0.8458 
2889.0164       3869.9914       8.6508e-08       -1.1593 
2889.0164       3869.9914       9.4315e-08       -1.5068 
2889.0164       3869.9914       1.0212e-07       -1.8845 
2889.0164       3869.9914       1.0993e-07       -2.2894 
2889.0164       3869.9914       1.1773e-07       -2.7189 
3869.9914       5184.0598       0.0000e+00       0.0000 
3869.9914       5184.0598       3.4267e-12       -0.0001 
3869.9914       5184.0598       3.7813e-09       -0.0829 
3869.9914       5184.0598       7.5591e-09       -0.1791 
3869.9914       5184.0598       1.1337e-08       -0.2870 
3869.9914       5184.0598       1.5115e-08       -0.4049 
3869.9914       5184.0598       1.8893e-08       -0.5316 
3869.9914       5184.0598       2.2670e-08       -0.6664 
3869.9914       5184.0598       2.6448e-08       -0.8082 
3869.9914       5184.0598       3.0226e-08       -0.9566 
3869.9914       5184.0598       3.4004e-08       -1.1109 
3869.9914       5184.0598       3.7782e-08       -1.2707 
3869.9914       5184.0598       4.1560e-08       -1.4356 
3869.9914       5184.0598       4.5338e-08       -1.6051 
3869.9914       5184.0598       4.9115e-08       -1.7790 
3869.9914       5184.0598       5.2893e-08       -1.9571 
3869.9914       5184.0598       5.6671e-08       -2.1390 
3869.9914       5184.0598       6.0449e-08       -2.3245 
3869.9914       5184.0598       6.4227e-08       -2.5135 
3869.9914       5184.0598       6.8005e-08       -2.7058 
5184.0598       6944.3244       0.0000e+00       0.0000 
5184.0598       6944.3244       1.0089e-12       -0.0000 
5184.0598       6944.3244       2.9781e-09       -0.1331 
5184.0598       6944.3244       5.9552e-09       -0.2688 
5184.0598       6944.3244       8.9323e-09       -0.4070 
5184.0598       6944.3244       1.1909e-08       -0.5477 
5184.0598       6944.3244       1.4887e-08       -0.6905 
5184.0598       6944.3244       1.7864e-08       -0.8355 
5184.0598       6944.3244       2.0841e-08       -0.9824 
5184.0598       6944.3244       2.3818e-08       -1.1313 
5184.0598       6944.3244       2.6795e-08       -1.2819 
5184.0598       6944.3244       2.9772e-08       -1.4342 
5184.0598       6944.3244       3.2749e-08       -1.5882 
5184.0598       6944.3244       3.5726e-08       -1.7437 
5184.0598       6944.3244       3.8703e-08       -1.9006 
5184.0598       6944.3244       4.1680e-08       -2.0590 
5184.0598       6944.3244       4.4658e-08       -2.2187 
5184.0598       6944.3244       4.7635e-08       -2.3797 
5184.0598       6944.3244       5.0612e-08       -2.5419 
5184.0598       6944.3244       5.3589e-08       -2.7054 
6944.3244       9302.5069       0.0000e+00       0.0000 
6944.3244       9302.5069       1.9258e-12       -0.0001 
6944.3244       9302.5069       3.2398e-09       -0.1473 
6944.3244       9302.5069       6.4776e-09       -0.2949 
6944.3244       9302.5069       9.7155e-09       -0.4429 
6944.3244       9302.5069       1.2953e-08       -0.5913 
6944.3244       9302.5069       1.6191e-08       -0.7400 
6944.3244       9302.5069       1.9429e-08       -0.8892 
6944.3244       9302.5069       2.2667e-08       -1.0387 
6944.3244       9302.5069       2.5905e-08       -1.1885 
6944.3244       9302.5069       2.9143e-08       -1.3388 
6944.3244       9302.5069       3.2380e-08       -1.4893 
6944.3244       9302.5069       3.5618e-08       -1.6403 
6944.3244       9302.5069       3.8856e-08       -1.7915 
6944.3244       9302.5069       4.2094e-08       -1.9431 
6944.3244       9302.5069       4.5332e-08       -2.0950 
6944.3244       9302.5069       4.8570e-08       -2.2473 
6944.3244       9302.5069       5.1807e-08       -2.3998 
6944.3244       9302.5069       5.5045e-08       -2.5527 
6944.3244       9302.5069       5.8283e-08       -2.7059 
9302.5069       12461.2038       0.0000e+00       0.0000 
9302.5069       12461.2038       1.6305e-12       -0.0001 
9302.5069       12461.2038       3.4867e-09       -0.1496 
9302.5069       12461.2038       6.9718e-09       -0.2993 
9302.5069       12461.2038       1.0457e-08       -0.4491 
9302.5069       12461.2038       1.3942e-08       -0.5990 
9302.5069       12461.2038       1.7427e-08       -0.7489 
9302.5069       12461.2038       2.0912e-08       -0.8990 
9302.5069       12461.2038       2.4397e-08       -1.0491 
9302.5069       12461.2038       2.7882e-08       -1.1993 
9302.5069       12461.2038       3.1367e-08       -1.3496 
9302.5069       12461.2038       3.4853e-08       -1.5000 
9302.5069       12461.2038       3.8338e-08       -1.6504 
9302.5069       12461.2038       4.1823e-08       -1.8010 
9302.5069       12461.2038       4.5308e-08       -1.9516 
9302.5069       12461.2038       4.8793e-08       -2.1023 
9302.5069       12461.2038       5.2278e-08       -2.2531 
9302.5069       12461.2038       5.5763e-08       -2.4039 
9302.5069       12461.2038       5.9248e-08       -2.5549 
9302.5069       12461.2038       6.2733e-08       -2.7059 
12461.2038       16692.4468       0.0000e+00       0.0000 
12461.2038       16692.4468       1.0503e-12       -0.0000 
12461.2038       16692.4468       4.6535e-09       -0.1494 
12461.2038       16692.4468       9.3060e-09       -0.2988 
12461.2038       16692.4468       1.3958e-08       -0.4484 
12461.2038       16692.4468       1.8611e-08       -0.5982 
12461.2038       16692.4468       2.3263e-08       -0.7480 
12461.2038       16692.4468       2.7916e-08       -0.8979 
12461.2038       16692.4468       3.2568e-08       -1.0480 
12461.2038       16692.4468       3.7221e-08       -1.1982 
12461.2038       16692.4468       4.1873e-08       -1.3485 
12461.2038       16692.4468       4.6526e-08       -1.4989 
12461.2038       16692.4468       5.1178e-08       -1.6494 
12461.2038       16692.4468       5.5831e-08       -1.8000 
12461.2038       16692.4468       6.0483e-08       -1.9507 
12461.2038       16692.4468       6.5136e-08       -2.1016 
12461.2038       16692.4468       6.9788e-08       -2.2525 
12461.2038       16692.4468       7.4440e-08       -2.4035 
12461.2038       16692.4468       7.9093e-08       -2.5547 
12461.2038       16692.4468       8.3745e-08       -2.7059 
16692.4468       22360.9371       0.0000e+00       0.0000 
16692.4468       22360.9371       1.1015e-12       -0.0000 
16692.4468       22360.9371       6.0888e-09       -0.1497 
16692.4468       22360.9371       1.2177e-08       -0.2994 
16692.4468       22360.9371       1.8264e-08       -0.4492 
16692.4468       22360.9371       2.4352e-08       -0.5991 
16692.4468       22360.9371       3.0440e-08       -0.7491 
16692.4468       22360.9371       3.6528e-08       -0.8992 
16692.4468       22360.9371       4.2615e-08       -1.0493 
16692.4468       22360.9371       4.8703e-08       -1.1996 
16692.4468       22360.9371       5.4791e-08       -1.3498 
16692.4468       22360.9371       6.0878e-08       -1.5002 
16692.4468       22360.9371       6.6966e-08       -1.6507 
16692.4468       22360.9371       7.3054e-08       -1.8012 
16692.4468       22360.9371       7.9142e-08       -1.9518 
16692.4468       22360.9371       8.5229e-08       -2.1025 
16692.4468       22360.9371       9.1317e-08       -2.2532 
16692.4468       22360.9371       9.7405e-08       -2.4040 
16692.4468       22360.9371       1.0349e-07       -2.5549 
16692.4468       22360.9371       1.0958e-07       -2.7059 
22360.9371       29953.6672       0.0000e+00       -0.0000 
22360.9371       29953.6672       1.1470e-12       0.0000 
22360.9371       29953.6672       9.5445e-09       -0.1358 
22360.9371       29953.6672       1.9088e-08       -0.2741 
22360.9371       29953.6672       2.8631e-08       -0.4147 
22360.9371       29953.6672       3.8175e-08       -0.5573 
22360.9371       29953.6672       4.7718e-08       -0.7019 
22360.9371       29953.6672       5.7261e-08       -0.8483 
22360.9371       29953.6672       6.6805e-08       -0.9963 
22360.9371       29953.6672       7.6348e-08       -1.1458 
22360.9371       29953.6672       8.5892e-08       -1.2967 
22360.9371       29953.6672       9.5435e-08       -1.4489 
22360.9371       29953.6672       1.0498e-07       -1.6024 
22360.9371       29953.6672       1.1452e-07       -1.7570 
22360.9371       29953.6672       1.2407e-07       -1.9127 
22360.9371       29953.6672       1.3361e-07       -2.0694 
22360.9371       29953.6672       1.4315e-07       -2.2271 
22360.9371       29953.6672       1.5270e-07       -2.3857 
22360.9371       29953.6672       1.6224e-07       -2.5451 
22360.9371       29953.6672       1.7178e-07       -2.7054 
29953.6672       40124.5339       0.0000e+00       0.0000 
29953.6672       40124.5339       8.7667e-13       -0.0000 
29953.6672       40124.5339       9.7560e-09       -0.1503 
29953.6672       40124.5339       1.9511e-08       -0.3005 
29953.6672       40124.5339       2.9266e-08       -0.4508 
29953.6672       40124.5339       3.9021e-08       -0.6011 
29953.6672       40124.5339       4.8777e-08       -0.7514 
29953.6672       40124.5339       5.8532e-08       -0.9017 
29953.6672       40124.5339       6.8287e-08       -1.0520 
29953.6672       40124.5339       7.8042e-08       -1.2023 
29953.6672       40124.5339       8.7797e-08       -1.3526 
29953.6672       40124.5339       9.7552e-08       -1.5030 
29953.6672       40124.5339       1.0731e-07       -1.6533 
29953.6672       40124.5339       1.1706e-07       -1.8037 
29953.6672       40124.5339       1.2682e-07       -1.9540 
29953.6672       40124.5339       1.3657e-07       -2.1044 
29953.6672       40124.5339       1.4633e-07       -2.2547 
29953.6672       40124.5339       1.5608e-07       -2.4051 
29953.6672       40124.5339       1.6584e-07       -2.5555 
29953.6672       40124.5339       1.7559e-07       -2.7059 
40124.5339       53748.9519       0.0000e+00       0.0000 
40124.5339       53748.9519       6.6674e-13       -0.0000 
40124.5339       53748.9519       1.2794e-08       -0.1503 
40124.5339       53748.9519       2.5587e-08       -0.3005 
40124.5339       53748.9519       3.8380e-08       -0.4508 
40124.5339       53748.9519       5.1173e-08       -0.6011 
40124.5339       53748.9519       6.3966e-08       -0.7514 
40124.5339       53748.9519       7.6759e-08       -0.9017 
40124.5339       53748.9519       8.9552e-08       -1.0520 
40124.5339       53748.9519       1.0235e-07       -1.2023 
40124.5339       53748.9519       1.1514e-07       -1.3527 
40124.5339       53748.9519       1.2793e-07       -1.5030 
40124.5339       53748.9519       1.4072e-07       -1.6533 
40124.5339       53748.9519       1.5352e-07       -1.8037 
40124.5339       53748.9519       1.6631e-07       -1.9540 
40124.5339       53748.9519       1.7910e-07       -2.1044 
40124.5339       53748.9519       1.9190e-07       -2.2548 
40124.5339       53748.9519       2.0469e-07       -2.4051 
40124.5339       53748.9519       2.1748e-07       -2.5555 
40124.5339       53748.9519       2.3028e-07       -2.7059 
53748.9519       72001.2440       0.0000e+00       -0.0000 
53748.9519       72001.2440       5.2576e-13       0.0000 
53748.9519       72001.2440       1.8063e-08       -0.1493 
53748.9519       72001.2440       3.6126e-08       -0.2987 
53748.9519       72001.2440       5.4189e-08       -0.4483 
53748.9519       72001.2440       7.2251e-08       -0.5980 
53748.9519       72001.2440       9.0314e-08       -0.7478 
53748.9519       72001.2440       1.0838e-07       -0.8978 
53748.9519       72001.2440       1.2644e-07       -1.0479 
53748.9519       72001.2440       1.4450e-07       -1.1980 
53748.9519       72001.2440       1.6256e-07       -1.3483 
53748.9519       72001.2440       1.8063e-07       -1.4988 
53748.9519       72001.2440       1.9869e-07       -1.6493 
53748.9519       72001.2440       2.1675e-07       -1.7999 
53748.9519       72001.2440       2.3482e-07       -1.9507 
53748.9519       72001.2440       2.5288e-07       -2.1015 
53748.9519       72001.2440       2.7094e-07       -2.2525 
53748.9519       72001.2440       2.8900e-07       -2.4035 
53748.9519       72001.2440       3.0707e-07       -2.5547 
53748.9519       72001.2440       3.2513e-07       -2.7059 
72001.2440       96449.5043       0.0000e+00       0.0000 
72001.2440       96449.5043       4.0327e-13       -0.0000 
72001.2440       96449.5043       2.2754e-08       -0.1503 
72001.2440       96449.5043       4.5508e-08       -0.3007 
72001.2440       96449.5043       6.8261e-08       -0.4510 
72001.2440       96449.5043       9.1015e-08       -0.6013 
72001.2440       96449.5043       1.1377e-07       -0.7516 
72001.2440       96449.5043       1.3652e-07       -0.9020 
72001.2440       96449.5043       1.5928e-07       -1.0523 
72001.2440       96449.5043       1.8203e-07       -1.2026 
72001.2440       96449.5043       2.0478e-07       -1.3529 
72001.2440       96449.5043       2.2754e-07       -1.5033 
72001.2440       96449.5043       2.5029e-07       -1.6536 
72001.2440       96449.5043       2.7304e-07       -1.8039 
72001.2440       96449.5043       2.9580e-07       -1.9543 
72001.2440       96449.5043       3.1855e-07       -2.1046 
72001.2440       96449.5043       3.4131e-07       -2.2549 
72001.2440       96449.5043       3.6406e-07       -2.4052 
72001.2440       96449.5043       3.8681e-07       -2.5556 
72001.2440       96449.5043       4.0957e-07       -2.7059 
96449.5043       129199.2522       0.0000e+00       0.0000 
96449.5043       129199.2522       3.0534e-13       -0.0000 
96449.5043       129199.2522       3.0584e-08       -0.1503 
96449.5043       129199.2522       6.1168e-08       -0.3007 
96449.5043       129199.2522       9.1753e-08       -0.4510 
96449.5043       129199.2522       1.2234e-07       -0.6013 
96449.5043       129199.2522       1.5292e-07       -0.7516 
96449.5043       129199.2522       1.8350e-07       -0.9020 
96449.5043       129199.2522       2.1409e-07       -1.0523 
96449.5043       129199.2522       2.4467e-07       -1.2026 
96449.5043       129199.2522       2.7526e-07       -1.3529 
96449.5043       129199.2522       3.0584e-07       -1.5033 
96449.5043       129199.2522       3.3643e-07       -1.6536 
96449.5043       129199.2522       3.6701e-07       -1.8039 
96449.5043       129199.2522       3.9759e-07       -1.9543 
96449.5043       129199.2522       4.2818e-07       -2.1046 
96449.5043       129199.2522       4.5876e-07       -2.2549 
96449.5043       129199.2522       4.8935e-07       -2.4052 
96449.5043       129199.2522       5.1993e-07       -2.5556 
96449.5043       129199.2522       5.5051e-07       -2.7059 
129199.2522       173069.2852       0.0000e+00       0.0000 
129199.2522       173069.2852       2.3146e-13       -0.0000 
129199.2522       173069.2852       4.1525e-08       -0.1503 
129199.2522       173069.2852       8.3050e-08       -0.3006 
129199.2522       173069.2852       1.2457e-07       -0.4510 
129199.2522       173069.2852       1.6610e-07       -0.6013 
129199.2522       173069.2852       2.0762e-07       -0.7516 
129199.2522       173069.2852       2.4915e-07       -0.9020 
129199.2522       173069.2852       2.9067e-07       -1.0523 
129199.2522       173069.2852       3.3220e-07       -1.2026 
129199.2522       173069.2852       3.7372e-07       -1.3529 
129199.2522       173069.2852       4.1525e-07       -1.5033 
129199.2522       173069.2852       4.5677e-07       -1.6536 
129199.2522       173069.2852       4.9830e-07       -1.8039 
129199.2522       173069.2852       5.3982e-07       -1.9542 
129199.2522       173069.2852       5.8135e-07       -2.1046 
129199.2522       173069.2852       6.2287e-07       -2.2549 
129199.2522       173069.2852       6.6440e-07       -2.4052 
129199.2522       173069.2852       7.0592e-07       -2.5556 
129199.2522       173069.2852       7.4745e-07       -2.7059 
173069.2852       231840.8711       0.0000e+00       -0.0000 
173069.2852       231840.8711       1.7501e-13       0.0000 
173069.2852       231840.8711       5.5532e-08       -0.1503 
173069.2852       231840.8711       1.1106e-07       -0.3007 
173069.2852       231840.8711       1.6659e-07       -0.4510 
173069.2852       231840.8711       2.2213e-07       -0.6013 
173069.2852       231840.8711       2.7766e-07       -0.7516 
173069.2852       231840.8711       3.3319e-07       -0.9020 
173069.2852       231840.8711       3.8872e-07       -1.0523 
173069.2852       231840.8711       4.4425e-07       -1.2026 
173069.2852       231840.8711       4.9978e-07       -1.3529 
173069.2852       231840.8711       5.5532e-07       -1.5033 
173069.2852       231840.8711       6.1085e-07       -1.6536 
173069.2852       231840.8711       6.6638e-07       -1.8039 
173069.2852       231840.8711       7.2191e-07       -1.9543 
173069.2852       231840.8711       7.7744e-07       -2.1046 
173069.2852       231840.8711       8.3297e-07       -2.2549 
173069.2852       231840.8711       8.8851e-07       -2.4052 
173069.2852       231840.8711       9.4404e-07       -2.5556 
173069.2852       231840.8711       9.9957e-07       -2.7059 
231840.8711       310563.2050       0.0000e+00       -0.0000 
231840.8711       310563.2050       1.3211e-13       0.0000 
231840.8711       310563.2050       7.4707e-08       -0.1503 
231840.8711       310563.2050       1.4941e-07       -0.3007 
231840.8711       310563.2050       2.2412e-07       -0.4510 
231840.8711       310563.2050       2.9883e-07       -0.6013 
231840.8711       310563.2050       3.7354e-07       -0.7516 
231840.8711       310563.2050       4.4824e-07       -0.9020 
231840.8711       310563.2050       5.2295e-07       -1.0523 
231840.8711       310563.2050       5.9766e-07       -1.2026 
231840.8711       310563.2050       6.7236e-07       -1.3529 
231840.8711       310563.2050       7.4707e-07       -1.5033 
231840.8711       310563.2050       8.2178e-07       -1.6536 
231840.8711       310563.2050       8.9648e-07       -1.8039 
231840.8711       310563.2050       9.7119e-07       -1.9543 
231840.8711       310563.2050       1.0459e-06       -2.1046 
231840.8711       310563.2050       1.1206e-06       -2.2549 
231840.8711       310563.2050       1.1953e-06       -2.4052 
231840.8711       310563.2050       1.2700e-06       -2.5556 
231840.8711       310563.2050       1.3447e-06       -2.7059 
310563.2050       416015.9675       0.0000e+00       -0.0000 
310563.2050       416015.9675       9.9700e-14       0.0000 
310563.2050       416015.9675       1.0108e-07       -0.1503 
310563.2050       416015.9675       2.0216e-07       -0.3007 
310563.2050       416015.9675       3.0324e-07       -0.4510 
310563.2050       416015.9675       4.0432e-07       -0.6013 
310563.2050       416015.9675       5.0540e-07       -0.7516 
310563.2050       416015.9675       6.0648e-07       -0.9020 
310563.2050       416015.9675       7.0756e-07       -1.0523 
310563.2050       416015.9675       8.0864e-07       -1.2026 
310563.2050       416015.9675       9.0971e-07       -1.3530 
310563.2050       416015.9675       1.0108e-06       -1.5033 
310563.2050       416015.9675       1.1119e-06       -1.6536 
310563.2050       416015.9675       1.2130e-06       -1.8039 
310563.2050       416015.9675       1.3140e-06       -1.9543 
310563.2050       416015.9675       1.4151e-06       -2.1046 
310563.2050       416015.9675       1.5162e-06       -2.2549 
310563.2050       416015.9675       1.6173e-06       -2.4052 
310563.2050       416015.9675       1.7183e-06       -2.5556 
310563.2050       416015.9675       1.8194e-06       -2.7059 
416015.9675       557275.5639       0.0000e+00       -0.0000 
416015.9675       557275.5639       7.5169e-14       0.0000 
416015.9675       557275.5639       1.3798e-07       -0.1503 
416015.9675       557275.5639       2.7597e-07       -0.3007 
416015.9675       557275.5639       4.1395e-07       -0.4510 
416015.9675       557275.5639       5.5194e-07       -0.6013 
416015.9675       557275.5639       6.8992e-07       -0.7516 
416015.9675       557275.5639       8.2791e-07       -0.9020 
416015.9675       557275.5639       9.6589e-07       -1.0523 
416015.9675       557275.5639       1.1039e-06       -1.2026 
416015.9675       557275.5639       1.2419e-06       -1.3530 
416015.9675       557275.5639       1.3798e-06       -1.5033 
416015.9675       557275.5639       1.5178e-06       -1.6536 
416015.9675       557275.5639       1.6558e-06       -1.8039 
416015.9675       557275.5639       1.7938e-06       -1.9543 
416015.9675       557275.5639       1.9318e-06       -2.1046 
416015.9675       557275.5639       2.0698e-06       -2.2549 
416015.9675       557275.5639       2.2078e-06       -2.4052 
416015.9675       557275.5639       2.3457e-06       -2.5556 
416015.9675       557275.5639       2.4837e-06       -2.7059 
557275.5639       746517.5120       0.0000e+00       -0.0000 
557275.5639       746517.5120       5.6682e-14       0.0000 
557275.5639       746517.5120       1.9046e-07       -0.1503 
557275.5639       746517.5120       3.8091e-07       -0.3007 
557275.5639       746517.5120       5.7137e-07       -0.4510 
557275.5639       746517.5120       7.6182e-07       -0.6013 
557275.5639       746517.5120       9.5228e-07       -0.7516 
557275.5639       746517.5120       1.1427e-06       -0.9020 
557275.5639       746517.5120       1.3332e-06       -1.0523 
557275.5639       746517.5120       1.5236e-06       -1.2026 
557275.5639       746517.5120       1.7141e-06       -1.3530 
557275.5639       746517.5120       1.9046e-06       -1.5033 
557275.5639       746517.5120       2.0950e-06       -1.6536 
557275.5639       746517.5120       2.2855e-06       -1.8040 
557275.5639       746517.5120       2.4759e-06       -1.9543 
557275.5639       746517.5120       2.6664e-06       -2.1046 
557275.5639       746517.5120       2.8568e-06       -2.2550 
557275.5639       746517.5120       3.0473e-06       -2.4053 
557275.5639       746517.5120       3.2377e-06       -2.5556 
557275.5639       746517.5120       3.4282e-06       -2.7059 
746517.5120       1000000.0000       0.0000e+00       -0.0003 
746517.5120       1000000.0000       4.2718e-14       0.0000 
746517.5120       1000000.0000       2.7626e-07       -0.1503 
746517.5120       1000000.0000       5.5253e-07       -0.3007 
746517.5120       1000000.0000       8.2879e-07       -0.4510 
746517.5120       1000000.0000       1.1051e-06       -0.6014 
746517.5120       1000000.0000       1.3813e-06       -0.7517 
746517.5120       1000000.0000       1.6576e-06       -0.9021 
746517.5120       1000000.0000       1.9339e-06       -1.0524 
746517.5120       1000000.0000       2.2101e-06       -1.2027 
746517.5120       1000000.0000       2.4864e-06       -1.3531 
746517.5120       1000000.0000       2.7626e-06       -1.5034 
746517.5120       1000000.0000       3.0389e-06       -1.6538 
746517.5120       1000000.0000       3.3152e-06       -1.8041 
746517.5120       1000000.0000       3.5914e-06       -1.9545 
746517.5120       1000000.0000       3.8677e-06       -2.1048 
746517.5120       1000000.0000       4.1440e-06       -2.2552 
746517.5120       1000000.0000       4.4202e-06       -2.4055 
746517.5120       1000000.0000       4.6965e-06       -2.5558 
746517.5120       1000000.0000       4.9728e-06       -2.7062 
