#Leo_2  Log10(Jfactor)=17.760   sigmaJ=0.200 
#[0]emin(MeV) [1]emax(MeV) [2]eflux(MeV/cm^2/s) [3]deltaLogLike 
500.0000       669.7766       0.0000e+00       -0.0216 
500.0000       669.7766       6.2667e-11       -0.0211 
500.0000       669.7766       4.9795e-09       0.0000 
500.0000       669.7766       9.8963e-09       -0.0037 
500.0000       669.7766       1.4813e-08       -0.0310 
500.0000       669.7766       1.9730e-08       -0.0809 
500.0000       669.7766       2.4647e-08       -0.1523 
500.0000       669.7766       2.9564e-08       -0.2443 
500.0000       669.7766       3.4480e-08       -0.3563 
500.0000       669.7766       3.9397e-08       -0.4873 
500.0000       669.7766       4.4314e-08       -0.6367 
500.0000       669.7766       4.9231e-08       -0.8038 
500.0000       669.7766       5.4148e-08       -0.9882 
500.0000       669.7766       5.9064e-08       -1.1891 
500.0000       669.7766       6.3981e-08       -1.4060 
500.0000       669.7766       6.8898e-08       -1.6385 
500.0000       669.7766       7.3815e-08       -1.8861 
500.0000       669.7766       7.8732e-08       -2.1484 
500.0000       669.7766       8.3648e-08       -2.4249 
500.0000       669.7766       8.8565e-08       -2.7153 
669.7766       897.2222       0.0000e+00       0.0000 
669.7766       897.2222       5.0699e-13       -0.0000 
669.7766       897.2222       3.2937e-09       -0.0695 
669.7766       897.2222       6.5868e-09       -0.1500 
669.7766       897.2222       9.8800e-09       -0.2412 
669.7766       897.2222       1.3173e-08       -0.3428 
669.7766       897.2222       1.6466e-08       -0.4544 
669.7766       897.2222       1.9759e-08       -0.5758 
669.7766       897.2222       2.3053e-08       -0.7066 
669.7766       897.2222       2.6346e-08       -0.8466 
669.7766       897.2222       2.9639e-08       -0.9955 
669.7766       897.2222       3.2932e-08       -1.1532 
669.7766       897.2222       3.6225e-08       -1.3193 
669.7766       897.2222       3.9518e-08       -1.4938 
669.7766       897.2222       4.2812e-08       -1.6763 
669.7766       897.2222       4.6105e-08       -1.8667 
669.7766       897.2222       4.9398e-08       -2.0649 
669.7766       897.2222       5.2691e-08       -2.2705 
669.7766       897.2222       5.5984e-08       -2.4836 
669.7766       897.2222       5.9277e-08       -2.7039 
897.2222       1201.8769       0.0000e+00       0.0000 
897.2222       1201.8769       2.3614e-11       -0.0001 
897.2222       1201.8769       3.5055e-09       -0.0189 
897.2222       1201.8769       6.9873e-09       -0.0575 
897.2222       1201.8769       1.0469e-08       -0.1147 
897.2222       1201.8769       1.3951e-08       -0.1895 
897.2222       1201.8769       1.7433e-08       -0.2810 
897.2222       1201.8769       2.0915e-08       -0.3885 
897.2222       1201.8769       2.4397e-08       -0.5113 
897.2222       1201.8769       2.7878e-08       -0.6485 
897.2222       1201.8769       3.1360e-08       -0.7996 
897.2222       1201.8769       3.4842e-08       -0.9641 
897.2222       1201.8769       3.8324e-08       -1.1414 
897.2222       1201.8769       4.1806e-08       -1.3309 
897.2222       1201.8769       4.5288e-08       -1.5323 
897.2222       1201.8769       4.8770e-08       -1.7451 
897.2222       1201.8769       5.2251e-08       -1.9690 
897.2222       1201.8769       5.5733e-08       -2.2034 
897.2222       1201.8769       5.9215e-08       -2.4481 
897.2222       1201.8769       6.2697e-08       -2.7028 
1201.8769       1609.9782       0.0000e+00       -0.6762 
1201.8769       1609.9782       2.7800e-09       -0.5213 
1201.8769       1609.9782       5.5600e-09       -0.3900 
1201.8769       1609.9782       8.3400e-09       -0.2804 
1201.8769       1609.9782       1.1120e-08       -0.1908 
1201.8769       1609.9782       1.3900e-08       -0.1198 
1201.8769       1609.9782       1.6680e-08       -0.0663 
1201.8769       1609.9782       1.9460e-08       -0.0291 
1201.8769       1609.9782       2.2240e-08       -0.0073 
1201.8769       1609.9782       2.5020e-08       0.0000 
1201.8769       1609.9782       3.1520e-08       -0.0352 
1201.8769       1609.9782       3.8021e-08       -0.1370 
1201.8769       1609.9782       4.4521e-08       -0.2985 
1201.8769       1609.9782       5.1021e-08       -0.5140 
1201.8769       1609.9782       5.7522e-08       -0.7787 
1201.8769       1609.9782       6.4022e-08       -1.0886 
1201.8769       1609.9782       7.0523e-08       -1.4402 
1201.8769       1609.9782       7.7023e-08       -1.8304 
1201.8769       1609.9782       8.3523e-08       -2.2567 
1201.8769       1609.9782       9.0024e-08       -2.7166 
1609.9782       2156.6516       0.0000e+00       -0.0000 
1609.9782       2156.6516       9.6789e-15       0.0000 
1609.9782       2156.6516       2.0383e-09       -0.0871 
1609.9782       2156.6516       4.0767e-09       -0.1851 
1609.9782       2156.6516       6.1150e-09       -0.2930 
1609.9782       2156.6516       8.1533e-09       -0.4099 
1609.9782       2156.6516       1.0192e-08       -0.5351 
1609.9782       2156.6516       1.2230e-08       -0.6679 
1609.9782       2156.6516       1.4268e-08       -0.8077 
1609.9782       2156.6516       1.6307e-08       -0.9542 
1609.9782       2156.6516       1.8345e-08       -1.1068 
1609.9782       2156.6516       2.0383e-08       -1.2651 
1609.9782       2156.6516       2.2422e-08       -1.4289 
1609.9782       2156.6516       2.4460e-08       -1.5978 
1609.9782       2156.6516       2.6498e-08       -1.7716 
1609.9782       2156.6516       2.8537e-08       -1.9499 
1609.9782       2156.6516       3.0575e-08       -2.1327 
1609.9782       2156.6516       3.2613e-08       -2.3196 
1609.9782       2156.6516       3.4651e-08       -2.5105 
1609.9782       2156.6516       3.6690e-08       -2.7052 
2156.6516       2889.0164       0.0000e+00       -0.0000 
2156.6516       2889.0164       9.0034e-14       0.0000 
2156.6516       2889.0164       2.1634e-09       -0.1025 
2156.6516       2889.0164       4.3266e-09       -0.2130 
2156.6516       2889.0164       6.4899e-09       -0.3308 
2156.6516       2889.0164       8.6531e-09       -0.4553 
2156.6516       2889.0164       1.0816e-08       -0.5860 
2156.6516       2889.0164       1.2980e-08       -0.7225 
2156.6516       2889.0164       1.5143e-08       -0.8645 
2156.6516       2889.0164       1.7306e-08       -1.0115 
2156.6516       2889.0164       1.9469e-08       -1.1632 
2156.6516       2889.0164       2.1633e-08       -1.3195 
2156.6516       2889.0164       2.3796e-08       -1.4800 
2156.6516       2889.0164       2.5959e-08       -1.6446 
2156.6516       2889.0164       2.8123e-08       -1.8129 
2156.6516       2889.0164       3.0286e-08       -1.9850 
2156.6516       2889.0164       3.2449e-08       -2.1604 
2156.6516       2889.0164       3.4612e-08       -2.3392 
2156.6516       2889.0164       3.6776e-08       -2.5212 
2156.6516       2889.0164       3.8939e-08       -2.7063 
2889.0164       3869.9914       0.0000e+00       -0.0000 
2889.0164       3869.9914       5.1903e-14       0.0000 
2889.0164       3869.9914       1.3942e-09       -0.1441 
2889.0164       3869.9914       2.7883e-09       -0.2892 
2889.0164       3869.9914       4.1825e-09       -0.4350 
2889.0164       3869.9914       5.5766e-09       -0.5817 
2889.0164       3869.9914       6.9708e-09       -0.7292 
2889.0164       3869.9914       8.3649e-09       -0.8774 
2889.0164       3869.9914       9.7591e-09       -1.0263 
2889.0164       3869.9914       1.1153e-08       -1.1759 
2889.0164       3869.9914       1.2547e-08       -1.3262 
2889.0164       3869.9914       1.3942e-08       -1.4772 
2889.0164       3869.9914       1.5336e-08       -1.6287 
2889.0164       3869.9914       1.6730e-08       -1.7809 
2889.0164       3869.9914       1.8124e-08       -1.9337 
2889.0164       3869.9914       1.9518e-08       -2.0870 
2889.0164       3869.9914       2.0912e-08       -2.2409 
2889.0164       3869.9914       2.2306e-08       -2.3953 
2889.0164       3869.9914       2.3701e-08       -2.5503 
2889.0164       3869.9914       2.5095e-08       -2.7057 
3869.9914       5184.0598       0.0000e+00       0.0000 
3869.9914       5184.0598       1.0459e-12       -0.0000 
3869.9914       5184.0598       3.9440e-09       -0.0514 
3869.9914       5184.0598       7.8870e-09       -0.1209 
3869.9914       5184.0598       1.1830e-08       -0.2067 
3869.9914       5184.0598       1.5773e-08       -0.3070 
3869.9914       5184.0598       1.9716e-08       -0.4204 
3869.9914       5184.0598       2.3659e-08       -0.5458 
3869.9914       5184.0598       2.7602e-08       -0.6820 
3869.9914       5184.0598       3.1545e-08       -0.8282 
3869.9914       5184.0598       3.5488e-08       -0.9837 
3869.9914       5184.0598       3.9431e-08       -1.1477 
3869.9914       5184.0598       4.3374e-08       -1.3196 
3869.9914       5184.0598       4.7317e-08       -1.4989 
3869.9914       5184.0598       5.1260e-08       -1.6850 
3869.9914       5184.0598       5.5203e-08       -1.8777 
3869.9914       5184.0598       5.9146e-08       -2.0764 
3869.9914       5184.0598       6.3089e-08       -2.2809 
3869.9914       5184.0598       6.7032e-08       -2.4907 
3869.9914       5184.0598       7.0974e-08       -2.7057 
5184.0598       6944.3244       0.0000e+00       -0.0000 
5184.0598       6944.3244       6.2722e-14       0.0000 
5184.0598       6944.3244       2.1140e-09       -0.1412 
5184.0598       6944.3244       4.2279e-09       -0.2838 
5184.0598       6944.3244       6.3419e-09       -0.4279 
5184.0598       6944.3244       8.4558e-09       -0.5732 
5184.0598       6944.3244       1.0570e-08       -0.7197 
5184.0598       6944.3244       1.2684e-08       -0.8673 
5184.0598       6944.3244       1.4798e-08       -1.0159 
5184.0598       6944.3244       1.6912e-08       -1.1656 
5184.0598       6944.3244       1.9025e-08       -1.3161 
5184.0598       6944.3244       2.1139e-08       -1.4675 
5184.0598       6944.3244       2.3253e-08       -1.6198 
5184.0598       6944.3244       2.5367e-08       -1.7728 
5184.0598       6944.3244       2.7481e-08       -1.9266 
5184.0598       6944.3244       2.9595e-08       -2.0811 
5184.0598       6944.3244       3.1709e-08       -2.2363 
5184.0598       6944.3244       3.3823e-08       -2.3921 
5184.0598       6944.3244       3.5937e-08       -2.5484 
5184.0598       6944.3244       3.8051e-08       -2.7054 
6944.3244       9302.5069       0.0000e+00       0.0000 
6944.3244       9302.5069       3.7695e-12       -0.0001 
6944.3244       9302.5069       4.0664e-09       -0.1023 
6944.3244       9302.5069       8.1290e-09       -0.2132 
6944.3244       9302.5069       1.2192e-08       -0.3317 
6944.3244       9302.5069       1.6254e-08       -0.4573 
6944.3244       9302.5069       2.0317e-08       -0.5892 
6944.3244       9302.5069       2.4379e-08       -0.7270 
6944.3244       9302.5069       2.8442e-08       -0.8701 
6944.3244       9302.5069       3.2505e-08       -1.0181 
6944.3244       9302.5069       3.6567e-08       -1.1707 
6944.3244       9302.5069       4.0630e-08       -1.3276 
6944.3244       9302.5069       4.4693e-08       -1.4883 
6944.3244       9302.5069       4.8755e-08       -1.6527 
6944.3244       9302.5069       5.2818e-08       -1.8206 
6944.3244       9302.5069       5.6880e-08       -1.9916 
6944.3244       9302.5069       6.0943e-08       -2.1657 
6944.3244       9302.5069       6.5006e-08       -2.3426 
6944.3244       9302.5069       6.9068e-08       -2.5222 
6944.3244       9302.5069       7.3131e-08       -2.7043 
9302.5069       12461.2038       0.0000e+00       -0.0000 
9302.5069       12461.2038       4.7444e-14       0.0000 
9302.5069       12461.2038       3.2519e-09       -0.1496 
9302.5069       12461.2038       6.5037e-09       -0.2994 
9302.5069       12461.2038       9.7555e-09       -0.4492 
9302.5069       12461.2038       1.3007e-08       -0.5991 
9302.5069       12461.2038       1.6259e-08       -0.7491 
9302.5069       12461.2038       1.9511e-08       -0.8991 
9302.5069       12461.2038       2.2763e-08       -1.0493 
9302.5069       12461.2038       2.6015e-08       -1.1995 
9302.5069       12461.2038       2.9267e-08       -1.3498 
9302.5069       12461.2038       3.2518e-08       -1.5002 
9302.5069       12461.2038       3.5770e-08       -1.6506 
9302.5069       12461.2038       3.9022e-08       -1.8011 
9302.5069       12461.2038       4.2274e-08       -1.9517 
9302.5069       12461.2038       4.5526e-08       -2.1024 
9302.5069       12461.2038       4.8778e-08       -2.2532 
9302.5069       12461.2038       5.2029e-08       -2.4040 
9302.5069       12461.2038       5.5281e-08       -2.5549 
9302.5069       12461.2038       5.8533e-08       -2.7059 
12461.2038       16692.4468       0.0000e+00       0.0000 
12461.2038       16692.4468       9.8711e-13       -0.0000 
12461.2038       16692.4468       3.9106e-09       -0.1503 
12461.2038       16692.4468       7.8203e-09       -0.3005 
12461.2038       16692.4468       1.1730e-08       -0.4509 
12461.2038       16692.4468       1.5640e-08       -0.6012 
12461.2038       16692.4468       1.9549e-08       -0.7515 
12461.2038       16692.4468       2.3459e-08       -0.9018 
12461.2038       16692.4468       2.7368e-08       -1.0521 
12461.2038       16692.4468       3.1278e-08       -1.2024 
12461.2038       16692.4468       3.5188e-08       -1.3527 
12461.2038       16692.4468       3.9097e-08       -1.5031 
12461.2038       16692.4468       4.3007e-08       -1.6534 
12461.2038       16692.4468       4.6917e-08       -1.8037 
12461.2038       16692.4468       5.0826e-08       -1.9541 
12461.2038       16692.4468       5.4736e-08       -2.1044 
12461.2038       16692.4468       5.8646e-08       -2.2548 
12461.2038       16692.4468       6.2555e-08       -2.4051 
12461.2038       16692.4468       6.6465e-08       -2.5555 
12461.2038       16692.4468       7.0375e-08       -2.7058 
16692.4468       22360.9371       0.0000e+00       0.0000 
16692.4468       22360.9371       8.1005e-12       -0.0001 
16692.4468       22360.9371       8.0215e-09       -0.0992 
16692.4468       22360.9371       1.6035e-08       -0.2102 
16692.4468       22360.9371       2.4048e-08       -0.3309 
16692.4468       22360.9371       3.2062e-08       -0.4596 
16692.4468       22360.9371       4.0075e-08       -0.5951 
16692.4468       22360.9371       4.8088e-08       -0.7365 
16692.4468       22360.9371       5.6102e-08       -0.8830 
16692.4468       22360.9371       6.4115e-08       -1.0339 
16692.4468       22360.9371       7.2129e-08       -1.1887 
16692.4468       22360.9371       8.0142e-08       -1.3470 
16692.4468       22360.9371       8.8155e-08       -1.5084 
16692.4468       22360.9371       9.6169e-08       -1.6727 
16692.4468       22360.9371       1.0418e-07       -1.8395 
16692.4468       22360.9371       1.1220e-07       -2.0086 
16692.4468       22360.9371       1.2021e-07       -2.1799 
16692.4468       22360.9371       1.2822e-07       -2.3532 
16692.4468       22360.9371       1.3624e-07       -2.5282 
16692.4468       22360.9371       1.4425e-07       -2.7049 
22360.9371       29953.6672       0.0000e+00       0.0000 
22360.9371       29953.6672       5.4514e-12       -0.0001 
22360.9371       29953.6672       8.5254e-09       -0.1448 
22360.9371       29953.6672       1.7045e-08       -0.2903 
22360.9371       29953.6672       2.5565e-08       -0.4366 
22360.9371       29953.6672       3.4085e-08       -0.5836 
22360.9371       29953.6672       4.2605e-08       -0.7313 
22360.9371       29953.6672       5.1125e-08       -0.8797 
22360.9371       29953.6672       5.9645e-08       -1.0288 
22360.9371       29953.6672       6.8165e-08       -1.1785 
22360.9371       29953.6672       7.6685e-08       -1.3288 
22360.9371       29953.6672       8.5205e-08       -1.4797 
22360.9371       29953.6672       9.3725e-08       -1.6311 
22360.9371       29953.6672       1.0224e-07       -1.7831 
22360.9371       29953.6672       1.1076e-07       -1.9357 
22360.9371       29953.6672       1.1928e-07       -2.0887 
22360.9371       29953.6672       1.2780e-07       -2.2423 
22360.9371       29953.6672       1.3632e-07       -2.3963 
22360.9371       29953.6672       1.4484e-07       -2.5508 
22360.9371       29953.6672       1.5336e-07       -2.7058 
29953.6672       40124.5339       0.0000e+00       -0.0000 
29953.6672       40124.5339       5.5496e-12       0.0000 
29953.6672       40124.5339       9.2136e-09       -0.1499 
29953.6672       40124.5339       1.8422e-08       -0.3000 
29953.6672       40124.5339       2.7630e-08       -0.4500 
29953.6672       40124.5339       3.6838e-08       -0.6001 
29953.6672       40124.5339       4.6046e-08       -0.7503 
29953.6672       40124.5339       5.5254e-08       -0.9005 
29953.6672       40124.5339       6.4462e-08       -1.0507 
29953.6672       40124.5339       7.3670e-08       -1.2010 
29953.6672       40124.5339       8.2878e-08       -1.3513 
29953.6672       40124.5339       9.2086e-08       -1.5016 
29953.6672       40124.5339       1.0129e-07       -1.6520 
29953.6672       40124.5339       1.1050e-07       -1.8025 
29953.6672       40124.5339       1.1971e-07       -1.9529 
29953.6672       40124.5339       1.2892e-07       -2.1035 
29953.6672       40124.5339       1.3813e-07       -2.2540 
29953.6672       40124.5339       1.4733e-07       -2.4046 
29953.6672       40124.5339       1.5654e-07       -2.5552 
29953.6672       40124.5339       1.6575e-07       -2.7059 
40124.5339       53748.9519       0.0000e+00       0.0000 
40124.5339       53748.9519       7.0143e-12       -0.0001 
40124.5339       53748.9519       1.1870e-08       -0.1504 
40124.5339       53748.9519       2.3733e-08       -0.3007 
40124.5339       53748.9519       3.5595e-08       -0.4510 
40124.5339       53748.9519       4.7458e-08       -0.6013 
40124.5339       53748.9519       5.9321e-08       -0.7516 
40124.5339       53748.9519       7.1184e-08       -0.9020 
40124.5339       53748.9519       8.3047e-08       -1.0523 
40124.5339       53748.9519       9.4909e-08       -1.2026 
40124.5339       53748.9519       1.0677e-07       -1.3529 
40124.5339       53748.9519       1.1864e-07       -1.5033 
40124.5339       53748.9519       1.3050e-07       -1.6536 
40124.5339       53748.9519       1.4236e-07       -1.8039 
40124.5339       53748.9519       1.5422e-07       -1.9542 
40124.5339       53748.9519       1.6609e-07       -2.1046 
40124.5339       53748.9519       1.7795e-07       -2.2549 
40124.5339       53748.9519       1.8981e-07       -2.4052 
40124.5339       53748.9519       2.0167e-07       -2.5556 
40124.5339       53748.9519       2.1354e-07       -2.7059 
53748.9519       72001.2440       0.0000e+00       0.0000 
53748.9519       72001.2440       8.7915e-12       -0.0001 
53748.9519       72001.2440       1.6267e-08       -0.1502 
53748.9519       72001.2440       3.2526e-08       -0.3004 
53748.9519       72001.2440       4.8784e-08       -0.4506 
53748.9519       72001.2440       6.5042e-08       -0.6009 
53748.9519       72001.2440       8.1301e-08       -0.7511 
53748.9519       72001.2440       9.7559e-08       -0.9014 
53748.9519       72001.2440       1.1382e-07       -1.0517 
53748.9519       72001.2440       1.3008e-07       -1.2020 
53748.9519       72001.2440       1.4633e-07       -1.3523 
53748.9519       72001.2440       1.6259e-07       -1.5026 
53748.9519       72001.2440       1.7885e-07       -1.6529 
53748.9519       72001.2440       1.9511e-07       -1.8033 
53748.9519       72001.2440       2.1137e-07       -1.9537 
53748.9519       72001.2440       2.2763e-07       -2.1041 
53748.9519       72001.2440       2.4388e-07       -2.2545 
53748.9519       72001.2440       2.6014e-07       -2.4050 
53748.9519       72001.2440       2.7640e-07       -2.5554 
53748.9519       72001.2440       2.9266e-07       -2.7059 
72001.2440       96449.5043       0.0000e+00       -2.1755 
72001.2440       96449.5043       1.4404e-08       -1.0700 
72001.2440       96449.5043       2.8807e-08       -0.6404 
72001.2440       96449.5043       4.3211e-08       -0.3974 
72001.2440       96449.5043       5.7614e-08       -0.2436 
72001.2440       96449.5043       7.2018e-08       -0.1423 
72001.2440       96449.5043       8.6421e-08       -0.0756 
72001.2440       96449.5043       1.0082e-07       -0.0334 
72001.2440       96449.5043       1.1523e-07       -0.0096 
72001.2440       96449.5043       1.2963e-07       0.0000 
72001.2440       96449.5043       1.9077e-07       -0.0635 
72001.2440       96449.5043       2.5191e-07       -0.2284 
72001.2440       96449.5043       3.1305e-07       -0.4511 
72001.2440       96449.5043       3.7419e-07       -0.7112 
72001.2440       96449.5043       4.3533e-07       -0.9975 
72001.2440       96449.5043       4.9647e-07       -1.3032 
72001.2440       96449.5043       5.5761e-07       -1.6237 
72001.2440       96449.5043       6.1875e-07       -1.9561 
72001.2440       96449.5043       6.7989e-07       -2.2982 
72001.2440       96449.5043       7.4103e-07       -2.6481 
96449.5043       129199.2522       0.0000e+00       0.0000 
96449.5043       129199.2522       1.0472e-11       -0.0001 
96449.5043       129199.2522       2.8762e-08       -0.1504 
96449.5043       129199.2522       5.7513e-08       -0.3007 
96449.5043       129199.2522       8.6264e-08       -0.4510 
96449.5043       129199.2522       1.1502e-07       -0.6013 
96449.5043       129199.2522       1.4377e-07       -0.7516 
96449.5043       129199.2522       1.7252e-07       -0.9019 
96449.5043       129199.2522       2.0127e-07       -1.0522 
96449.5043       129199.2522       2.3002e-07       -1.2025 
96449.5043       129199.2522       2.5877e-07       -1.3529 
96449.5043       129199.2522       2.8752e-07       -1.5032 
96449.5043       129199.2522       3.1627e-07       -1.6535 
96449.5043       129199.2522       3.4503e-07       -1.8038 
96449.5043       129199.2522       3.7378e-07       -1.9542 
96449.5043       129199.2522       4.0253e-07       -2.1045 
96449.5043       129199.2522       4.3128e-07       -2.2549 
96449.5043       129199.2522       4.6003e-07       -2.4052 
96449.5043       129199.2522       4.8878e-07       -2.5555 
96449.5043       129199.2522       5.1753e-07       -2.7059 
129199.2522       173069.2852       0.0000e+00       -0.0000 
129199.2522       173069.2852       1.1044e-11       0.0000 
129199.2522       173069.2852       3.8389e-08       -0.1503 
129199.2522       173069.2852       7.6766e-08       -0.3006 
129199.2522       173069.2852       1.1514e-07       -0.4510 
129199.2522       173069.2852       1.5352e-07       -0.6013 
129199.2522       173069.2852       1.9190e-07       -0.7516 
129199.2522       173069.2852       2.3028e-07       -0.9020 
129199.2522       173069.2852       2.6865e-07       -1.0523 
129199.2522       173069.2852       3.0703e-07       -1.2026 
129199.2522       173069.2852       3.4541e-07       -1.3529 
129199.2522       173069.2852       3.8379e-07       -1.5033 
129199.2522       173069.2852       4.2217e-07       -1.6536 
129199.2522       173069.2852       4.6054e-07       -1.8039 
129199.2522       173069.2852       4.9892e-07       -1.9543 
129199.2522       173069.2852       5.3730e-07       -2.1046 
129199.2522       173069.2852       5.7568e-07       -2.2549 
129199.2522       173069.2852       6.1405e-07       -2.4052 
129199.2522       173069.2852       6.5243e-07       -2.5556 
129199.2522       173069.2852       6.9081e-07       -2.7059 
173069.2852       231840.8711       0.0000e+00       0.0000 
173069.2852       231840.8711       1.0614e-11       -0.0000 
173069.2852       231840.8711       5.1565e-08       -0.1503 
173069.2852       231840.8711       1.0312e-07       -0.3007 
173069.2852       231840.8711       1.5467e-07       -0.4510 
173069.2852       231840.8711       2.0623e-07       -0.6013 
173069.2852       231840.8711       2.5778e-07       -0.7516 
173069.2852       231840.8711       3.0934e-07       -0.9020 
173069.2852       231840.8711       3.6089e-07       -1.0523 
173069.2852       231840.8711       4.1245e-07       -1.2026 
173069.2852       231840.8711       4.6400e-07       -1.3530 
173069.2852       231840.8711       5.1556e-07       -1.5033 
173069.2852       231840.8711       5.6711e-07       -1.6536 
173069.2852       231840.8711       6.1866e-07       -1.8039 
173069.2852       231840.8711       6.7022e-07       -1.9543 
173069.2852       231840.8711       7.2177e-07       -2.1046 
173069.2852       231840.8711       7.7333e-07       -2.2549 
173069.2852       231840.8711       8.2488e-07       -2.4052 
173069.2852       231840.8711       8.7644e-07       -2.5556 
173069.2852       231840.8711       9.2799e-07       -2.7059 
231840.8711       310563.2050       0.0000e+00       0.0000 
231840.8711       310563.2050       1.0291e-11       -0.0000 
231840.8711       310563.2050       6.9337e-08       -0.1503 
231840.8711       310563.2050       1.3866e-07       -0.3006 
231840.8711       310563.2050       2.0799e-07       -0.4510 
231840.8711       310563.2050       2.7732e-07       -0.6013 
231840.8711       310563.2050       3.4664e-07       -0.7516 
231840.8711       310563.2050       4.1597e-07       -0.9020 
231840.8711       310563.2050       4.8530e-07       -1.0523 
231840.8711       310563.2050       5.5462e-07       -1.2026 
231840.8711       310563.2050       6.2395e-07       -1.3529 
231840.8711       310563.2050       6.9328e-07       -1.5033 
231840.8711       310563.2050       7.6260e-07       -1.6536 
231840.8711       310563.2050       8.3193e-07       -1.8039 
231840.8711       310563.2050       9.0126e-07       -1.9542 
231840.8711       310563.2050       9.7058e-07       -2.1046 
231840.8711       310563.2050       1.0399e-06       -2.2549 
231840.8711       310563.2050       1.1092e-06       -2.4052 
231840.8711       310563.2050       1.1786e-06       -2.5556 
231840.8711       310563.2050       1.2479e-06       -2.7059 
310563.2050       416015.9675       0.0000e+00       -0.0000 
310563.2050       416015.9675       9.8971e-12       0.0000 
310563.2050       416015.9675       9.3856e-08       -0.1503 
310563.2050       416015.9675       1.8770e-07       -0.3007 
310563.2050       416015.9675       2.8155e-07       -0.4510 
310563.2050       416015.9675       3.7540e-07       -0.6013 
310563.2050       416015.9675       4.6924e-07       -0.7516 
310563.2050       416015.9675       5.6309e-07       -0.9020 
310563.2050       416015.9675       6.5694e-07       -1.0523 
310563.2050       416015.9675       7.5078e-07       -1.2026 
310563.2050       416015.9675       8.4463e-07       -1.3529 
310563.2050       416015.9675       9.3848e-07       -1.5033 
310563.2050       416015.9675       1.0323e-06       -1.6536 
310563.2050       416015.9675       1.1262e-06       -1.8039 
310563.2050       416015.9675       1.2200e-06       -1.9543 
310563.2050       416015.9675       1.3139e-06       -2.1046 
310563.2050       416015.9675       1.4077e-06       -2.2549 
310563.2050       416015.9675       1.5016e-06       -2.4052 
310563.2050       416015.9675       1.5954e-06       -2.5556 
310563.2050       416015.9675       1.6892e-06       -2.7059 
416015.9675       557275.5639       0.0000e+00       0.0000 
416015.9675       557275.5639       9.4000e-12       -0.0000 
416015.9675       557275.5639       1.2774e-07       -0.1503 
416015.9675       557275.5639       2.5548e-07       -0.3007 
416015.9675       557275.5639       3.8321e-07       -0.4510 
416015.9675       557275.5639       5.1094e-07       -0.6013 
416015.9675       557275.5639       6.3867e-07       -0.7516 
416015.9675       557275.5639       7.6641e-07       -0.9020 
416015.9675       557275.5639       8.9414e-07       -1.0523 
416015.9675       557275.5639       1.0219e-06       -1.2026 
416015.9675       557275.5639       1.1496e-06       -1.3530 
416015.9675       557275.5639       1.2773e-06       -1.5033 
416015.9675       557275.5639       1.4051e-06       -1.6536 
416015.9675       557275.5639       1.5328e-06       -1.8039 
416015.9675       557275.5639       1.6605e-06       -1.9543 
416015.9675       557275.5639       1.7883e-06       -2.1046 
416015.9675       557275.5639       1.9160e-06       -2.2549 
416015.9675       557275.5639       2.0437e-06       -2.4052 
416015.9675       557275.5639       2.1715e-06       -2.5556 
416015.9675       557275.5639       2.2992e-06       -2.7059 
557275.5639       746517.5120       0.0000e+00       0.0000 
557275.5639       746517.5120       8.9374e-12       -0.0000 
557275.5639       746517.5120       1.7582e-07       -0.1503 
557275.5639       746517.5120       3.5164e-07       -0.3007 
557275.5639       746517.5120       5.2745e-07       -0.4510 
557275.5639       746517.5120       7.0326e-07       -0.6013 
557275.5639       746517.5120       8.7907e-07       -0.7516 
557275.5639       746517.5120       1.0549e-06       -0.9020 
557275.5639       746517.5120       1.2307e-06       -1.0523 
557275.5639       746517.5120       1.4065e-06       -1.2026 
557275.5639       746517.5120       1.5823e-06       -1.3530 
557275.5639       746517.5120       1.7581e-06       -1.5033 
557275.5639       746517.5120       1.9340e-06       -1.6536 
557275.5639       746517.5120       2.1098e-06       -1.8039 
557275.5639       746517.5120       2.2856e-06       -1.9543 
557275.5639       746517.5120       2.4614e-06       -2.1046 
557275.5639       746517.5120       2.6372e-06       -2.2549 
557275.5639       746517.5120       2.8130e-06       -2.4052 
557275.5639       746517.5120       2.9888e-06       -2.5556 
557275.5639       746517.5120       3.1646e-06       -2.7059 
746517.5120       1000000.0000       0.0000e+00       0.0000 
746517.5120       1000000.0000       8.4778e-12       -0.0000 
746517.5120       1000000.0000       2.5494e-07       -0.1503 
746517.5120       1000000.0000       5.0987e-07       -0.3007 
746517.5120       1000000.0000       7.6480e-07       -0.4510 
746517.5120       1000000.0000       1.0197e-06       -0.6013 
746517.5120       1000000.0000       1.2747e-06       -0.7516 
746517.5120       1000000.0000       1.5296e-06       -0.9020 
746517.5120       1000000.0000       1.7845e-06       -1.0523 
746517.5120       1000000.0000       2.0395e-06       -1.2026 
746517.5120       1000000.0000       2.2944e-06       -1.3529 
746517.5120       1000000.0000       2.5493e-06       -1.5033 
746517.5120       1000000.0000       2.8042e-06       -1.6536 
746517.5120       1000000.0000       3.0592e-06       -1.8039 
746517.5120       1000000.0000       3.3141e-06       -1.9543 
746517.5120       1000000.0000       3.5690e-06       -2.1046 
746517.5120       1000000.0000       3.8240e-06       -2.2549 
746517.5120       1000000.0000       4.0789e-06       -2.4052 
746517.5120       1000000.0000       4.3338e-06       -2.5556 
746517.5120       1000000.0000       4.5888e-06       -2.7059 
