#Grus_1  Log10(Jfactor)=16.880   sigmaJ=0.800 
#[0]emin(MeV) [1]emax(MeV) [2]eflux(MeV/cm^2/s) [3]deltaLogLike 
500.0000       669.7766       0.0000e+00       0.0000 
500.0000       669.7766       1.3000e-10       -0.0001 
500.0000       669.7766       4.5811e-09       -0.0142 
500.0000       669.7766       9.0323e-09       -0.0466 
500.0000       669.7766       1.3483e-08       -0.0969 
500.0000       669.7766       1.7935e-08       -0.1646 
500.0000       669.7766       2.2386e-08       -0.2491 
500.0000       669.7766       2.6837e-08       -0.3500 
500.0000       669.7766       3.1288e-08       -0.4669 
500.0000       669.7766       3.5739e-08       -0.5994 
500.0000       669.7766       4.0190e-08       -0.7470 
500.0000       669.7766       4.4641e-08       -0.9095 
500.0000       669.7766       4.9093e-08       -1.0863 
500.0000       669.7766       5.3544e-08       -1.2773 
500.0000       669.7766       5.7995e-08       -1.4819 
500.0000       669.7766       6.2446e-08       -1.7002 
500.0000       669.7766       6.6897e-08       -1.9316 
500.0000       669.7766       7.1348e-08       -2.1759 
500.0000       669.7766       7.5799e-08       -2.4327 
500.0000       669.7766       8.0250e-08       -2.7020 
669.7766       897.2222       0.0000e+00       -0.0989 
669.7766       897.2222       1.0190e-08       0.0000 
669.7766       897.2222       1.3769e-08       -0.0088 
669.7766       897.2222       1.7348e-08       -0.0382 
669.7766       897.2222       2.0926e-08       -0.0873 
669.7766       897.2222       2.4505e-08       -0.1553 
669.7766       897.2222       2.8084e-08       -0.2411 
669.7766       897.2222       3.1663e-08       -0.3441 
669.7766       897.2222       3.5241e-08       -0.4635 
669.7766       897.2222       3.8820e-08       -0.5987 
669.7766       897.2222       4.2399e-08       -0.7491 
669.7766       897.2222       4.5978e-08       -0.9140 
669.7766       897.2222       4.9557e-08       -1.0930 
669.7766       897.2222       5.3135e-08       -1.2856 
669.7766       897.2222       5.6714e-08       -1.4913 
669.7766       897.2222       6.0293e-08       -1.7097 
669.7766       897.2222       6.3872e-08       -1.9404 
669.7766       897.2222       6.7450e-08       -2.1829 
669.7766       897.2222       7.1029e-08       -2.4370 
669.7766       897.2222       7.4608e-08       -2.7021 
897.2222       1201.8769       0.0000e+00       -0.0999 
897.2222       1201.8769       1.1350e-08       0.0000 
897.2222       1201.8769       1.5129e-08       -0.0114 
897.2222       1201.8769       1.8909e-08       -0.0431 
897.2222       1201.8769       2.2688e-08       -0.0942 
897.2222       1201.8769       2.6467e-08       -0.1637 
897.2222       1201.8769       3.0246e-08       -0.2507 
897.2222       1201.8769       3.4026e-08       -0.3545 
897.2222       1201.8769       3.7805e-08       -0.4745 
897.2222       1201.8769       4.1584e-08       -0.6099 
897.2222       1201.8769       4.5364e-08       -0.7602 
897.2222       1201.8769       4.9143e-08       -0.9248 
897.2222       1201.8769       5.2922e-08       -1.1032 
897.2222       1201.8769       5.6701e-08       -1.2950 
897.2222       1201.8769       6.0481e-08       -1.4997 
897.2222       1201.8769       6.4260e-08       -1.7168 
897.2222       1201.8769       6.8039e-08       -1.9460 
897.2222       1201.8769       7.1818e-08       -2.1869 
897.2222       1201.8769       7.5598e-08       -2.4392 
897.2222       1201.8769       7.9377e-08       -2.7025 
1201.8769       1609.9782       0.0000e+00       -0.1677 
1201.8769       1609.9782       9.4753e-09       0.0000 
1201.8769       1609.9782       1.2279e-08       -0.0114 
1201.8769       1609.9782       1.5083e-08       -0.0459 
1201.8769       1609.9782       1.7887e-08       -0.1015 
1201.8769       1609.9782       2.0690e-08       -0.1766 
1201.8769       1609.9782       2.3494e-08       -0.2698 
1201.8769       1609.9782       2.6298e-08       -0.3798 
1201.8769       1609.9782       2.9102e-08       -0.5054 
1201.8769       1609.9782       3.1906e-08       -0.6458 
1201.8769       1609.9782       3.4709e-08       -0.8000 
1201.8769       1609.9782       3.7513e-08       -0.9673 
1201.8769       1609.9782       4.0317e-08       -1.1469 
1201.8769       1609.9782       4.3121e-08       -1.3383 
1201.8769       1609.9782       4.5924e-08       -1.5408 
1201.8769       1609.9782       4.8728e-08       -1.7539 
1201.8769       1609.9782       5.1532e-08       -1.9772 
1201.8769       1609.9782       5.4336e-08       -2.2101 
1201.8769       1609.9782       5.7139e-08       -2.4523 
1201.8769       1609.9782       5.9943e-08       -2.7034 
1609.9782       2156.6516       0.0000e+00       -0.1040 
1609.9782       2156.6516       5.8233e-09       0.0000 
1609.9782       2156.6516       8.4343e-09       -0.0136 
1609.9782       2156.6516       1.1045e-08       -0.0545 
1609.9782       2156.6516       1.3656e-08       -0.1187 
1609.9782       2156.6516       1.6267e-08       -0.2030 
1609.9782       2156.6516       1.8878e-08       -0.3050 
1609.9782       2156.6516       2.1489e-08       -0.4229 
1609.9782       2156.6516       2.4100e-08       -0.5552 
1609.9782       2156.6516       2.6712e-08       -0.7006 
1609.9782       2156.6516       2.9323e-08       -0.8581 
1609.9782       2156.6516       3.1934e-08       -1.0269 
1609.9782       2156.6516       3.4545e-08       -1.2060 
1609.9782       2156.6516       3.7156e-08       -1.3950 
1609.9782       2156.6516       3.9767e-08       -1.5931 
1609.9782       2156.6516       4.2378e-08       -1.7999 
1609.9782       2156.6516       4.4989e-08       -2.0148 
1609.9782       2156.6516       4.7600e-08       -2.2375 
1609.9782       2156.6516       5.0211e-08       -2.4676 
1609.9782       2156.6516       5.2822e-08       -2.7047 
2156.6516       2889.0164       0.0000e+00       0.0000 
2156.6516       2889.0164       4.1176e-12       -0.0001 
2156.6516       2889.0164       2.4100e-09       -0.0908 
2156.6516       2889.0164       4.8159e-09       -0.1910 
2156.6516       2889.0164       7.2218e-09       -0.3002 
2156.6516       2889.0164       9.6277e-09       -0.4175 
2156.6516       2889.0164       1.2034e-08       -0.5425 
2156.6516       2889.0164       1.4440e-08       -0.6748 
2156.6516       2889.0164       1.6845e-08       -0.8138 
2156.6516       2889.0164       1.9251e-08       -0.9592 
2156.6516       2889.0164       2.1657e-08       -1.1107 
2156.6516       2889.0164       2.4063e-08       -1.2680 
2156.6516       2889.0164       2.6469e-08       -1.4307 
2156.6516       2889.0164       2.8875e-08       -1.5987 
2156.6516       2889.0164       3.1281e-08       -1.7717 
2156.6516       2889.0164       3.3687e-08       -1.9495 
2156.6516       2889.0164       3.6093e-08       -2.1319 
2156.6516       2889.0164       3.8499e-08       -2.3187 
2156.6516       2889.0164       4.0904e-08       -2.5098 
2156.6516       2889.0164       4.3310e-08       -2.7050 
2889.0164       3869.9914       0.0000e+00       0.0000 
2889.0164       3869.9914       7.4921e-13       -0.0000 
2889.0164       3869.9914       1.8810e-09       -0.0549 
2889.0164       3869.9914       3.7613e-09       -0.1356 
2889.0164       3869.9914       5.6415e-09       -0.2356 
2889.0164       3869.9914       7.5218e-09       -0.3508 
2889.0164       3869.9914       9.4020e-09       -0.4781 
2889.0164       3869.9914       1.1282e-08       -0.6156 
2889.0164       3869.9914       1.3163e-08       -0.7616 
2889.0164       3869.9914       1.5043e-08       -0.9148 
2889.0164       3869.9914       1.6923e-08       -1.0743 
2889.0164       3869.9914       1.8803e-08       -1.2394 
2889.0164       3869.9914       2.0684e-08       -1.4094 
2889.0164       3869.9914       2.2564e-08       -1.5839 
2889.0164       3869.9914       2.4444e-08       -1.7622 
2889.0164       3869.9914       2.6324e-08       -1.9442 
2889.0164       3869.9914       2.8205e-08       -2.1295 
2889.0164       3869.9914       3.0085e-08       -2.3178 
2889.0164       3869.9914       3.1965e-08       -2.5089 
2889.0164       3869.9914       3.3845e-08       -2.7026 
3869.9914       5184.0598       0.0000e+00       0.0000 
3869.9914       5184.0598       4.1294e-10       -0.0006 
3869.9914       5184.0598       2.9526e-09       -0.0306 
3869.9914       5184.0598       5.4923e-09       -0.0957 
3869.9914       5184.0598       8.0319e-09       -0.1860 
3869.9914       5184.0598       1.0572e-08       -0.2953 
3869.9914       5184.0598       1.3111e-08       -0.4197 
3869.9914       5184.0598       1.5651e-08       -0.5562 
3869.9914       5184.0598       1.8191e-08       -0.7028 
3869.9914       5184.0598       2.0730e-08       -0.8579 
3869.9914       5184.0598       2.3270e-08       -1.0204 
3869.9914       5184.0598       2.5810e-08       -1.1893 
3869.9914       5184.0598       2.8349e-08       -1.3637 
3869.9914       5184.0598       3.0889e-08       -1.5432 
3869.9914       5184.0598       3.3429e-08       -1.7272 
3869.9914       5184.0598       3.5968e-08       -1.9152 
3869.9914       5184.0598       3.8508e-08       -2.1069 
3869.9914       5184.0598       4.1048e-08       -2.3020 
3869.9914       5184.0598       4.3587e-08       -2.5003 
3869.9914       5184.0598       4.6127e-08       -2.7014 
5184.0598       6944.3244       0.0000e+00       -0.0000 
5184.0598       6944.3244       2.9244e-16       0.0000 
5184.0598       6944.3244       2.1265e-09       -0.1453 
5184.0598       6944.3244       4.2529e-09       -0.2913 
5184.0598       6944.3244       6.3794e-09       -0.4380 
5184.0598       6944.3244       8.5059e-09       -0.5853 
5184.0598       6944.3244       1.0632e-08       -0.7332 
5184.0598       6944.3244       1.2759e-08       -0.8817 
5184.0598       6944.3244       1.4885e-08       -1.0308 
5184.0598       6944.3244       1.7012e-08       -1.1804 
5184.0598       6944.3244       1.9138e-08       -1.3307 
5184.0598       6944.3244       2.1265e-08       -1.4814 
5184.0598       6944.3244       2.3391e-08       -1.6327 
5184.0598       6944.3244       2.5518e-08       -1.7846 
5184.0598       6944.3244       2.7644e-08       -1.9369 
5184.0598       6944.3244       2.9771e-08       -2.0897 
5184.0598       6944.3244       3.1897e-08       -2.2431 
5184.0598       6944.3244       3.4023e-08       -2.3969 
5184.0598       6944.3244       3.6150e-08       -2.5511 
5184.0598       6944.3244       3.8276e-08       -2.7058 
6944.3244       9302.5069       0.0000e+00       -0.0004 
6944.3244       9302.5069       1.8972e-10       0.0000 
6944.3244       9302.5069       4.5825e-09       -0.0154 
6944.3244       9302.5069       8.9752e-09       -0.0693 
6944.3244       9302.5069       1.3368e-08       -0.1511 
6944.3244       9302.5069       1.7761e-08       -0.2542 
6944.3244       9302.5069       2.2153e-08       -0.3742 
6944.3244       9302.5069       2.6546e-08       -0.5080 
6944.3244       9302.5069       3.0939e-08       -0.6533 
6944.3244       9302.5069       3.5332e-08       -0.8085 
6944.3244       9302.5069       3.9724e-08       -0.9721 
6944.3244       9302.5069       4.4117e-08       -1.1432 
6944.3244       9302.5069       4.8510e-08       -1.3209 
6944.3244       9302.5069       5.2903e-08       -1.5045 
6944.3244       9302.5069       5.7295e-08       -1.6934 
6944.3244       9302.5069       6.1688e-08       -1.8871 
6944.3244       9302.5069       6.6081e-08       -2.0852 
6944.3244       9302.5069       7.0474e-08       -2.2874 
6944.3244       9302.5069       7.4866e-08       -2.4932 
6944.3244       9302.5069       7.9259e-08       -2.7025 
9302.5069       12461.2038       0.0000e+00       0.0000 
9302.5069       12461.2038       1.2046e-16       -0.0000 
9302.5069       12461.2038       2.7413e-09       -0.1501 
9302.5069       12461.2038       5.4826e-09       -0.3002 
9302.5069       12461.2038       8.2239e-09       -0.4503 
9302.5069       12461.2038       1.0965e-08       -0.6005 
9302.5069       12461.2038       1.3706e-08       -0.7507 
9302.5069       12461.2038       1.6448e-08       -0.9009 
9302.5069       12461.2038       1.9189e-08       -1.0512 
9302.5069       12461.2038       2.1930e-08       -1.2015 
9302.5069       12461.2038       2.4672e-08       -1.3518 
9302.5069       12461.2038       2.7413e-08       -1.5021 
9302.5069       12461.2038       3.0154e-08       -1.6525 
9302.5069       12461.2038       3.2896e-08       -1.8029 
9302.5069       12461.2038       3.5637e-08       -1.9533 
9302.5069       12461.2038       3.8378e-08       -2.1038 
9302.5069       12461.2038       4.1119e-08       -2.2543 
9302.5069       12461.2038       4.3861e-08       -2.4048 
9302.5069       12461.2038       4.6602e-08       -2.5553 
9302.5069       12461.2038       4.9343e-08       -2.7059 
12461.2038       16692.4468       0.0000e+00       0.0000 
12461.2038       16692.4468       7.8552e-17       -0.0000 
12461.2038       16692.4468       3.6265e-09       -0.1502 
12461.2038       16692.4468       7.2529e-09       -0.3004 
12461.2038       16692.4468       1.0879e-08       -0.4506 
12461.2038       16692.4468       1.4506e-08       -0.6008 
12461.2038       16692.4468       1.8132e-08       -0.7511 
12461.2038       16692.4468       2.1759e-08       -0.9013 
12461.2038       16692.4468       2.5385e-08       -1.0516 
12461.2038       16692.4468       2.9012e-08       -1.2019 
12461.2038       16692.4468       3.2638e-08       -1.3522 
12461.2038       16692.4468       3.6265e-08       -1.5026 
12461.2038       16692.4468       3.9891e-08       -1.6529 
12461.2038       16692.4468       4.3517e-08       -1.8033 
12461.2038       16692.4468       4.7144e-08       -1.9537 
12461.2038       16692.4468       5.0770e-08       -2.1041 
12461.2038       16692.4468       5.4397e-08       -2.2545 
12461.2038       16692.4468       5.8023e-08       -2.4050 
12461.2038       16692.4468       6.1650e-08       -2.5554 
12461.2038       16692.4468       6.5276e-08       -2.7059 
16692.4468       22360.9371       0.0000e+00       -0.0002 
16692.4468       22360.9371       4.9651e-11       0.0000 
16692.4468       22360.9371       8.8921e-09       -0.0160 
16692.4468       22360.9371       1.7735e-08       -0.0730 
16692.4468       22360.9371       2.6577e-08       -0.1587 
16692.4468       22360.9371       3.5420e-08       -0.2659 
16692.4468       22360.9371       4.4262e-08       -0.3896 
16692.4468       22360.9371       5.3105e-08       -0.5265 
16692.4468       22360.9371       6.1947e-08       -0.6743 
16692.4468       22360.9371       7.0790e-08       -0.8311 
16692.4468       22360.9371       7.9632e-08       -0.9958 
16692.4468       22360.9371       8.8475e-08       -1.1670 
16692.4468       22360.9371       9.7317e-08       -1.3442 
16692.4468       22360.9371       1.0616e-07       -1.5264 
16692.4468       22360.9371       1.1500e-07       -1.7133 
16692.4468       22360.9371       1.2384e-07       -1.9042 
16692.4468       22360.9371       1.3269e-07       -2.0989 
16692.4468       22360.9371       1.4153e-07       -2.2969 
16692.4468       22360.9371       1.5037e-07       -2.4980 
16692.4468       22360.9371       1.5921e-07       -2.7019 
22360.9371       29953.6672       0.0000e+00       0.0000 
22360.9371       29953.6672       3.1567e-11       -0.0007 
22360.9371       29953.6672       6.4436e-09       -0.1507 
22360.9371       29953.6672       1.2856e-08       -0.3008 
22360.9371       29953.6672       1.9268e-08       -0.4509 
22360.9371       29953.6672       2.5680e-08       -0.6010 
22360.9371       29953.6672       3.2092e-08       -0.7511 
22360.9371       29953.6672       3.8504e-08       -0.9013 
22360.9371       29953.6672       4.4916e-08       -1.0515 
22360.9371       29953.6672       5.1328e-08       -1.2018 
22360.9371       29953.6672       5.7740e-08       -1.3520 
22360.9371       29953.6672       6.4152e-08       -1.5023 
22360.9371       29953.6672       7.0564e-08       -1.6527 
22360.9371       29953.6672       7.6976e-08       -1.8030 
22360.9371       29953.6672       8.3388e-08       -1.9534 
22360.9371       29953.6672       8.9800e-08       -2.1039 
22360.9371       29953.6672       9.6212e-08       -2.2543 
22360.9371       29953.6672       1.0262e-07       -2.4048 
22360.9371       29953.6672       1.0904e-07       -2.5553 
22360.9371       29953.6672       1.1545e-07       -2.7059 
29953.6672       40124.5339       0.0000e+00       0.0000 
29953.6672       40124.5339       2.0482e-11       -0.0004 
29953.6672       40124.5339       8.1312e-09       -0.1507 
29953.6672       40124.5339       1.6242e-08       -0.3010 
29953.6672       40124.5339       2.4353e-08       -0.4513 
29953.6672       40124.5339       3.2463e-08       -0.6016 
29953.6672       40124.5339       4.0574e-08       -0.7519 
29953.6672       40124.5339       4.8685e-08       -0.9022 
29953.6672       40124.5339       5.6795e-08       -1.0525 
29953.6672       40124.5339       6.4906e-08       -1.2028 
29953.6672       40124.5339       7.3017e-08       -1.3531 
29953.6672       40124.5339       8.1127e-08       -1.5034 
29953.6672       40124.5339       8.9238e-08       -1.6537 
29953.6672       40124.5339       9.7349e-08       -1.8041 
29953.6672       40124.5339       1.0546e-07       -1.9544 
29953.6672       40124.5339       1.1357e-07       -2.1047 
29953.6672       40124.5339       1.2168e-07       -2.2550 
29953.6672       40124.5339       1.2979e-07       -2.4053 
29953.6672       40124.5339       1.3790e-07       -2.5556 
29953.6672       40124.5339       1.4601e-07       -2.7059 
40124.5339       53748.9519       0.0000e+00       0.0000 
40124.5339       53748.9519       1.3260e-11       -0.0002 
40124.5339       53748.9519       1.1081e-08       -0.1504 
40124.5339       53748.9519       2.2150e-08       -0.3006 
40124.5339       53748.9519       3.3218e-08       -0.4508 
40124.5339       53748.9519       4.4286e-08       -0.6010 
40124.5339       53748.9519       5.5354e-08       -0.7513 
40124.5339       53748.9519       6.6422e-08       -0.9016 
40124.5339       53748.9519       7.7490e-08       -1.0518 
40124.5339       53748.9519       8.8559e-08       -1.2021 
40124.5339       53748.9519       9.9627e-08       -1.3525 
40124.5339       53748.9519       1.1069e-07       -1.5028 
40124.5339       53748.9519       1.2176e-07       -1.6531 
40124.5339       53748.9519       1.3283e-07       -1.8035 
40124.5339       53748.9519       1.4390e-07       -1.9538 
40124.5339       53748.9519       1.5497e-07       -2.1042 
40124.5339       53748.9519       1.6604e-07       -2.2546 
40124.5339       53748.9519       1.7710e-07       -2.4050 
40124.5339       53748.9519       1.8817e-07       -2.5555 
40124.5339       53748.9519       1.9924e-07       -2.7059 
53748.9519       72001.2440       0.0000e+00       -0.0673 
53748.9519       72001.2440       8.5724e-12       -0.0672 
53748.9519       72001.2440       2.5354e-08       0.0000 
53748.9519       72001.2440       5.0700e-08       -0.0146 
53748.9519       72001.2440       7.6046e-08       -0.0783 
53748.9519       72001.2440       1.0139e-07       -0.1750 
53748.9519       72001.2440       1.2674e-07       -0.2952 
53748.9519       72001.2440       1.5208e-07       -0.4330 
53748.9519       72001.2440       1.7743e-07       -0.5846 
53748.9519       72001.2440       2.0278e-07       -0.7473 
53748.9519       72001.2440       2.2812e-07       -0.9189 
53748.9519       72001.2440       2.5347e-07       -1.0981 
53748.9519       72001.2440       2.7881e-07       -1.2836 
53748.9519       72001.2440       3.0416e-07       -1.4746 
53748.9519       72001.2440       3.2950e-07       -1.6704 
53748.9519       72001.2440       3.5485e-07       -1.8702 
53748.9519       72001.2440       3.8020e-07       -2.0738 
53748.9519       72001.2440       4.0554e-07       -2.2805 
53748.9519       72001.2440       4.3089e-07       -2.4902 
53748.9519       72001.2440       4.5623e-07       -2.7026 
72001.2440       96449.5043       0.0000e+00       0.0000 
72001.2440       96449.5043       5.5191e-12       -0.0000 
72001.2440       96449.5043       1.9497e-08       -0.1504 
72001.2440       96449.5043       3.8989e-08       -0.3007 
72001.2440       96449.5043       5.8480e-08       -0.4510 
72001.2440       96449.5043       7.7972e-08       -0.6013 
72001.2440       96449.5043       9.7464e-08       -0.7517 
72001.2440       96449.5043       1.1696e-07       -0.9020 
72001.2440       96449.5043       1.3645e-07       -1.0523 
72001.2440       96449.5043       1.5594e-07       -1.2026 
72001.2440       96449.5043       1.7543e-07       -1.3530 
72001.2440       96449.5043       1.9492e-07       -1.5033 
72001.2440       96449.5043       2.1441e-07       -1.6536 
72001.2440       96449.5043       2.3391e-07       -1.8039 
72001.2440       96449.5043       2.5340e-07       -1.9543 
72001.2440       96449.5043       2.7289e-07       -2.1046 
72001.2440       96449.5043       2.9238e-07       -2.2549 
72001.2440       96449.5043       3.1187e-07       -2.4052 
72001.2440       96449.5043       3.3136e-07       -2.5556 
72001.2440       96449.5043       3.5086e-07       -2.7059 
96449.5043       129199.2522       0.0000e+00       0.0000 
96449.5043       129199.2522       3.5592e-12       -0.0000 
96449.5043       129199.2522       2.6369e-08       -0.1503 
96449.5043       129199.2522       5.2735e-08       -0.3007 
96449.5043       129199.2522       7.9101e-08       -0.4510 
96449.5043       129199.2522       1.0547e-07       -0.6013 
96449.5043       129199.2522       1.3183e-07       -0.7516 
96449.5043       129199.2522       1.5820e-07       -0.9020 
96449.5043       129199.2522       1.8456e-07       -1.0523 
96449.5043       129199.2522       2.1093e-07       -1.2026 
96449.5043       129199.2522       2.3730e-07       -1.3529 
96449.5043       129199.2522       2.6366e-07       -1.5033 
96449.5043       129199.2522       2.9003e-07       -1.6536 
96449.5043       129199.2522       3.1639e-07       -1.8039 
96449.5043       129199.2522       3.4276e-07       -1.9543 
96449.5043       129199.2522       3.6912e-07       -2.1046 
96449.5043       129199.2522       3.9549e-07       -2.2549 
96449.5043       129199.2522       4.2186e-07       -2.4052 
96449.5043       129199.2522       4.4822e-07       -2.5556 
96449.5043       129199.2522       4.7459e-07       -2.7059 
129199.2522       173069.2852       0.0000e+00       0.0000 
129199.2522       173069.2852       2.2947e-12       -0.0000 
129199.2522       173069.2852       3.5719e-08       -0.1503 
129199.2522       173069.2852       7.1435e-08       -0.3006 
129199.2522       173069.2852       1.0715e-07       -0.4510 
129199.2522       173069.2852       1.4287e-07       -0.6013 
129199.2522       173069.2852       1.7858e-07       -0.7516 
129199.2522       173069.2852       2.1430e-07       -0.9019 
129199.2522       173069.2852       2.5002e-07       -1.0523 
129199.2522       173069.2852       2.8573e-07       -1.2026 
129199.2522       173069.2852       3.2145e-07       -1.3529 
129199.2522       173069.2852       3.5717e-07       -1.5032 
129199.2522       173069.2852       3.9288e-07       -1.6536 
129199.2522       173069.2852       4.2860e-07       -1.8039 
129199.2522       173069.2852       4.6432e-07       -1.9542 
129199.2522       173069.2852       5.0003e-07       -2.1046 
129199.2522       173069.2852       5.3575e-07       -2.2549 
129199.2522       173069.2852       5.7146e-07       -2.4052 
129199.2522       173069.2852       6.0718e-07       -2.5556 
129199.2522       173069.2852       6.4290e-07       -2.7059 
173069.2852       231840.8711       0.0000e+00       -0.0000 
173069.2852       231840.8711       1.4795e-12       0.0000 
173069.2852       231840.8711       4.7742e-08       -0.1503 
173069.2852       231840.8711       9.5482e-08       -0.3007 
173069.2852       231840.8711       1.4322e-07       -0.4510 
173069.2852       231840.8711       1.9096e-07       -0.6013 
173069.2852       231840.8711       2.3870e-07       -0.7516 
173069.2852       231840.8711       2.8644e-07       -0.9020 
173069.2852       231840.8711       3.3418e-07       -1.0523 
173069.2852       231840.8711       3.8192e-07       -1.2026 
173069.2852       231840.8711       4.2967e-07       -1.3529 
173069.2852       231840.8711       4.7741e-07       -1.5033 
173069.2852       231840.8711       5.2515e-07       -1.6536 
173069.2852       231840.8711       5.7289e-07       -1.8039 
173069.2852       231840.8711       6.2063e-07       -1.9543 
173069.2852       231840.8711       6.6837e-07       -2.1046 
173069.2852       231840.8711       7.1611e-07       -2.2549 
173069.2852       231840.8711       7.6385e-07       -2.4052 
173069.2852       231840.8711       8.1159e-07       -2.5556 
173069.2852       231840.8711       8.5933e-07       -2.7059 
231840.8711       310563.2050       0.0000e+00       -0.0000 
231840.8711       310563.2050       9.5369e-13       0.0000 
231840.8711       310563.2050       6.4233e-08       -0.1503 
231840.8711       310563.2050       1.2847e-07       -0.3007 
231840.8711       310563.2050       1.9270e-07       -0.4510 
231840.8711       310563.2050       2.5693e-07       -0.6013 
231840.8711       310563.2050       3.2116e-07       -0.7516 
231840.8711       310563.2050       3.8539e-07       -0.9020 
231840.8711       310563.2050       4.4963e-07       -1.0523 
231840.8711       310563.2050       5.1386e-07       -1.2026 
231840.8711       310563.2050       5.7809e-07       -1.3530 
231840.8711       310563.2050       6.4232e-07       -1.5033 
231840.8711       310563.2050       7.0656e-07       -1.6536 
231840.8711       310563.2050       7.7079e-07       -1.8039 
231840.8711       310563.2050       8.3502e-07       -1.9543 
231840.8711       310563.2050       8.9925e-07       -2.1046 
231840.8711       310563.2050       9.6348e-07       -2.2549 
231840.8711       310563.2050       1.0277e-06       -2.4052 
231840.8711       310563.2050       1.0919e-06       -2.5556 
231840.8711       310563.2050       1.1562e-06       -2.7059 
310563.2050       416015.9675       0.0000e+00       -0.0000 
310563.2050       416015.9675       6.1481e-13       0.0000 
310563.2050       416015.9675       8.7843e-08       -0.1503 
310563.2050       416015.9675       1.7569e-07       -0.3006 
310563.2050       416015.9675       2.6353e-07       -0.4509 
310563.2050       416015.9675       3.5137e-07       -0.6012 
310563.2050       416015.9675       4.3921e-07       -0.7515 
310563.2050       416015.9675       5.2706e-07       -0.9018 
310563.2050       416015.9675       6.1490e-07       -1.0522 
310563.2050       416015.9675       7.0274e-07       -1.2025 
310563.2050       416015.9675       7.9058e-07       -1.3528 
310563.2050       416015.9675       8.7843e-07       -1.5031 
310563.2050       416015.9675       9.6627e-07       -1.6535 
310563.2050       416015.9675       1.0541e-06       -1.8038 
310563.2050       416015.9675       1.1420e-06       -1.9542 
310563.2050       416015.9675       1.2298e-06       -2.1045 
310563.2050       416015.9675       1.3176e-06       -2.2548 
310563.2050       416015.9675       1.4055e-06       -2.4052 
310563.2050       416015.9675       1.4933e-06       -2.5555 
310563.2050       416015.9675       1.5812e-06       -2.7059 
416015.9675       557275.5639       0.0000e+00       -0.0000 
416015.9675       557275.5639       3.9634e-13       0.0000 
416015.9675       557275.5639       1.1790e-07       -0.1503 
416015.9675       557275.5639       2.3579e-07       -0.3007 
416015.9675       557275.5639       3.5368e-07       -0.4510 
416015.9675       557275.5639       4.7158e-07       -0.6013 
416015.9675       557275.5639       5.8947e-07       -0.7516 
416015.9675       557275.5639       7.0737e-07       -0.9020 
416015.9675       557275.5639       8.2526e-07       -1.0523 
416015.9675       557275.5639       9.4316e-07       -1.2026 
416015.9675       557275.5639       1.0611e-06       -1.3529 
416015.9675       557275.5639       1.1789e-06       -1.5033 
416015.9675       557275.5639       1.2968e-06       -1.6536 
416015.9675       557275.5639       1.4147e-06       -1.8039 
416015.9675       557275.5639       1.5326e-06       -1.9543 
416015.9675       557275.5639       1.6505e-06       -2.1046 
416015.9675       557275.5639       1.7684e-06       -2.2549 
416015.9675       557275.5639       1.8863e-06       -2.4052 
416015.9675       557275.5639       2.0042e-06       -2.5556 
416015.9675       557275.5639       2.1221e-06       -2.7059 
557275.5639       746517.5120       0.0000e+00       -0.0000 
557275.5639       746517.5120       2.5552e-13       0.0000 
557275.5639       746517.5120       1.6169e-07       -0.1503 
557275.5639       746517.5120       3.2338e-07       -0.3007 
557275.5639       746517.5120       4.8507e-07       -0.4510 
557275.5639       746517.5120       6.4676e-07       -0.6013 
557275.5639       746517.5120       8.0845e-07       -0.7516 
557275.5639       746517.5120       9.7014e-07       -0.9020 
557275.5639       746517.5120       1.1318e-06       -1.0523 
557275.5639       746517.5120       1.2935e-06       -1.2026 
557275.5639       746517.5120       1.4552e-06       -1.3529 
557275.5639       746517.5120       1.6169e-06       -1.5033 
557275.5639       746517.5120       1.7786e-06       -1.6536 
557275.5639       746517.5120       1.9403e-06       -1.8039 
557275.5639       746517.5120       2.1020e-06       -1.9543 
557275.5639       746517.5120       2.2637e-06       -2.1046 
557275.5639       746517.5120       2.4253e-06       -2.2549 
557275.5639       746517.5120       2.5870e-06       -2.4052 
557275.5639       746517.5120       2.7487e-06       -2.5556 
557275.5639       746517.5120       2.9104e-06       -2.7059 
746517.5120       1000000.0000       0.0000e+00       -0.0000 
746517.5120       1000000.0000       1.6471e-13       0.0000 
746517.5120       1000000.0000       2.3276e-07       -0.1503 
746517.5120       1000000.0000       4.6552e-07       -0.3007 
746517.5120       1000000.0000       6.9828e-07       -0.4510 
746517.5120       1000000.0000       9.3104e-07       -0.6013 
746517.5120       1000000.0000       1.1638e-06       -0.7516 
746517.5120       1000000.0000       1.3966e-06       -0.9020 
746517.5120       1000000.0000       1.6293e-06       -1.0523 
746517.5120       1000000.0000       1.8621e-06       -1.2026 
746517.5120       1000000.0000       2.0948e-06       -1.3529 
746517.5120       1000000.0000       2.3276e-06       -1.5033 
746517.5120       1000000.0000       2.5604e-06       -1.6536 
746517.5120       1000000.0000       2.7931e-06       -1.8039 
746517.5120       1000000.0000       3.0259e-06       -1.9543 
746517.5120       1000000.0000       3.2586e-06       -2.1046 
746517.5120       1000000.0000       3.4914e-06       -2.2549 
746517.5120       1000000.0000       3.7242e-06       -2.4052 
746517.5120       1000000.0000       3.9569e-06       -2.5556 
746517.5120       1000000.0000       4.1897e-06       -2.7059 
