#Leo_1  Log10(Jfactor)=17.640   sigmaJ=0.130 
#[0]emin(MeV) [1]emax(MeV) [2]eflux(MeV/cm^2/s) [3]deltaLogLike 
500.0000       669.7766       0.0000e+00       0.0000 
500.0000       669.7766       1.0687e-12       -0.0000 
500.0000       669.7766       5.4068e-09       -0.0258 
500.0000       669.7766       1.0812e-08       -0.0683 
500.0000       669.7766       1.6218e-08       -0.1272 
500.0000       669.7766       2.1624e-08       -0.2018 
500.0000       669.7766       2.7030e-08       -0.2919 
500.0000       669.7766       3.2435e-08       -0.3969 
500.0000       669.7766       3.7841e-08       -0.5165 
500.0000       669.7766       4.3247e-08       -0.6503 
500.0000       669.7766       4.8652e-08       -0.7980 
500.0000       669.7766       5.4058e-08       -0.9593 
500.0000       669.7766       5.9464e-08       -1.1338 
500.0000       669.7766       6.4869e-08       -1.3213 
500.0000       669.7766       7.0275e-08       -1.5214 
500.0000       669.7766       7.5681e-08       -1.7339 
500.0000       669.7766       8.1087e-08       -1.9585 
500.0000       669.7766       8.6492e-08       -2.1950 
500.0000       669.7766       9.1898e-08       -2.4431 
500.0000       669.7766       9.7304e-08       -2.7025 
669.7766       897.2222       0.0000e+00       -0.8544 
669.7766       897.2222       5.1913e-09       -0.6657 
669.7766       897.2222       1.0383e-08       -0.5028 
669.7766       897.2222       1.5574e-08       -0.3646 
669.7766       897.2222       2.0765e-08       -0.2500 
669.7766       897.2222       2.5956e-08       -0.1580 
669.7766       897.2222       3.1148e-08       -0.0878 
669.7766       897.2222       3.6339e-08       -0.0386 
669.7766       897.2222       4.1530e-08       -0.0096 
669.7766       897.2222       4.6721e-08       0.0000 
669.7766       897.2222       5.6370e-08       -0.0317 
669.7766       897.2222       6.6018e-08       -0.1246 
669.7766       897.2222       7.5667e-08       -0.2751 
669.7766       897.2222       8.5315e-08       -0.4803 
669.7766       897.2222       9.4964e-08       -0.7373 
669.7766       897.2222       1.0461e-07       -1.0436 
669.7766       897.2222       1.1426e-07       -1.3969 
669.7766       897.2222       1.2391e-07       -1.7951 
669.7766       897.2222       1.3356e-07       -2.2363 
669.7766       897.2222       1.4321e-07       -2.7187 
897.2222       1201.8769       0.0000e+00       0.0000 
897.2222       1201.8769       1.9746e-13       -0.0000 
897.2222       1201.8769       3.4326e-09       -0.0551 
897.2222       1201.8769       6.8650e-09       -0.1250 
897.2222       1201.8769       1.0297e-08       -0.2085 
897.2222       1201.8769       1.3730e-08       -0.3050 
897.2222       1201.8769       1.7162e-08       -0.4136 
897.2222       1201.8769       2.0594e-08       -0.5337 
897.2222       1201.8769       2.4027e-08       -0.6648 
897.2222       1201.8769       2.7459e-08       -0.8062 
897.2222       1201.8769       3.0892e-08       -0.9575 
897.2222       1201.8769       3.4324e-08       -1.1183 
897.2222       1201.8769       3.7756e-08       -1.2882 
897.2222       1201.8769       4.1189e-08       -1.4669 
897.2222       1201.8769       4.4621e-08       -1.6539 
897.2222       1201.8769       4.8054e-08       -1.8490 
897.2222       1201.8769       5.1486e-08       -2.0518 
897.2222       1201.8769       5.4918e-08       -2.2623 
897.2222       1201.8769       5.8351e-08       -2.4800 
897.2222       1201.8769       6.1783e-08       -2.7047 
1201.8769       1609.9782       0.0000e+00       -0.0090 
1201.8769       1609.9782       3.4752e-09       0.0000 
1201.8769       1609.9782       7.5348e-09       -0.0123 
1201.8769       1609.9782       1.1594e-08       -0.0472 
1201.8769       1609.9782       1.5654e-08       -0.1028 
1201.8769       1609.9782       1.9713e-08       -0.1776 
1201.8769       1609.9782       2.3773e-08       -0.2703 
1201.8769       1609.9782       2.7833e-08       -0.3796 
1201.8769       1609.9782       3.1892e-08       -0.5047 
1201.8769       1609.9782       3.5952e-08       -0.6446 
1201.8769       1609.9782       4.0011e-08       -0.7984 
1201.8769       1609.9782       4.4071e-08       -0.9655 
1201.8769       1609.9782       4.8130e-08       -1.1453 
1201.8769       1609.9782       5.2190e-08       -1.3370 
1201.8769       1609.9782       5.6250e-08       -1.5402 
1201.8769       1609.9782       6.0309e-08       -1.7544 
1201.8769       1609.9782       6.4369e-08       -1.9792 
1201.8769       1609.9782       6.8428e-08       -2.2140 
1201.8769       1609.9782       7.2488e-08       -2.4587 
1201.8769       1609.9782       7.6547e-08       -2.7127 
1609.9782       2156.6516       0.0000e+00       -0.0031 
1609.9782       2156.6516       1.9617e-09       0.0000 
1609.9782       2156.6516       5.3056e-09       -0.0157 
1609.9782       2156.6516       8.6496e-09       -0.0555 
1609.9782       2156.6516       1.1994e-08       -0.1167 
1609.9782       2156.6516       1.5337e-08       -0.1974 
1609.9782       2156.6516       1.8681e-08       -0.2957 
1609.9782       2156.6516       2.2025e-08       -0.4103 
1609.9782       2156.6516       2.5369e-08       -0.5397 
1609.9782       2156.6516       2.8713e-08       -0.6830 
1609.9782       2156.6516       3.2057e-08       -0.8390 
1609.9782       2156.6516       3.5401e-08       -1.0070 
1609.9782       2156.6516       3.8745e-08       -1.1863 
1609.9782       2156.6516       4.2089e-08       -1.3760 
1609.9782       2156.6516       4.5433e-08       -1.5757 
1609.9782       2156.6516       4.8777e-08       -1.7847 
1609.9782       2156.6516       5.2121e-08       -2.0026 
1609.9782       2156.6516       5.5465e-08       -2.2289 
1609.9782       2156.6516       5.8809e-08       -2.4632 
1609.9782       2156.6516       6.2153e-08       -2.7051 
2156.6516       2889.0164       0.0000e+00       -0.1768 
2156.6516       2889.0164       9.7184e-09       0.0000 
2156.6516       2889.0164       1.3222e-08       -0.0164 
2156.6516       2889.0164       1.6727e-08       -0.0614 
2156.6516       2889.0164       2.0231e-08       -0.1301 
2156.6516       2889.0164       2.3735e-08       -0.2189 
2156.6516       2889.0164       2.7239e-08       -0.3252 
2156.6516       2889.0164       3.0743e-08       -0.4469 
2156.6516       2889.0164       3.4247e-08       -0.5822 
2156.6516       2889.0164       3.7751e-08       -0.7299 
2156.6516       2889.0164       4.1255e-08       -0.8888 
2156.6516       2889.0164       4.4759e-08       -1.0580 
2156.6516       2889.0164       4.8263e-08       -1.2366 
2156.6516       2889.0164       5.1767e-08       -1.4241 
2156.6516       2889.0164       5.5271e-08       -1.6197 
2156.6516       2889.0164       5.8775e-08       -1.8229 
2156.6516       2889.0164       6.2279e-08       -2.0334 
2156.6516       2889.0164       6.5783e-08       -2.2507 
2156.6516       2889.0164       6.9287e-08       -2.4744 
2156.6516       2889.0164       7.2791e-08       -2.7042 
2889.0164       3869.9914       0.0000e+00       -1.1259 
2889.0164       3869.9914       3.4580e-09       -0.8202 
2889.0164       3869.9914       6.9160e-09       -0.5854 
2889.0164       3869.9914       1.0374e-08       -0.4043 
2889.0164       3869.9914       1.3832e-08       -0.2656 
2889.0164       3869.9914       1.7290e-08       -0.1616 
2889.0164       3869.9914       2.0748e-08       -0.0868 
2889.0164       3869.9914       2.4206e-08       -0.0369 
2889.0164       3869.9914       2.7664e-08       -0.0089 
2889.0164       3869.9914       3.1122e-08       0.0000 
2889.0164       3869.9914       3.9234e-08       -0.0433 
2889.0164       3869.9914       4.7346e-08       -0.1614 
2889.0164       3869.9914       5.5457e-08       -0.3405 
2889.0164       3869.9914       6.3569e-08       -0.5709 
2889.0164       3869.9914       7.1680e-08       -0.8453 
2889.0164       3869.9914       7.9792e-08       -1.1581 
2889.0164       3869.9914       8.7904e-08       -1.5047 
2889.0164       3869.9914       9.6015e-08       -1.8815 
2889.0164       3869.9914       1.0413e-07       -2.2856 
2889.0164       3869.9914       1.1224e-07       -2.7144 
3869.9914       5184.0598       0.0000e+00       0.0000 
3869.9914       5184.0598       5.8312e-15       -0.0000 
3869.9914       5184.0598       3.2248e-09       -0.1113 
3869.9914       5184.0598       6.4495e-09       -0.2287 
3869.9914       5184.0598       9.6743e-09       -0.3517 
3869.9914       5184.0598       1.2899e-08       -0.4802 
3869.9914       5184.0598       1.6124e-08       -0.6137 
3869.9914       5184.0598       1.9349e-08       -0.7519 
3869.9914       5184.0598       2.2573e-08       -0.8947 
3869.9914       5184.0598       2.5798e-08       -1.0417 
3869.9914       5184.0598       2.9023e-08       -1.1928 
3869.9914       5184.0598       3.2248e-08       -1.3477 
3869.9914       5184.0598       3.5472e-08       -1.5062 
3869.9914       5184.0598       3.8697e-08       -1.6683 
3869.9914       5184.0598       4.1922e-08       -1.8337 
3869.9914       5184.0598       4.5147e-08       -2.0022 
3869.9914       5184.0598       4.8371e-08       -2.1739 
3869.9914       5184.0598       5.1596e-08       -2.3484 
3869.9914       5184.0598       5.4821e-08       -2.5257 
3869.9914       5184.0598       5.8046e-08       -2.7058 
5184.0598       6944.3244       0.0000e+00       -0.4671 
5184.0598       6944.3244       1.0760e-08       0.0000 
5184.0598       6944.3244       1.4431e-08       -0.0246 
5184.0598       6944.3244       1.8102e-08       -0.0867 
5184.0598       6944.3244       2.1772e-08       -0.1753 
5184.0598       6944.3244       2.5443e-08       -0.2840 
5184.0598       6944.3244       2.9113e-08       -0.4082 
5184.0598       6944.3244       3.2784e-08       -0.5452 
5184.0598       6944.3244       3.6455e-08       -0.6925 
5184.0598       6944.3244       4.0125e-08       -0.8486 
5184.0598       6944.3244       4.3796e-08       -1.0122 
5184.0598       6944.3244       4.7467e-08       -1.1824 
5184.0598       6944.3244       5.1137e-08       -1.3583 
5184.0598       6944.3244       5.4808e-08       -1.5393 
5184.0598       6944.3244       5.8479e-08       -1.7248 
5184.0598       6944.3244       6.2149e-08       -1.9145 
5184.0598       6944.3244       6.5820e-08       -2.1078 
5184.0598       6944.3244       6.9490e-08       -2.3046 
5184.0598       6944.3244       7.3161e-08       -2.5045 
5184.0598       6944.3244       7.6832e-08       -2.7072 
6944.3244       9302.5069       0.0000e+00       -0.2288 
6944.3244       9302.5069       1.6791e-08       0.0000 
6944.3244       9302.5069       2.2607e-08       -0.0186 
6944.3244       9302.5069       2.8424e-08       -0.0688 
6944.3244       9302.5069       3.4240e-08       -0.1441 
6944.3244       9302.5069       4.0056e-08       -0.2403 
6944.3244       9302.5069       4.5872e-08       -0.3538 
6944.3244       9302.5069       5.1688e-08       -0.4821 
6944.3244       9302.5069       5.7505e-08       -0.6232 
6944.3244       9302.5069       6.3321e-08       -0.7756 
6944.3244       9302.5069       6.9137e-08       -0.9378 
6944.3244       9302.5069       7.4953e-08       -1.1088 
6944.3244       9302.5069       8.0769e-08       -1.2877 
6944.3244       9302.5069       8.6586e-08       -1.4738 
6944.3244       9302.5069       9.2402e-08       -1.6664 
6944.3244       9302.5069       9.8218e-08       -1.8649 
6944.3244       9302.5069       1.0403e-07       -2.0689 
6944.3244       9302.5069       1.0985e-07       -2.2779 
6944.3244       9302.5069       1.1567e-07       -2.4915 
6944.3244       9302.5069       1.2148e-07       -2.7095 
9302.5069       12461.2038       0.0000e+00       0.0000 
9302.5069       12461.2038       2.0202e-15       -0.0000 
9302.5069       12461.2038       3.3994e-09       -0.1493 
9302.5069       12461.2038       6.7987e-09       -0.2987 
9302.5069       12461.2038       1.0198e-08       -0.4483 
9302.5069       12461.2038       1.3597e-08       -0.5980 
9302.5069       12461.2038       1.6997e-08       -0.7478 
9302.5069       12461.2038       2.0396e-08       -0.8977 
9302.5069       12461.2038       2.3795e-08       -1.0478 
9302.5069       12461.2038       2.7195e-08       -1.1980 
9302.5069       12461.2038       3.0594e-08       -1.3482 
9302.5069       12461.2038       3.3993e-08       -1.4987 
9302.5069       12461.2038       3.7393e-08       -1.6492 
9302.5069       12461.2038       4.0792e-08       -1.7998 
9302.5069       12461.2038       4.4192e-08       -1.9506 
9302.5069       12461.2038       4.7591e-08       -2.1014 
9302.5069       12461.2038       5.0990e-08       -2.2524 
9302.5069       12461.2038       5.4390e-08       -2.4034 
9302.5069       12461.2038       5.7789e-08       -2.5546 
9302.5069       12461.2038       6.1188e-08       -2.7059 
12461.2038       16692.4468       0.0000e+00       0.0000 
12461.2038       16692.4468       1.1215e-14       -0.0000 
12461.2038       16692.4468       4.3450e-09       -0.1495 
12461.2038       16692.4468       8.6899e-09       -0.2991 
12461.2038       16692.4468       1.3035e-08       -0.4488 
12461.2038       16692.4468       1.7380e-08       -0.5986 
12461.2038       16692.4468       2.1725e-08       -0.7485 
12461.2038       16692.4468       2.6070e-08       -0.8985 
12461.2038       16692.4468       3.0415e-08       -1.0486 
12461.2038       16692.4468       3.4760e-08       -1.1988 
12461.2038       16692.4468       3.9105e-08       -1.3491 
12461.2038       16692.4468       4.3450e-08       -1.4995 
12461.2038       16692.4468       4.7795e-08       -1.6500 
12461.2038       16692.4468       5.2139e-08       -1.8006 
12461.2038       16692.4468       5.6484e-08       -1.9512 
12461.2038       16692.4468       6.0829e-08       -2.1020 
12461.2038       16692.4468       6.5174e-08       -2.2528 
12461.2038       16692.4468       6.9519e-08       -2.4038 
12461.2038       16692.4468       7.3864e-08       -2.5548 
12461.2038       16692.4468       7.8209e-08       -2.7059 
16692.4468       22360.9371       0.0000e+00       -0.0000 
16692.4468       22360.9371       4.4560e-15       0.0000 
16692.4468       22360.9371       6.0669e-09       -0.1489 
16692.4468       22360.9371       1.2134e-08       -0.2980 
16692.4468       22360.9371       1.8201e-08       -0.4473 
16692.4468       22360.9371       2.4268e-08       -0.5968 
16692.4468       22360.9371       3.0335e-08       -0.7464 
16692.4468       22360.9371       3.6402e-08       -0.8962 
16692.4468       22360.9371       4.2469e-08       -1.0462 
16692.4468       22360.9371       4.8535e-08       -1.1963 
16692.4468       22360.9371       5.4602e-08       -1.3466 
16692.4468       22360.9371       6.0669e-08       -1.4970 
16692.4468       22360.9371       6.6736e-08       -1.6476 
16692.4468       22360.9371       7.2803e-08       -1.7984 
16692.4468       22360.9371       7.8870e-08       -1.9493 
16692.4468       22360.9371       8.4937e-08       -2.1003 
16692.4468       22360.9371       9.1004e-08       -2.2515 
16692.4468       22360.9371       9.7071e-08       -2.4028 
16692.4468       22360.9371       1.0314e-07       -2.5543 
16692.4468       22360.9371       1.0920e-07       -2.7059 
22360.9371       29953.6672       0.0000e+00       0.0000 
22360.9371       29953.6672       1.2106e-15       -0.0000 
22360.9371       29953.6672       7.1189e-09       -0.1503 
22360.9371       29953.6672       1.4238e-08       -0.3006 
22360.9371       29953.6672       2.1357e-08       -0.4509 
22360.9371       29953.6672       2.8475e-08       -0.6012 
22360.9371       29953.6672       3.5594e-08       -0.7515 
22360.9371       29953.6672       4.2713e-08       -0.9018 
22360.9371       29953.6672       4.9832e-08       -1.0522 
22360.9371       29953.6672       5.6951e-08       -1.2025 
22360.9371       29953.6672       6.4070e-08       -1.3528 
22360.9371       29953.6672       7.1189e-08       -1.5031 
22360.9371       29953.6672       7.8307e-08       -1.6535 
22360.9371       29953.6672       8.5426e-08       -1.8038 
22360.9371       29953.6672       9.2545e-08       -1.9542 
22360.9371       29953.6672       9.9664e-08       -2.1045 
22360.9371       29953.6672       1.0678e-07       -2.2548 
22360.9371       29953.6672       1.1390e-07       -2.4052 
22360.9371       29953.6672       1.2102e-07       -2.5555 
22360.9371       29953.6672       1.2814e-07       -2.7059 
29953.6672       40124.5339       0.0000e+00       -0.0000 
29953.6672       40124.5339       7.6916e-15       0.0000 
29953.6672       40124.5339       9.3866e-09       -0.1503 
29953.6672       40124.5339       1.8773e-08       -0.3006 
29953.6672       40124.5339       2.8160e-08       -0.4508 
29953.6672       40124.5339       3.7547e-08       -0.6011 
29953.6672       40124.5339       4.6933e-08       -0.7514 
29953.6672       40124.5339       5.6320e-08       -0.9017 
29953.6672       40124.5339       6.5706e-08       -1.0521 
29953.6672       40124.5339       7.5093e-08       -1.2024 
29953.6672       40124.5339       8.4480e-08       -1.3527 
29953.6672       40124.5339       9.3866e-08       -1.5030 
29953.6672       40124.5339       1.0325e-07       -1.6534 
29953.6672       40124.5339       1.1264e-07       -1.8037 
29953.6672       40124.5339       1.2203e-07       -1.9541 
29953.6672       40124.5339       1.3141e-07       -2.1044 
29953.6672       40124.5339       1.4080e-07       -2.2548 
29953.6672       40124.5339       1.5019e-07       -2.4051 
29953.6672       40124.5339       1.5957e-07       -2.5555 
29953.6672       40124.5339       1.6896e-07       -2.7059 
40124.5339       53748.9519       0.0000e+00       -0.0000 
40124.5339       53748.9519       1.3296e-15       0.0000 
40124.5339       53748.9519       1.2118e-08       -0.1503 
40124.5339       53748.9519       2.4235e-08       -0.3007 
40124.5339       53748.9519       3.6353e-08       -0.4510 
40124.5339       53748.9519       4.8471e-08       -0.6013 
40124.5339       53748.9519       6.0589e-08       -0.7516 
40124.5339       53748.9519       7.2706e-08       -0.9020 
40124.5339       53748.9519       8.4824e-08       -1.0523 
40124.5339       53748.9519       9.6942e-08       -1.2026 
40124.5339       53748.9519       1.0906e-07       -1.3529 
40124.5339       53748.9519       1.2118e-07       -1.5033 
40124.5339       53748.9519       1.3330e-07       -1.6536 
40124.5339       53748.9519       1.4541e-07       -1.8039 
40124.5339       53748.9519       1.5753e-07       -1.9543 
40124.5339       53748.9519       1.6965e-07       -2.1046 
40124.5339       53748.9519       1.8177e-07       -2.2549 
40124.5339       53748.9519       1.9388e-07       -2.4052 
40124.5339       53748.9519       2.0600e-07       -2.5556 
40124.5339       53748.9519       2.1812e-07       -2.7059 
53748.9519       72001.2440       0.0000e+00       0.0000 
53748.9519       72001.2440       6.2069e-16       -0.0000 
53748.9519       72001.2440       1.6517e-08       -0.1503 
53748.9519       72001.2440       3.3035e-08       -0.3006 
53748.9519       72001.2440       4.9552e-08       -0.4509 
53748.9519       72001.2440       6.6069e-08       -0.6012 
53748.9519       72001.2440       8.2586e-08       -0.7515 
53748.9519       72001.2440       9.9104e-08       -0.9018 
53748.9519       72001.2440       1.1562e-07       -1.0521 
53748.9519       72001.2440       1.3214e-07       -1.2024 
53748.9519       72001.2440       1.4866e-07       -1.3528 
53748.9519       72001.2440       1.6517e-07       -1.5031 
53748.9519       72001.2440       1.8169e-07       -1.6534 
53748.9519       72001.2440       1.9821e-07       -1.8038 
53748.9519       72001.2440       2.1472e-07       -1.9541 
53748.9519       72001.2440       2.3124e-07       -2.1045 
53748.9519       72001.2440       2.4776e-07       -2.2548 
53748.9519       72001.2440       2.6428e-07       -2.4052 
53748.9519       72001.2440       2.8079e-07       -2.5555 
53748.9519       72001.2440       2.9731e-07       -2.7059 
72001.2440       96449.5043       0.0000e+00       0.0000 
72001.2440       96449.5043       5.0893e-16       -0.0000 
72001.2440       96449.5043       2.1878e-08       -0.1503 
72001.2440       96449.5043       4.3756e-08       -0.3007 
72001.2440       96449.5043       6.5635e-08       -0.4510 
72001.2440       96449.5043       8.7513e-08       -0.6013 
72001.2440       96449.5043       1.0939e-07       -0.7516 
72001.2440       96449.5043       1.3127e-07       -0.9020 
72001.2440       96449.5043       1.5315e-07       -1.0523 
72001.2440       96449.5043       1.7503e-07       -1.2026 
72001.2440       96449.5043       1.9690e-07       -1.3529 
72001.2440       96449.5043       2.1878e-07       -1.5033 
72001.2440       96449.5043       2.4066e-07       -1.6536 
72001.2440       96449.5043       2.6254e-07       -1.8039 
72001.2440       96449.5043       2.8442e-07       -1.9543 
72001.2440       96449.5043       3.0630e-07       -2.1046 
72001.2440       96449.5043       3.2817e-07       -2.2549 
72001.2440       96449.5043       3.5005e-07       -2.4052 
72001.2440       96449.5043       3.7193e-07       -2.5556 
72001.2440       96449.5043       3.9381e-07       -2.7059 
96449.5043       129199.2522       0.0000e+00       0.0000 
96449.5043       129199.2522       4.1657e-16       -0.0000 
96449.5043       129199.2522       2.9842e-08       -0.1503 
96449.5043       129199.2522       5.9684e-08       -0.3006 
96449.5043       129199.2522       8.9527e-08       -0.4509 
96449.5043       129199.2522       1.1937e-07       -0.6012 
96449.5043       129199.2522       1.4921e-07       -0.7515 
96449.5043       129199.2522       1.7905e-07       -0.9018 
96449.5043       129199.2522       2.0890e-07       -1.0522 
96449.5043       129199.2522       2.3874e-07       -1.2025 
96449.5043       129199.2522       2.6858e-07       -1.3528 
96449.5043       129199.2522       2.9842e-07       -1.5031 
96449.5043       129199.2522       3.2826e-07       -1.6535 
96449.5043       129199.2522       3.5811e-07       -1.8038 
96449.5043       129199.2522       3.8795e-07       -1.9541 
96449.5043       129199.2522       4.1779e-07       -2.1045 
96449.5043       129199.2522       4.4763e-07       -2.2548 
96449.5043       129199.2522       4.7748e-07       -2.4052 
96449.5043       129199.2522       5.0732e-07       -2.5555 
96449.5043       129199.2522       5.3716e-07       -2.7059 
129199.2522       173069.2852       0.0000e+00       0.0000 
129199.2522       173069.2852       3.4109e-16       -0.0000 
129199.2522       173069.2852       3.9795e-08       -0.1503 
129199.2522       173069.2852       7.9590e-08       -0.3007 
129199.2522       173069.2852       1.1938e-07       -0.4510 
129199.2522       173069.2852       1.5918e-07       -0.6013 
129199.2522       173069.2852       1.9897e-07       -0.7516 
129199.2522       173069.2852       2.3877e-07       -0.9020 
129199.2522       173069.2852       2.7856e-07       -1.0523 
129199.2522       173069.2852       3.1836e-07       -1.2026 
129199.2522       173069.2852       3.5815e-07       -1.3529 
129199.2522       173069.2852       3.9795e-07       -1.5033 
129199.2522       173069.2852       4.3774e-07       -1.6536 
129199.2522       173069.2852       4.7754e-07       -1.8039 
129199.2522       173069.2852       5.1733e-07       -1.9543 
129199.2522       173069.2852       5.5713e-07       -2.1046 
129199.2522       173069.2852       5.9692e-07       -2.2549 
129199.2522       173069.2852       6.3672e-07       -2.4052 
129199.2522       173069.2852       6.7651e-07       -2.5556 
129199.2522       173069.2852       7.1631e-07       -2.7059 
173069.2852       231840.8711       0.0000e+00       0.0000 
173069.2852       231840.8711       2.7188e-10       -0.0008 
173069.2852       231840.8711       5.3727e-08       -0.1510 
173069.2852       231840.8711       1.0718e-07       -0.3013 
173069.2852       231840.8711       1.6064e-07       -0.4516 
173069.2852       231840.8711       2.1409e-07       -0.6019 
173069.2852       231840.8711       2.6755e-07       -0.7522 
173069.2852       231840.8711       3.2100e-07       -0.9025 
173069.2852       231840.8711       3.7446e-07       -1.0528 
173069.2852       231840.8711       4.2791e-07       -1.2030 
173069.2852       231840.8711       4.8137e-07       -1.3533 
173069.2852       231840.8711       5.3482e-07       -1.5036 
173069.2852       231840.8711       5.8828e-07       -1.6539 
173069.2852       231840.8711       6.4173e-07       -1.8042 
173069.2852       231840.8711       6.9519e-07       -1.9545 
173069.2852       231840.8711       7.4864e-07       -2.1048 
173069.2852       231840.8711       8.0210e-07       -2.2550 
173069.2852       231840.8711       8.5555e-07       -2.4053 
173069.2852       231840.8711       9.0901e-07       -2.5556 
173069.2852       231840.8711       9.6246e-07       -2.7059 
231840.8711       310563.2050       0.0000e+00       0.0000 
231840.8711       310563.2050       2.2250e-10       -0.0005 
231840.8711       310563.2050       7.2166e-08       -0.1508 
231840.8711       310563.2050       1.4411e-07       -0.3011 
231840.8711       310563.2050       2.1605e-07       -0.4514 
231840.8711       310563.2050       2.8800e-07       -0.6017 
231840.8711       310563.2050       3.5994e-07       -0.7520 
231840.8711       310563.2050       4.3189e-07       -0.9023 
231840.8711       310563.2050       5.0383e-07       -1.0526 
231840.8711       310563.2050       5.7577e-07       -1.2029 
231840.8711       310563.2050       6.4772e-07       -1.3532 
231840.8711       310563.2050       7.1966e-07       -1.5035 
231840.8711       310563.2050       7.9160e-07       -1.6538 
231840.8711       310563.2050       8.6355e-07       -1.8041 
231840.8711       310563.2050       9.3549e-07       -1.9544 
231840.8711       310563.2050       1.0074e-06       -2.1047 
231840.8711       310563.2050       1.0794e-06       -2.2550 
231840.8711       310563.2050       1.1513e-06       -2.4053 
231840.8711       310563.2050       1.2233e-06       -2.5556 
231840.8711       310563.2050       1.2952e-06       -2.7059 
310563.2050       416015.9675       0.0000e+00       0.0000 
310563.2050       416015.9675       1.8207e-10       -0.0003 
310563.2050       416015.9675       9.7868e-08       -0.1506 
310563.2050       416015.9675       1.9555e-07       -0.3009 
310563.2050       416015.9675       2.9324e-07       -0.4512 
310563.2050       416015.9675       3.9092e-07       -0.6015 
310563.2050       416015.9675       4.8861e-07       -0.7518 
310563.2050       416015.9675       5.8630e-07       -0.9021 
310563.2050       416015.9675       6.8398e-07       -1.0525 
310563.2050       416015.9675       7.8167e-07       -1.2028 
310563.2050       416015.9675       8.7935e-07       -1.3531 
310563.2050       416015.9675       9.7704e-07       -1.5034 
310563.2050       416015.9675       1.0747e-06       -1.6537 
310563.2050       416015.9675       1.1724e-06       -1.8040 
310563.2050       416015.9675       1.2701e-06       -1.9543 
310563.2050       416015.9675       1.3678e-06       -2.1046 
310563.2050       416015.9675       1.4655e-06       -2.2550 
310563.2050       416015.9675       1.5632e-06       -2.4053 
310563.2050       416015.9675       1.6608e-06       -2.5556 
310563.2050       416015.9675       1.7585e-06       -2.7059 
416015.9675       557275.5639       0.0000e+00       0.0000 
416015.9675       557275.5639       1.4905e-10       -0.0002 
416015.9675       557275.5639       1.3285e-07       -0.1505 
416015.9675       557275.5639       2.6554e-07       -0.3008 
416015.9675       557275.5639       3.9824e-07       -0.4511 
416015.9675       557275.5639       5.3093e-07       -0.6014 
416015.9675       557275.5639       6.6363e-07       -0.7518 
416015.9675       557275.5639       7.9633e-07       -0.9021 
416015.9675       557275.5639       9.2902e-07       -1.0524 
416015.9675       557275.5639       1.0617e-06       -1.2027 
416015.9675       557275.5639       1.1944e-06       -1.3530 
416015.9675       557275.5639       1.3271e-06       -1.5034 
416015.9675       557275.5639       1.4598e-06       -1.6537 
416015.9675       557275.5639       1.5925e-06       -1.8040 
416015.9675       557275.5639       1.7252e-06       -1.9543 
416015.9675       557275.5639       1.8579e-06       -2.1046 
416015.9675       557275.5639       1.9906e-06       -2.2549 
416015.9675       557275.5639       2.1233e-06       -2.4053 
416015.9675       557275.5639       2.2560e-06       -2.5556 
416015.9675       557275.5639       2.3887e-06       -2.7059 
557275.5639       746517.5120       0.0000e+00       0.0000 
557275.5639       746517.5120       1.2204e-10       -0.0001 
557275.5639       746517.5120       1.8307e-07       -0.1504 
557275.5639       746517.5120       3.6601e-07       -0.3007 
557275.5639       746517.5120       5.4896e-07       -0.4511 
557275.5639       746517.5120       7.3191e-07       -0.6014 
557275.5639       746517.5120       9.1485e-07       -0.7517 
557275.5639       746517.5120       1.0978e-06       -0.9020 
557275.5639       746517.5120       1.2807e-06       -1.0524 
557275.5639       746517.5120       1.4637e-06       -1.2027 
557275.5639       746517.5120       1.6466e-06       -1.3530 
557275.5639       746517.5120       1.8296e-06       -1.5033 
557275.5639       746517.5120       2.0125e-06       -1.6536 
557275.5639       746517.5120       2.1955e-06       -1.8040 
557275.5639       746517.5120       2.3784e-06       -1.9543 
557275.5639       746517.5120       2.5614e-06       -2.1046 
557275.5639       746517.5120       2.7443e-06       -2.2549 
557275.5639       746517.5120       2.9273e-06       -2.4053 
557275.5639       746517.5120       3.1102e-06       -2.5556 
557275.5639       746517.5120       3.2932e-06       -2.7059 
746517.5120       1000000.0000       0.0000e+00       0.0000 
746517.5120       1000000.0000       9.9864e-11       -0.0001 
746517.5120       1000000.0000       2.6536e-07       -0.1504 
746517.5120       1000000.0000       5.3062e-07       -0.3007 
746517.5120       1000000.0000       7.9589e-07       -0.4510 
746517.5120       1000000.0000       1.0611e-06       -0.6014 
746517.5120       1000000.0000       1.3264e-06       -0.7517 
746517.5120       1000000.0000       1.5917e-06       -0.9020 
746517.5120       1000000.0000       1.8569e-06       -1.0523 
746517.5120       1000000.0000       2.1222e-06       -1.2027 
746517.5120       1000000.0000       2.3875e-06       -1.3530 
746517.5120       1000000.0000       2.6527e-06       -1.5033 
746517.5120       1000000.0000       2.9180e-06       -1.6536 
746517.5120       1000000.0000       3.1832e-06       -1.8040 
746517.5120       1000000.0000       3.4485e-06       -1.9543 
746517.5120       1000000.0000       3.7138e-06       -2.1046 
746517.5120       1000000.0000       3.9790e-06       -2.2549 
746517.5120       1000000.0000       4.2443e-06       -2.4053 
746517.5120       1000000.0000       4.5096e-06       -2.5556 
746517.5120       1000000.0000       4.7748e-06       -2.7059 
