#Horologium_2  Log10(Jfactor)=18.400   sigmaJ=0.600 
#[0]emin(MeV) [1]emax(MeV) [2]eflux(MeV/cm^2/s) [3]deltaLogLike 
500.0000       669.7766       0.0000e+00       -0.3229 
500.0000       669.7766       2.5290e-08       0.0000 
500.0000       669.7766       2.9787e-08       -0.0102 
500.0000       669.7766       3.4284e-08       -0.0393 
500.0000       669.7766       3.8782e-08       -0.0867 
500.0000       669.7766       4.3279e-08       -0.1519 
500.0000       669.7766       4.7776e-08       -0.2345 
500.0000       669.7766       5.2273e-08       -0.3338 
500.0000       669.7766       5.6770e-08       -0.4496 
500.0000       669.7766       6.1267e-08       -0.5815 
500.0000       669.7766       6.5764e-08       -0.7289 
500.0000       669.7766       7.0261e-08       -0.8916 
500.0000       669.7766       7.4758e-08       -1.0692 
500.0000       669.7766       7.9256e-08       -1.2613 
500.0000       669.7766       8.3753e-08       -1.4677 
500.0000       669.7766       8.8250e-08       -1.6879 
500.0000       669.7766       9.2747e-08       -1.9218 
500.0000       669.7766       9.7244e-08       -2.1690 
500.0000       669.7766       1.0174e-07       -2.4293 
500.0000       669.7766       1.0624e-07       -2.7023 
669.7766       897.2222       0.0000e+00       -0.6536 
669.7766       897.2222       3.3793e-09       -0.5094 
669.7766       897.2222       6.7586e-09       -0.3848 
669.7766       897.2222       1.0138e-08       -0.2790 
669.7766       897.2222       1.3517e-08       -0.1912 
669.7766       897.2222       1.6896e-08       -0.1208 
669.7766       897.2222       2.0276e-08       -0.0671 
669.7766       897.2222       2.3655e-08       -0.0294 
669.7766       897.2222       2.7034e-08       -0.0072 
669.7766       897.2222       3.0414e-08       0.0000 
669.7766       897.2222       3.7635e-08       -0.0325 
669.7766       897.2222       4.4856e-08       -0.1267 
669.7766       897.2222       5.2077e-08       -0.2789 
669.7766       897.2222       5.9298e-08       -0.4855 
669.7766       897.2222       6.6519e-08       -0.7435 
669.7766       897.2222       7.3740e-08       -1.0502 
669.7766       897.2222       8.0961e-08       -1.4033 
669.7766       897.2222       8.8182e-08       -1.8004 
669.7766       897.2222       9.5403e-08       -2.2395 
669.7766       897.2222       1.0262e-07       -2.7187 
897.2222       1201.8769       0.0000e+00       -2.1309 
897.2222       1201.8769       5.0108e-09       -1.6211 
897.2222       1201.8769       1.0022e-08       -1.1988 
897.2222       1201.8769       1.5032e-08       -0.8530 
897.2222       1201.8769       2.0043e-08       -0.5751 
897.2222       1201.8769       2.5054e-08       -0.3581 
897.2222       1201.8769       3.0065e-08       -0.1965 
897.2222       1201.8769       3.5075e-08       -0.0854 
897.2222       1201.8769       4.0086e-08       -0.0211 
897.2222       1201.8769       4.5097e-08       0.0000 
897.2222       1201.8769       5.1653e-08       -0.0329 
897.2222       1201.8769       5.8209e-08       -0.1292 
897.2222       1201.8769       6.4765e-08       -0.2841 
897.2222       1201.8769       7.1320e-08       -0.4933 
897.2222       1201.8769       7.7876e-08       -0.7534 
897.2222       1201.8769       8.4432e-08       -1.0610 
897.2222       1201.8769       9.0988e-08       -1.4134 
897.2222       1201.8769       9.7544e-08       -1.8081 
897.2222       1201.8769       1.0410e-07       -2.2427 
897.2222       1201.8769       1.1066e-07       -2.7153 
1201.8769       1609.9782       0.0000e+00       -2.2944 
1201.8769       1609.9782       4.5065e-09       -1.7211 
1201.8769       1609.9782       9.0130e-09       -1.2570 
1201.8769       1609.9782       1.3519e-08       -0.8840 
1201.8769       1609.9782       1.8026e-08       -0.5890 
1201.8769       1609.9782       2.2532e-08       -0.3622 
1201.8769       1609.9782       2.7039e-08       -0.1956 
1201.8769       1609.9782       3.1545e-08       -0.0830 
1201.8769       1609.9782       3.6052e-08       -0.0192 
1201.8769       1609.9782       4.0558e-08       0.0000 
1201.8769       1609.9782       4.6522e-08       -0.0368 
1201.8769       1609.9782       5.2485e-08       -0.1380 
1201.8769       1609.9782       5.8448e-08       -0.2978 
1201.8769       1609.9782       6.4412e-08       -0.5111 
1201.8769       1609.9782       7.0375e-08       -0.7736 
1201.8769       1609.9782       7.6339e-08       -1.0816 
1201.8769       1609.9782       8.2302e-08       -1.4320 
1201.8769       1609.9782       8.8265e-08       -1.8218 
1201.8769       1609.9782       9.4229e-08       -2.2486 
1201.8769       1609.9782       1.0019e-07       -2.7101 
1609.9782       2156.6516       0.0000e+00       -0.8704 
1609.9782       2156.6516       2.1164e-09       -0.6500 
1609.9782       2156.6516       4.2328e-09       -0.4724 
1609.9782       2156.6516       6.3492e-09       -0.3306 
1609.9782       2156.6516       8.4655e-09       -0.2192 
1609.9782       2156.6516       1.0582e-08       -0.1341 
1609.9782       2156.6516       1.2698e-08       -0.0720 
1609.9782       2156.6516       1.4815e-08       -0.0303 
1609.9782       2156.6516       1.6931e-08       -0.0069 
1609.9782       2156.6516       1.9047e-08       0.0000 
1609.9782       2156.6516       2.4182e-08       -0.0431 
1609.9782       2156.6516       2.9317e-08       -0.1584 
1609.9782       2156.6516       3.4452e-08       -0.3341 
1609.9782       2156.6516       3.9586e-08       -0.5615 
1609.9782       2156.6516       4.4721e-08       -0.8338 
1609.9782       2156.6516       4.9856e-08       -1.1459 
1609.9782       2156.6516       5.4991e-08       -1.4934 
1609.9782       2156.6516       6.0125e-08       -1.8730 
1609.9782       2156.6516       6.5260e-08       -2.2816 
1609.9782       2156.6516       7.0395e-08       -2.7168 
2156.6516       2889.0164       0.0000e+00       0.0000 
2156.6516       2889.0164       1.4347e-12       -0.0001 
2156.6516       2889.0164       1.5838e-09       -0.1074 
2156.6516       2889.0164       3.1662e-09       -0.2222 
2156.6516       2889.0164       4.7485e-09       -0.3439 
2156.6516       2889.0164       6.3309e-09       -0.4717 
2156.6516       2889.0164       7.9133e-09       -0.6052 
2156.6516       2889.0164       9.4956e-09       -0.7439 
2156.6516       2889.0164       1.1078e-08       -0.8874 
2156.6516       2889.0164       1.2660e-08       -1.0353 
2156.6516       2889.0164       1.4243e-08       -1.1874 
2156.6516       2889.0164       1.5825e-08       -1.3434 
2156.6516       2889.0164       1.7407e-08       -1.5030 
2156.6516       2889.0164       1.8990e-08       -1.6660 
2156.6516       2889.0164       2.0572e-08       -1.8322 
2156.6516       2889.0164       2.2155e-08       -2.0015 
2156.6516       2889.0164       2.3737e-08       -2.1736 
2156.6516       2889.0164       2.5319e-08       -2.3485 
2156.6516       2889.0164       2.6902e-08       -2.5259 
2156.6516       2889.0164       2.8484e-08       -2.7058 
2889.0164       3869.9914       0.0000e+00       -0.0000 
2889.0164       3869.9914       2.1657e-14       0.0000 
2889.0164       3869.9914       1.9039e-09       -0.1120 
2889.0164       3869.9914       3.8079e-09       -0.2306 
2889.0164       3869.9914       5.7118e-09       -0.3550 
2889.0164       3869.9914       7.6157e-09       -0.4849 
2889.0164       3869.9914       9.5196e-09       -0.6198 
2889.0164       3869.9914       1.1424e-08       -0.7592 
2889.0164       3869.9914       1.3327e-08       -0.9030 
2889.0164       3869.9914       1.5231e-08       -1.0509 
2889.0164       3869.9914       1.7135e-08       -1.2025 
2889.0164       3869.9914       1.9039e-08       -1.3576 
2889.0164       3869.9914       2.0943e-08       -1.5161 
2889.0164       3869.9914       2.2847e-08       -1.6778 
2889.0164       3869.9914       2.4751e-08       -1.8425 
2889.0164       3869.9914       2.6655e-08       -2.0100 
2889.0164       3869.9914       2.8559e-08       -2.1803 
2889.0164       3869.9914       3.0463e-08       -2.3532 
2889.0164       3869.9914       3.2367e-08       -2.5285 
2889.0164       3869.9914       3.4270e-08       -2.7062 
3869.9914       5184.0598       0.0000e+00       -0.0727 
3869.9914       5184.0598       5.9744e-09       0.0000 
3869.9914       5184.0598       9.1745e-09       -0.0167 
3869.9914       5184.0598       1.2375e-08       -0.0624 
3869.9914       5184.0598       1.5575e-08       -0.1323 
3869.9914       5184.0598       1.8775e-08       -0.2227 
3869.9914       5184.0598       2.1975e-08       -0.3309 
3869.9914       5184.0598       2.5175e-08       -0.4545 
3869.9914       5184.0598       2.8375e-08       -0.5918 
3869.9914       5184.0598       3.1575e-08       -0.7413 
3869.9914       5184.0598       3.4775e-08       -0.9019 
3869.9914       5184.0598       3.7976e-08       -1.0724 
3869.9914       5184.0598       4.1176e-08       -1.2520 
3869.9914       5184.0598       4.4376e-08       -1.4399 
3869.9914       5184.0598       4.7576e-08       -1.6355 
3869.9914       5184.0598       5.0776e-08       -1.8383 
3869.9914       5184.0598       5.3976e-08       -2.0476 
3869.9914       5184.0598       5.7176e-08       -2.2630 
3869.9914       5184.0598       6.0376e-08       -2.4842 
3869.9914       5184.0598       6.3576e-08       -2.7108 
5184.0598       6944.3244       0.0000e+00       -0.0000 
5184.0598       6944.3244       1.8606e-14       0.0000 
5184.0598       6944.3244       1.9396e-09       -0.1463 
5184.0598       6944.3244       3.8793e-09       -0.2932 
5184.0598       6944.3244       5.8189e-09       -0.4406 
5184.0598       6944.3244       7.7585e-09       -0.5885 
5184.0598       6944.3244       9.6981e-09       -0.7368 
5184.0598       6944.3244       1.1638e-08       -0.8857 
5184.0598       6944.3244       1.3577e-08       -1.0350 
5184.0598       6944.3244       1.5517e-08       -1.1848 
5184.0598       6944.3244       1.7457e-08       -1.3350 
5184.0598       6944.3244       1.9396e-08       -1.4857 
5184.0598       6944.3244       2.1336e-08       -1.6368 
5184.0598       6944.3244       2.3276e-08       -1.7883 
5184.0598       6944.3244       2.5215e-08       -1.9402 
5184.0598       6944.3244       2.7155e-08       -2.0926 
5184.0598       6944.3244       2.9094e-08       -2.2453 
5184.0598       6944.3244       3.1034e-08       -2.3985 
5184.0598       6944.3244       3.2974e-08       -2.5520 
5184.0598       6944.3244       3.4913e-08       -2.7059 
6944.3244       9302.5069       0.0000e+00       0.0000 
6944.3244       9302.5069       1.2320e-15       -0.0000 
6944.3244       9302.5069       2.3664e-09       -0.1480 
6944.3244       9302.5069       4.7328e-09       -0.2962 
6944.3244       9302.5069       7.0992e-09       -0.4448 
6944.3244       9302.5069       9.4656e-09       -0.5936 
6944.3244       9302.5069       1.1832e-08       -0.7427 
6944.3244       9302.5069       1.4198e-08       -0.8922 
6944.3244       9302.5069       1.6565e-08       -1.0419 
6944.3244       9302.5069       1.8931e-08       -1.1918 
6944.3244       9302.5069       2.1298e-08       -1.3421 
6944.3244       9302.5069       2.3664e-08       -1.4926 
6944.3244       9302.5069       2.6030e-08       -1.6434 
6944.3244       9302.5069       2.8397e-08       -1.7944 
6944.3244       9302.5069       3.0763e-08       -1.9457 
6944.3244       9302.5069       3.3129e-08       -2.0973 
6944.3244       9302.5069       3.5496e-08       -2.2491 
6944.3244       9302.5069       3.7862e-08       -2.4011 
6944.3244       9302.5069       4.0229e-08       -2.5534 
6944.3244       9302.5069       4.2595e-08       -2.7059 
9302.5069       12461.2038       0.0000e+00       0.0000 
9302.5069       12461.2038       8.1402e-16       -0.0000 
9302.5069       12461.2038       3.0920e-09       -0.1469 
9302.5069       12461.2038       6.1840e-09       -0.2942 
9302.5069       12461.2038       9.2760e-09       -0.4420 
9302.5069       12461.2038       1.2368e-08       -0.5902 
9302.5069       12461.2038       1.5460e-08       -0.7389 
9302.5069       12461.2038       1.8552e-08       -0.8879 
9302.5069       12461.2038       2.1644e-08       -1.0374 
9302.5069       12461.2038       2.4736e-08       -1.1873 
9302.5069       12461.2038       2.7828e-08       -1.3376 
9302.5069       12461.2038       3.0920e-08       -1.4882 
9302.5069       12461.2038       3.4012e-08       -1.6392 
9302.5069       12461.2038       3.7104e-08       -1.7906 
9302.5069       12461.2038       4.0196e-08       -1.9423 
9302.5069       12461.2038       4.3288e-08       -2.0944 
9302.5069       12461.2038       4.6380e-08       -2.2468 
9302.5069       12461.2038       4.9472e-08       -2.3995 
9302.5069       12461.2038       5.2564e-08       -2.5525 
9302.5069       12461.2038       5.5656e-08       -2.7058 
12461.2038       16692.4468       0.0000e+00       -0.0000 
12461.2038       16692.4468       2.4513e-14       0.0000 
12461.2038       16692.4468       3.3640e-09       -0.1501 
12461.2038       16692.4468       6.7280e-09       -0.3002 
12461.2038       16692.4468       1.0092e-08       -0.4504 
12461.2038       16692.4468       1.3456e-08       -0.6006 
12461.2038       16692.4468       1.6820e-08       -0.7508 
12461.2038       16692.4468       2.0184e-08       -0.9010 
12461.2038       16692.4468       2.3548e-08       -1.0513 
12461.2038       16692.4468       2.6912e-08       -1.2016 
12461.2038       16692.4468       3.0276e-08       -1.3519 
12461.2038       16692.4468       3.3640e-08       -1.5023 
12461.2038       16692.4468       3.7004e-08       -1.6526 
12461.2038       16692.4468       4.0368e-08       -1.8030 
12461.2038       16692.4468       4.3732e-08       -1.9534 
12461.2038       16692.4468       4.7096e-08       -2.1039 
12461.2038       16692.4468       5.0460e-08       -2.2543 
12461.2038       16692.4468       5.3824e-08       -2.4048 
12461.2038       16692.4468       5.7188e-08       -2.5554 
12461.2038       16692.4468       6.0552e-08       -2.7059 
16692.4468       22360.9371       0.0000e+00       0.0000 
16692.4468       22360.9371       3.6542e-16       -0.0000 
16692.4468       22360.9371       4.4088e-09       -0.1503 
16692.4468       22360.9371       8.8175e-09       -0.3006 
16692.4468       22360.9371       1.3226e-08       -0.4509 
16692.4468       22360.9371       1.7635e-08       -0.6012 
16692.4468       22360.9371       2.2044e-08       -0.7515 
16692.4468       22360.9371       2.6453e-08       -0.9018 
16692.4468       22360.9371       3.0861e-08       -1.0521 
16692.4468       22360.9371       3.5270e-08       -1.2024 
16692.4468       22360.9371       3.9679e-08       -1.3527 
16692.4468       22360.9371       4.4088e-08       -1.5031 
16692.4468       22360.9371       4.8496e-08       -1.6534 
16692.4468       22360.9371       5.2905e-08       -1.8037 
16692.4468       22360.9371       5.7314e-08       -1.9541 
16692.4468       22360.9371       6.1723e-08       -2.1044 
16692.4468       22360.9371       6.6131e-08       -2.2548 
16692.4468       22360.9371       7.0540e-08       -2.4052 
16692.4468       22360.9371       7.4949e-08       -2.5555 
16692.4468       22360.9371       7.9358e-08       -2.7059 
22360.9371       29953.6672       0.0000e+00       0.0000 
22360.9371       29953.6672       2.4445e-16       -0.0000 
22360.9371       29953.6672       5.9795e-09       -0.1501 
22360.9371       29953.6672       1.1959e-08       -0.3002 
22360.9371       29953.6672       1.7939e-08       -0.4503 
22360.9371       29953.6672       2.3918e-08       -0.6005 
22360.9371       29953.6672       2.9898e-08       -0.7506 
22360.9371       29953.6672       3.5877e-08       -0.9009 
22360.9371       29953.6672       4.1857e-08       -1.0511 
22360.9371       29953.6672       4.7836e-08       -1.2014 
22360.9371       29953.6672       5.3816e-08       -1.3517 
22360.9371       29953.6672       5.9795e-08       -1.5021 
22360.9371       29953.6672       6.5775e-08       -1.6525 
22360.9371       29953.6672       7.1754e-08       -1.8029 
22360.9371       29953.6672       7.7734e-08       -1.9533 
22360.9371       29953.6672       8.3713e-08       -2.1038 
22360.9371       29953.6672       8.9693e-08       -2.2543 
22360.9371       29953.6672       9.5672e-08       -2.4048 
22360.9371       29953.6672       1.0165e-07       -2.5553 
22360.9371       29953.6672       1.0763e-07       -2.7059 
29953.6672       40124.5339       0.0000e+00       0.0000 
29953.6672       40124.5339       1.6151e-16       -0.0000 
29953.6672       40124.5339       8.6472e-09       -0.1489 
29953.6672       40124.5339       1.7294e-08       -0.2980 
29953.6672       40124.5339       2.5942e-08       -0.4472 
29953.6672       40124.5339       3.4589e-08       -0.5967 
29953.6672       40124.5339       4.3236e-08       -0.7463 
29953.6672       40124.5339       5.1883e-08       -0.8961 
29953.6672       40124.5339       6.0531e-08       -1.0460 
29953.6672       40124.5339       6.9178e-08       -1.1961 
29953.6672       40124.5339       7.7825e-08       -1.3464 
29953.6672       40124.5339       8.6472e-08       -1.4969 
29953.6672       40124.5339       9.5120e-08       -1.6475 
29953.6672       40124.5339       1.0377e-07       -1.7982 
29953.6672       40124.5339       1.1241e-07       -1.9491 
29953.6672       40124.5339       1.2106e-07       -2.1002 
29953.6672       40124.5339       1.2971e-07       -2.2514 
29953.6672       40124.5339       1.3836e-07       -2.4027 
29953.6672       40124.5339       1.4700e-07       -2.5542 
29953.6672       40124.5339       1.5565e-07       -2.7059 
40124.5339       53748.9519       0.0000e+00       0.0000 
40124.5339       53748.9519       1.0913e-16       -0.0000 
40124.5339       53748.9519       1.0098e-08       -0.1503 
40124.5339       53748.9519       2.0195e-08       -0.3007 
40124.5339       53748.9519       3.0293e-08       -0.4510 
40124.5339       53748.9519       4.0391e-08       -0.6013 
40124.5339       53748.9519       5.0488e-08       -0.7516 
40124.5339       53748.9519       6.0586e-08       -0.9020 
40124.5339       53748.9519       7.0683e-08       -1.0523 
40124.5339       53748.9519       8.0781e-08       -1.2026 
40124.5339       53748.9519       9.0879e-08       -1.3529 
40124.5339       53748.9519       1.0098e-07       -1.5033 
40124.5339       53748.9519       1.1107e-07       -1.6536 
40124.5339       53748.9519       1.2117e-07       -1.8039 
40124.5339       53748.9519       1.3127e-07       -1.9543 
40124.5339       53748.9519       1.4137e-07       -2.1046 
40124.5339       53748.9519       1.5146e-07       -2.2549 
40124.5339       53748.9519       1.6156e-07       -2.4052 
40124.5339       53748.9519       1.7166e-07       -2.5556 
40124.5339       53748.9519       1.8176e-07       -2.7059 
53748.9519       72001.2440       0.0000e+00       0.0000 
53748.9519       72001.2440       7.0589e-11       -0.0008 
53748.9519       72001.2440       1.3583e-08       -0.1511 
53748.9519       72001.2440       2.7095e-08       -0.3014 
53748.9519       72001.2440       4.0607e-08       -0.4516 
53748.9519       72001.2440       5.4119e-08       -0.6019 
53748.9519       72001.2440       6.7631e-08       -0.7522 
53748.9519       72001.2440       8.1143e-08       -0.9025 
53748.9519       72001.2440       9.4656e-08       -1.0528 
53748.9519       72001.2440       1.0817e-07       -1.2031 
53748.9519       72001.2440       1.2168e-07       -1.3533 
53748.9519       72001.2440       1.3519e-07       -1.5036 
53748.9519       72001.2440       1.4870e-07       -1.6539 
53748.9519       72001.2440       1.6222e-07       -1.8042 
53748.9519       72001.2440       1.7573e-07       -1.9545 
53748.9519       72001.2440       1.8924e-07       -2.1048 
53748.9519       72001.2440       2.0275e-07       -2.2550 
53748.9519       72001.2440       2.1626e-07       -2.4053 
53748.9519       72001.2440       2.2978e-07       -2.5556 
53748.9519       72001.2440       2.4329e-07       -2.7059 
72001.2440       96449.5043       0.0000e+00       0.0000 
72001.2440       96449.5043       4.7231e-11       -0.0004 
72001.2440       96449.5043       1.8312e-08       -0.1507 
72001.2440       96449.5043       3.6577e-08       -0.3010 
72001.2440       96449.5043       5.4841e-08       -0.4513 
72001.2440       96449.5043       7.3106e-08       -0.6016 
72001.2440       96449.5043       9.1371e-08       -0.7519 
72001.2440       96449.5043       1.0964e-07       -0.9022 
72001.2440       96449.5043       1.2790e-07       -1.0525 
72001.2440       96449.5043       1.4616e-07       -1.2028 
72001.2440       96449.5043       1.6443e-07       -1.3531 
72001.2440       96449.5043       1.8269e-07       -1.5034 
72001.2440       96449.5043       2.0096e-07       -1.6537 
72001.2440       96449.5043       2.1922e-07       -1.8040 
72001.2440       96449.5043       2.3749e-07       -1.9543 
72001.2440       96449.5043       2.5575e-07       -2.1047 
72001.2440       96449.5043       2.7402e-07       -2.2550 
72001.2440       96449.5043       2.9228e-07       -2.4053 
72001.2440       96449.5043       3.1055e-07       -2.5556 
72001.2440       96449.5043       3.2881e-07       -2.7059 
96449.5043       129199.2522       0.0000e+00       0.0000 
96449.5043       129199.2522       3.1591e-11       -0.0002 
96449.5043       129199.2522       2.4614e-08       -0.1505 
96449.5043       129199.2522       4.9197e-08       -0.3008 
96449.5043       129199.2522       7.3780e-08       -0.4511 
96449.5043       129199.2522       9.8363e-08       -0.6015 
96449.5043       129199.2522       1.2295e-07       -0.7518 
96449.5043       129199.2522       1.4753e-07       -0.9021 
96449.5043       129199.2522       1.7211e-07       -1.0524 
96449.5043       129199.2522       1.9669e-07       -1.2027 
96449.5043       129199.2522       2.2128e-07       -1.3530 
96449.5043       129199.2522       2.4586e-07       -1.5034 
96449.5043       129199.2522       2.7044e-07       -1.6537 
96449.5043       129199.2522       2.9503e-07       -1.8040 
96449.5043       129199.2522       3.1961e-07       -1.9543 
96449.5043       129199.2522       3.4419e-07       -2.1046 
96449.5043       129199.2522       3.6877e-07       -2.2549 
96449.5043       129199.2522       3.9336e-07       -2.4053 
96449.5043       129199.2522       4.1794e-07       -2.5556 
96449.5043       129199.2522       4.4252e-07       -2.7059 
129199.2522       173069.2852       0.0000e+00       0.0000 
129199.2522       173069.2852       2.1077e-11       -0.0001 
129199.2522       173069.2852       3.3154e-08       -0.1504 
129199.2522       173069.2852       6.6287e-08       -0.3007 
129199.2522       173069.2852       9.9419e-08       -0.4511 
129199.2522       173069.2852       1.3255e-07       -0.6014 
129199.2522       173069.2852       1.6568e-07       -0.7517 
129199.2522       173069.2852       1.9882e-07       -0.9020 
129199.2522       173069.2852       2.3195e-07       -1.0524 
129199.2522       173069.2852       2.6508e-07       -1.2027 
129199.2522       173069.2852       2.9822e-07       -1.3530 
129199.2522       173069.2852       3.3135e-07       -1.5033 
129199.2522       173069.2852       3.6448e-07       -1.6536 
129199.2522       173069.2852       3.9761e-07       -1.8040 
129199.2522       173069.2852       4.3075e-07       -1.9543 
129199.2522       173069.2852       4.6388e-07       -2.1046 
129199.2522       173069.2852       4.9701e-07       -2.2549 
129199.2522       173069.2852       5.3015e-07       -2.4053 
129199.2522       173069.2852       5.6328e-07       -2.5556 
129199.2522       173069.2852       5.9641e-07       -2.7059 
173069.2852       231840.8711       0.0000e+00       0.0000 
173069.2852       231840.8711       1.4056e-11       -0.0000 
173069.2852       231840.8711       4.4591e-08       -0.1504 
173069.2852       231840.8711       8.9167e-08       -0.3007 
173069.2852       231840.8711       1.3374e-07       -0.4510 
173069.2852       231840.8711       1.7832e-07       -0.6013 
173069.2852       231840.8711       2.2290e-07       -0.7516 
173069.2852       231840.8711       2.6747e-07       -0.9020 
173069.2852       231840.8711       3.1205e-07       -1.0523 
173069.2852       231840.8711       3.5663e-07       -1.2026 
173069.2852       231840.8711       4.0120e-07       -1.3529 
173069.2852       231840.8711       4.4578e-07       -1.5032 
173069.2852       231840.8711       4.9036e-07       -1.6536 
173069.2852       231840.8711       5.3493e-07       -1.8039 
173069.2852       231840.8711       5.7951e-07       -1.9542 
173069.2852       231840.8711       6.2409e-07       -2.1046 
173069.2852       231840.8711       6.6866e-07       -2.2549 
173069.2852       231840.8711       7.1324e-07       -2.4052 
173069.2852       231840.8711       7.5782e-07       -2.5555 
173069.2852       231840.8711       8.0239e-07       -2.7059 
231840.8711       310563.2050       0.0000e+00       0.0000 
231840.8711       310563.2050       9.3709e-12       -0.0000 
231840.8711       310563.2050       6.0039e-08       -0.1503 
231840.8711       310563.2050       1.2007e-07       -0.3007 
231840.8711       310563.2050       1.8010e-07       -0.4510 
231840.8711       310563.2050       2.4013e-07       -0.6013 
231840.8711       310563.2050       3.0016e-07       -0.7516 
231840.8711       310563.2050       3.6019e-07       -0.9020 
231840.8711       310563.2050       4.2022e-07       -1.0523 
231840.8711       310563.2050       4.8025e-07       -1.2026 
231840.8711       310563.2050       5.4028e-07       -1.3529 
231840.8711       310563.2050       6.0031e-07       -1.5033 
231840.8711       310563.2050       6.6034e-07       -1.6536 
231840.8711       310563.2050       7.2037e-07       -1.8039 
231840.8711       310563.2050       7.8040e-07       -1.9543 
231840.8711       310563.2050       8.4042e-07       -2.1046 
231840.8711       310563.2050       9.0045e-07       -2.2549 
231840.8711       310563.2050       9.6048e-07       -2.4052 
231840.8711       310563.2050       1.0205e-06       -2.5556 
231840.8711       310563.2050       1.0805e-06       -2.7059 
310563.2050       416015.9675       0.0000e+00       -0.0000 
310563.2050       416015.9675       6.2458e-12       0.0000 
310563.2050       416015.9675       8.1064e-08       -0.1503 
310563.2050       416015.9675       1.6212e-07       -0.3007 
310563.2050       416015.9675       2.4318e-07       -0.4510 
310563.2050       416015.9675       3.2424e-07       -0.6013 
310563.2050       416015.9675       4.0530e-07       -0.7516 
310563.2050       416015.9675       4.8635e-07       -0.9020 
310563.2050       416015.9675       5.6741e-07       -1.0523 
310563.2050       416015.9675       6.4847e-07       -1.2026 
310563.2050       416015.9675       7.2953e-07       -1.3529 
310563.2050       416015.9675       8.1059e-07       -1.5033 
310563.2050       416015.9675       8.9164e-07       -1.6536 
310563.2050       416015.9675       9.7270e-07       -1.8039 
310563.2050       416015.9675       1.0538e-06       -1.9543 
310563.2050       416015.9675       1.1348e-06       -2.1046 
310563.2050       416015.9675       1.2159e-06       -2.2549 
310563.2050       416015.9675       1.2969e-06       -2.4052 
310563.2050       416015.9675       1.3780e-06       -2.5556 
310563.2050       416015.9675       1.4590e-06       -2.7059 
416015.9675       557275.5639       0.0000e+00       0.0000 
416015.9675       557275.5639       4.1629e-12       -0.0000 
416015.9675       557275.5639       1.1018e-07       -0.1503 
416015.9675       557275.5639       2.2036e-07       -0.3007 
416015.9675       557275.5639       3.3054e-07       -0.4510 
416015.9675       557275.5639       4.4072e-07       -0.6013 
416015.9675       557275.5639       5.5090e-07       -0.7516 
416015.9675       557275.5639       6.6107e-07       -0.9020 
416015.9675       557275.5639       7.7125e-07       -1.0523 
416015.9675       557275.5639       8.8143e-07       -1.2026 
416015.9675       557275.5639       9.9161e-07       -1.3529 
416015.9675       557275.5639       1.1018e-06       -1.5033 
416015.9675       557275.5639       1.2120e-06       -1.6536 
416015.9675       557275.5639       1.3221e-06       -1.8039 
416015.9675       557275.5639       1.4323e-06       -1.9543 
416015.9675       557275.5639       1.5425e-06       -2.1046 
416015.9675       557275.5639       1.6527e-06       -2.2549 
416015.9675       557275.5639       1.7629e-06       -2.4052 
416015.9675       557275.5639       1.8730e-06       -2.5556 
416015.9675       557275.5639       1.9832e-06       -2.7059 
557275.5639       746517.5120       0.0000e+00       -5.2667 
557275.5639       746517.5120       3.0830e-09       -4.3096 
557275.5639       746517.5120       6.1661e-09       -3.8309 
557275.5639       746517.5120       9.2491e-09       -3.5100 
557275.5639       746517.5120       1.2332e-08       -3.2688 
557275.5639       746517.5120       1.5415e-08       -3.0757 
557275.5639       746517.5120       1.8498e-08       -2.9148 
557275.5639       746517.5120       2.1581e-08       -2.7770 
557275.5639       746517.5120       2.4664e-08       -2.6567 
557275.5639       746517.5120       2.7747e-08       -2.5499 
557275.5639       746517.5120       5.6001e-07       -0.1370 
557275.5639       746517.5120       1.0923e-06       0.0000 
557275.5639       746517.5120       1.6245e-06       -0.1331 
557275.5639       746517.5120       2.1568e-06       -0.3794 
557275.5639       746517.5120       2.6890e-06       -0.6885 
557275.5639       746517.5120       3.2213e-06       -1.0375 
557275.5639       746517.5120       3.7536e-06       -1.4141 
557275.5639       746517.5120       4.2858e-06       -1.8110 
557275.5639       746517.5120       4.8181e-06       -2.2235 
557275.5639       746517.5120       5.3503e-06       -2.6482 
746517.5120       1000000.0000       0.0000e+00       0.0000 
746517.5120       1000000.0000       1.8492e-12       -0.0000 
746517.5120       1000000.0000       2.1732e-07       -0.1503 
746517.5120       1000000.0000       4.3465e-07       -0.3007 
746517.5120       1000000.0000       6.5197e-07       -0.4510 
746517.5120       1000000.0000       8.6929e-07       -0.6013 
746517.5120       1000000.0000       1.0866e-06       -0.7516 
746517.5120       1000000.0000       1.3039e-06       -0.9020 
746517.5120       1000000.0000       1.5213e-06       -1.0523 
746517.5120       1000000.0000       1.7386e-06       -1.2026 
746517.5120       1000000.0000       1.9559e-06       -1.3529 
746517.5120       1000000.0000       2.1732e-06       -1.5033 
746517.5120       1000000.0000       2.3905e-06       -1.6536 
746517.5120       1000000.0000       2.6079e-06       -1.8039 
746517.5120       1000000.0000       2.8252e-06       -1.9542 
746517.5120       1000000.0000       3.0425e-06       -2.1046 
746517.5120       1000000.0000       3.2598e-06       -2.2549 
746517.5120       1000000.0000       3.4772e-06       -2.4052 
746517.5120       1000000.0000       3.6945e-06       -2.5555 
746517.5120       1000000.0000       3.9118e-06       -2.7059 
