#Carina_3  Log10(Jfactor)=19.700   sigmaJ=0.600 
#[0]emin(MeV) [1]emax(MeV) [2]eflux(MeV/cm^2/s) [3]deltaLogLike 
500.0000       669.7766       0.0000e+00       -1.3830 
500.0000       669.7766       9.4983e-09       -1.0819 
500.0000       669.7766       1.8997e-08       -0.8204 
500.0000       669.7766       2.8495e-08       -0.5970 
500.0000       669.7766       3.7993e-08       -0.4107 
500.0000       669.7766       4.7491e-08       -0.2604 
500.0000       669.7766       5.6990e-08       -0.1451 
500.0000       669.7766       6.6488e-08       -0.0639 
500.0000       669.7766       7.5986e-08       -0.0158 
500.0000       669.7766       8.5484e-08       0.0000 
500.0000       669.7766       9.8633e-08       -0.0299 
500.0000       669.7766       1.1178e-07       -0.1181 
500.0000       669.7766       1.2493e-07       -0.2628 
500.0000       669.7766       1.3808e-07       -0.4620 
500.0000       669.7766       1.5123e-07       -0.7143 
500.0000       669.7766       1.6438e-07       -1.0179 
500.0000       669.7766       1.7752e-07       -1.3715 
500.0000       669.7766       1.9067e-07       -1.7737 
500.0000       669.7766       2.0382e-07       -2.2230 
500.0000       669.7766       2.1697e-07       -2.7184 
669.7766       897.2222       0.0000e+00       0.0000 
669.7766       897.2222       6.7166e-13       -0.0000 
669.7766       897.2222       4.9558e-09       -0.0408 
669.7766       897.2222       9.9108e-09       -0.0960 
669.7766       897.2222       1.4866e-08       -0.1655 
669.7766       897.2222       1.9821e-08       -0.2487 
669.7766       897.2222       2.4776e-08       -0.3453 
669.7766       897.2222       2.9731e-08       -0.4552 
669.7766       897.2222       3.4686e-08       -0.5779 
669.7766       897.2222       3.9641e-08       -0.7131 
669.7766       897.2222       4.4596e-08       -0.8607 
669.7766       897.2222       4.9551e-08       -1.0203 
669.7766       897.2222       5.4507e-08       -1.1918 
669.7766       897.2222       5.9462e-08       -1.3747 
669.7766       897.2222       6.4417e-08       -1.5691 
669.7766       897.2222       6.9372e-08       -1.7745 
669.7766       897.2222       7.4327e-08       -1.9908 
669.7766       897.2222       7.9282e-08       -2.2179 
669.7766       897.2222       8.4237e-08       -2.4554 
669.7766       897.2222       8.9192e-08       -2.7032 
897.2222       1201.8769       0.0000e+00       -0.1996 
897.2222       1201.8769       2.0482e-08       0.0000 
897.2222       1201.8769       2.5205e-08       -0.0104 
897.2222       1201.8769       2.9929e-08       -0.0402 
897.2222       1201.8769       3.4652e-08       -0.0888 
897.2222       1201.8769       3.9376e-08       -0.1555 
897.2222       1201.8769       4.4099e-08       -0.2397 
897.2222       1201.8769       4.8823e-08       -0.3408 
897.2222       1201.8769       5.3546e-08       -0.4582 
897.2222       1201.8769       5.8270e-08       -0.5916 
897.2222       1201.8769       6.2993e-08       -0.7404 
897.2222       1201.8769       6.7717e-08       -0.9041 
897.2222       1201.8769       7.2440e-08       -1.0823 
897.2222       1201.8769       7.7164e-08       -1.2747 
897.2222       1201.8769       8.1887e-08       -1.4808 
897.2222       1201.8769       8.6611e-08       -1.7002 
897.2222       1201.8769       9.1334e-08       -1.9328 
897.2222       1201.8769       9.6058e-08       -2.1780 
897.2222       1201.8769       1.0078e-07       -2.4356 
897.2222       1201.8769       1.0550e-07       -2.7052 
1201.8769       1609.9782       0.0000e+00       -0.0000 
1201.8769       1609.9782       1.6304e-14       0.0000 
1201.8769       1609.9782       3.3911e-09       -0.0667 
1201.8769       1609.9782       6.7823e-09       -0.1456 
1201.8769       1609.9782       1.0173e-08       -0.2360 
1201.8769       1609.9782       1.3565e-08       -0.3374 
1201.8769       1609.9782       1.6956e-08       -0.4493 
1201.8769       1609.9782       2.0347e-08       -0.5713 
1201.8769       1609.9782       2.3738e-08       -0.7031 
1201.8769       1609.9782       2.7129e-08       -0.8442 
1201.8769       1609.9782       3.0520e-08       -0.9943 
1201.8769       1609.9782       3.3911e-08       -1.1531 
1201.8769       1609.9782       3.7302e-08       -1.3203 
1201.8769       1609.9782       4.0693e-08       -1.4957 
1201.8769       1609.9782       4.4085e-08       -1.6790 
1201.8769       1609.9782       4.7476e-08       -1.8699 
1201.8769       1609.9782       5.0867e-08       -2.0682 
1201.8769       1609.9782       5.4258e-08       -2.2738 
1201.8769       1609.9782       5.7649e-08       -2.4864 
1201.8769       1609.9782       6.1040e-08       -2.7059 
1609.9782       2156.6516       0.0000e+00       0.0000 
1609.9782       2156.6516       4.9474e-14       -0.0000 
1609.9782       2156.6516       1.7457e-09       -0.1209 
1609.9782       2156.6516       3.4914e-09       -0.2461 
1609.9782       2156.6516       5.2371e-09       -0.3755 
1609.9782       2156.6516       6.9827e-09       -0.5089 
1609.9782       2156.6516       8.7284e-09       -0.6460 
1609.9782       2156.6516       1.0474e-08       -0.7867 
1609.9782       2156.6516       1.2220e-08       -0.9308 
1609.9782       2156.6516       1.3965e-08       -1.0781 
1609.9782       2156.6516       1.5711e-08       -1.2286 
1609.9782       2156.6516       1.7457e-08       -1.3821 
1609.9782       2156.6516       1.9202e-08       -1.5384 
1609.9782       2156.6516       2.0948e-08       -1.6975 
1609.9782       2156.6516       2.2694e-08       -1.8593 
1609.9782       2156.6516       2.4439e-08       -2.0237 
1609.9782       2156.6516       2.6185e-08       -2.1905 
1609.9782       2156.6516       2.7931e-08       -2.3598 
1609.9782       2156.6516       2.9677e-08       -2.5314 
1609.9782       2156.6516       3.1422e-08       -2.7052 
2156.6516       2889.0164       0.0000e+00       0.0000 
2156.6516       2889.0164       5.6593e-14       -0.0000 
2156.6516       2889.0164       2.0477e-09       -0.1264 
2156.6516       2889.0164       4.0953e-09       -0.2561 
2156.6516       2889.0164       6.1429e-09       -0.3889 
2156.6516       2889.0164       8.1906e-09       -0.5248 
2156.6516       2889.0164       1.0238e-08       -0.6637 
2156.6516       2889.0164       1.2286e-08       -0.8055 
2156.6516       2889.0164       1.4333e-08       -0.9501 
2156.6516       2889.0164       1.6381e-08       -1.0974 
2156.6516       2889.0164       1.8429e-08       -1.2474 
2156.6516       2889.0164       2.0476e-08       -1.3999 
2156.6516       2889.0164       2.2524e-08       -1.5550 
2156.6516       2889.0164       2.4572e-08       -1.7125 
2156.6516       2889.0164       2.6619e-08       -1.8724 
2156.6516       2889.0164       2.8667e-08       -2.0346 
2156.6516       2889.0164       3.0714e-08       -2.1990 
2156.6516       2889.0164       3.2762e-08       -2.3657 
2156.6516       2889.0164       3.4810e-08       -2.5346 
2156.6516       2889.0164       3.6857e-08       -2.7055 
2889.0164       3869.9914       0.0000e+00       -1.5031 
2889.0164       3869.9914       4.7037e-09       -1.1318 
2889.0164       3869.9914       9.4074e-09       -0.8287 
2889.0164       3869.9914       1.4111e-08       -0.5841 
2889.0164       3869.9914       1.8815e-08       -0.3900 
2889.0164       3869.9914       2.3518e-08       -0.2404 
2889.0164       3869.9914       2.8222e-08       -0.1304 
2889.0164       3869.9914       3.2926e-08       -0.0559 
2889.0164       3869.9914       3.7630e-08       -0.0134 
2889.0164       3869.9914       4.2333e-08       0.0000 
2889.0164       3869.9914       5.0418e-08       -0.0381 
2889.0164       3869.9914       5.8503e-08       -0.1446 
2889.0164       3869.9914       6.6587e-08       -0.3112 
2889.0164       3869.9914       7.4672e-08       -0.5312 
2889.0164       3869.9914       8.2757e-08       -0.7990 
2889.0164       3869.9914       9.0841e-08       -1.1100 
2889.0164       3869.9914       9.8926e-08       -1.4601 
2889.0164       3869.9914       1.0701e-07       -1.8460 
2889.0164       3869.9914       1.1510e-07       -2.2648 
2889.0164       3869.9914       1.2318e-07       -2.7139 
3869.9914       5184.0598       0.0000e+00       -1.5861 
3869.9914       5184.0598       3.9945e-09       -1.1091 
3869.9914       5184.0598       7.9889e-09       -0.7719 
3869.9914       5184.0598       1.1983e-08       -0.5236 
3869.9914       5184.0598       1.5978e-08       -0.3391 
3869.9914       5184.0598       1.9972e-08       -0.2037 
3869.9914       5184.0598       2.3967e-08       -0.1079 
3869.9914       5184.0598       2.7961e-08       -0.0450 
3869.9914       5184.0598       3.1956e-08       -0.0103 
3869.9914       5184.0598       3.5950e-08       0.0000 
3869.9914       5184.0598       4.4223e-08       -0.0444 
3869.9914       5184.0598       5.2497e-08       -0.1625 
3869.9914       5184.0598       6.0770e-08       -0.3413 
3869.9914       5184.0598       6.9043e-08       -0.5713 
3869.9914       5184.0598       7.7316e-08       -0.8453 
3869.9914       5184.0598       8.5589e-08       -1.1578 
3869.9914       5184.0598       9.3863e-08       -1.5044 
3869.9914       5184.0598       1.0214e-07       -1.8814 
3869.9914       5184.0598       1.1041e-07       -2.2858 
3869.9914       5184.0598       1.1868e-07       -2.7151 
5184.0598       6944.3244       0.0000e+00       0.0000 
5184.0598       6944.3244       2.5306e-12       -0.0001 
5184.0598       6944.3244       2.4574e-09       -0.0804 
5184.0598       6944.3244       4.9122e-09       -0.1787 
5184.0598       6944.3244       7.3670e-09       -0.2910 
5184.0598       6944.3244       9.8218e-09       -0.4145 
5184.0598       6944.3244       1.2277e-08       -0.5471 
5184.0598       6944.3244       1.4732e-08       -0.6873 
5184.0598       6944.3244       1.7186e-08       -0.8341 
5184.0598       6944.3244       1.9641e-08       -0.9864 
5184.0598       6944.3244       2.2096e-08       -1.1436 
5184.0598       6944.3244       2.4551e-08       -1.3049 
5184.0598       6944.3244       2.7006e-08       -1.4701 
5184.0598       6944.3244       2.9460e-08       -1.6386 
5184.0598       6944.3244       3.1915e-08       -1.8101 
5184.0598       6944.3244       3.4370e-08       -1.9843 
5184.0598       6944.3244       3.6825e-08       -2.1610 
5184.0598       6944.3244       3.9280e-08       -2.3400 
5184.0598       6944.3244       4.1735e-08       -2.5210 
5184.0598       6944.3244       4.4189e-08       -2.7039 
6944.3244       9302.5069       0.0000e+00       -1.2440 
6944.3244       9302.5069       3.8547e-09       -0.8616 
6944.3244       9302.5069       7.7095e-09       -0.5946 
6944.3244       9302.5069       1.1564e-08       -0.4007 
6944.3244       9302.5069       1.5419e-08       -0.2585 
6944.3244       9302.5069       1.9274e-08       -0.1552 
6944.3244       9302.5069       2.3128e-08       -0.0827 
6944.3244       9302.5069       2.6983e-08       -0.0352 
6944.3244       9302.5069       3.0838e-08       -0.0087 
6944.3244       9302.5069       3.4693e-08       0.0000 
6944.3244       9302.5069       4.5087e-08       -0.0481 
6944.3244       9302.5069       5.5481e-08       -0.1774 
6944.3244       9302.5069       6.5875e-08       -0.3684 
6944.3244       9302.5069       7.6269e-08       -0.6083 
6944.3244       9302.5069       8.6663e-08       -0.8883 
6944.3244       9302.5069       9.7057e-08       -1.2017 
6944.3244       9302.5069       1.0745e-07       -1.5438 
6944.3244       9302.5069       1.1785e-07       -1.9108 
6944.3244       9302.5069       1.2824e-07       -2.2996 
6944.3244       9302.5069       1.3863e-07       -2.7077 
9302.5069       12461.2038       0.0000e+00       -0.1959 
9302.5069       12461.2038       1.5547e-08       0.0000 
9302.5069       12461.2038       2.1219e-08       -0.0180 
9302.5069       12461.2038       2.6891e-08       -0.0669 
9302.5069       12461.2038       3.2562e-08       -0.1410 
9302.5069       12461.2038       3.8234e-08       -0.2359 
9302.5069       12461.2038       4.3906e-08       -0.3483 
9302.5069       12461.2038       4.9578e-08       -0.4758 
9302.5069       12461.2038       5.5250e-08       -0.6164 
9302.5069       12461.2038       6.0921e-08       -0.7684 
9302.5069       12461.2038       6.6593e-08       -0.9305 
9302.5069       12461.2038       7.2265e-08       -1.1016 
9302.5069       12461.2038       7.7937e-08       -1.2809 
9302.5069       12461.2038       8.3609e-08       -1.4675 
9302.5069       12461.2038       8.9280e-08       -1.6607 
9302.5069       12461.2038       9.4952e-08       -1.8601 
9302.5069       12461.2038       1.0062e-07       -2.0650 
9302.5069       12461.2038       1.0630e-07       -2.2751 
9302.5069       12461.2038       1.1197e-07       -2.4900 
9302.5069       12461.2038       1.1764e-07       -2.7092 
12461.2038       16692.4468       0.0000e+00       -0.0000 
12461.2038       16692.4468       1.4443e-14       0.0000 
12461.2038       16692.4468       3.1529e-09       -0.1503 
12461.2038       16692.4468       6.3058e-09       -0.3006 
12461.2038       16692.4468       9.4588e-09       -0.4509 
12461.2038       16692.4468       1.2612e-08       -0.6012 
12461.2038       16692.4468       1.5765e-08       -0.7515 
12461.2038       16692.4468       1.8918e-08       -0.9019 
12461.2038       16692.4468       2.2070e-08       -1.0522 
12461.2038       16692.4468       2.5223e-08       -1.2025 
12461.2038       16692.4468       2.8376e-08       -1.3528 
12461.2038       16692.4468       3.1529e-08       -1.5032 
12461.2038       16692.4468       3.4682e-08       -1.6535 
12461.2038       16692.4468       3.7835e-08       -1.8038 
12461.2038       16692.4468       4.0988e-08       -1.9542 
12461.2038       16692.4468       4.4141e-08       -2.1045 
12461.2038       16692.4468       4.7294e-08       -2.2549 
12461.2038       16692.4468       5.0447e-08       -2.4052 
12461.2038       16692.4468       5.3600e-08       -2.5555 
12461.2038       16692.4468       5.6752e-08       -2.7059 
16692.4468       22360.9371       0.0000e+00       -2.4729 
16692.4468       22360.9371       3.4551e-09       -1.1189 
16692.4468       22360.9371       6.9102e-09       -0.6545 
16692.4468       22360.9371       1.0365e-08       -0.3991 
16692.4468       22360.9371       1.3820e-08       -0.2400 
16692.4468       22360.9371       1.7275e-08       -0.1366 
16692.4468       22360.9371       2.0730e-08       -0.0698 
16692.4468       22360.9371       2.4186e-08       -0.0287 
16692.4468       22360.9371       2.7641e-08       -0.0069 
16692.4468       22360.9371       3.1096e-08       0.0000 
16692.4468       22360.9371       4.4575e-08       -0.0692 
16692.4468       22360.9371       5.8055e-08       -0.2338 
16692.4468       22360.9371       7.1535e-08       -0.4555 
16692.4468       22360.9371       8.5015e-08       -0.7155 
16692.4468       22360.9371       9.8494e-08       -1.0034 
16692.4468       22360.9371       1.1197e-07       -1.3125 
16692.4468       22360.9371       1.2545e-07       -1.6382 
16692.4468       22360.9371       1.3893e-07       -1.9777 
16692.4468       22360.9371       1.5241e-07       -2.3284 
16692.4468       22360.9371       1.6589e-07       -2.6887 
22360.9371       29953.6672       0.0000e+00       -0.0000 
22360.9371       29953.6672       1.0460e-14       0.0000 
22360.9371       29953.6672       6.2883e-09       -0.1461 
22360.9371       29953.6672       1.2577e-08       -0.2928 
22360.9371       29953.6672       1.8865e-08       -0.4401 
22360.9371       29953.6672       2.5153e-08       -0.5880 
22360.9371       29953.6672       3.1441e-08       -0.7364 
22360.9371       29953.6672       3.7730e-08       -0.8853 
22360.9371       29953.6672       4.4018e-08       -1.0347 
22360.9371       29953.6672       5.0306e-08       -1.1846 
22360.9371       29953.6672       5.6594e-08       -1.3350 
22360.9371       29953.6672       6.2883e-08       -1.4858 
22360.9371       29953.6672       6.9171e-08       -1.6370 
22360.9371       29953.6672       7.5459e-08       -1.7886 
22360.9371       29953.6672       8.1748e-08       -1.9406 
22360.9371       29953.6672       8.8036e-08       -2.0929 
22360.9371       29953.6672       9.4324e-08       -2.2457 
22360.9371       29953.6672       1.0061e-07       -2.3987 
22360.9371       29953.6672       1.0690e-07       -2.5521 
22360.9371       29953.6672       1.1319e-07       -2.7058 
29953.6672       40124.5339       0.0000e+00       -0.0000 
29953.6672       40124.5339       9.9518e-15       0.0000 
29953.6672       40124.5339       9.6486e-09       -0.1282 
29953.6672       40124.5339       1.9297e-08       -0.2606 
29953.6672       40124.5339       2.8946e-08       -0.3968 
29953.6672       40124.5339       3.8594e-08       -0.5362 
29953.6672       40124.5339       4.8243e-08       -0.6785 
29953.6672       40124.5339       5.7892e-08       -0.8235 
29953.6672       40124.5339       6.7540e-08       -0.9710 
29953.6672       40124.5339       7.7189e-08       -1.1206 
29953.6672       40124.5339       8.6837e-08       -1.2722 
29953.6672       40124.5339       9.6486e-08       -1.4257 
29953.6672       40124.5339       1.0613e-07       -1.5808 
29953.6672       40124.5339       1.1578e-07       -1.7375 
29953.6672       40124.5339       1.2543e-07       -1.8957 
29953.6672       40124.5339       1.3508e-07       -2.0552 
29953.6672       40124.5339       1.4473e-07       -2.2160 
29953.6672       40124.5339       1.5438e-07       -2.3779 
29953.6672       40124.5339       1.6403e-07       -2.5410 
29953.6672       40124.5339       1.7367e-07       -2.7051 
40124.5339       53748.9519       0.0000e+00       -0.0000 
40124.5339       53748.9519       1.0850e-13       0.0000 
40124.5339       53748.9519       9.7390e-09       -0.1503 
40124.5339       53748.9519       1.9478e-08       -0.3006 
40124.5339       53748.9519       2.9217e-08       -0.4510 
40124.5339       53748.9519       3.8956e-08       -0.6013 
40124.5339       53748.9519       4.8695e-08       -0.7516 
40124.5339       53748.9519       5.8434e-08       -0.9019 
40124.5339       53748.9519       6.8173e-08       -1.0523 
40124.5339       53748.9519       7.7911e-08       -1.2026 
40124.5339       53748.9519       8.7650e-08       -1.3529 
40124.5339       53748.9519       9.7389e-08       -1.5032 
40124.5339       53748.9519       1.0713e-07       -1.6536 
40124.5339       53748.9519       1.1687e-07       -1.8039 
40124.5339       53748.9519       1.2661e-07       -1.9542 
40124.5339       53748.9519       1.3634e-07       -2.1046 
40124.5339       53748.9519       1.4608e-07       -2.2549 
40124.5339       53748.9519       1.5582e-07       -2.4052 
40124.5339       53748.9519       1.6556e-07       -2.5556 
40124.5339       53748.9519       1.7530e-07       -2.7059 
53748.9519       72001.2440       0.0000e+00       -0.0000 
53748.9519       72001.2440       2.2063e-14       0.0000 
53748.9519       72001.2440       1.2954e-08       -0.1503 
53748.9519       72001.2440       2.5908e-08       -0.3007 
53748.9519       72001.2440       3.8862e-08       -0.4510 
53748.9519       72001.2440       5.1816e-08       -0.6013 
53748.9519       72001.2440       6.4769e-08       -0.7516 
53748.9519       72001.2440       7.7723e-08       -0.9020 
53748.9519       72001.2440       9.0677e-08       -1.0523 
53748.9519       72001.2440       1.0363e-07       -1.2026 
53748.9519       72001.2440       1.1658e-07       -1.3529 
53748.9519       72001.2440       1.2954e-07       -1.5033 
53748.9519       72001.2440       1.4249e-07       -1.6536 
53748.9519       72001.2440       1.5545e-07       -1.8039 
53748.9519       72001.2440       1.6840e-07       -1.9543 
53748.9519       72001.2440       1.8135e-07       -2.1046 
53748.9519       72001.2440       1.9431e-07       -2.2549 
53748.9519       72001.2440       2.0726e-07       -2.4052 
53748.9519       72001.2440       2.2022e-07       -2.5556 
53748.9519       72001.2440       2.3317e-07       -2.7059 
72001.2440       96449.5043       0.0000e+00       -0.0000 
72001.2440       96449.5043       6.1844e-14       0.0000 
72001.2440       96449.5043       1.7427e-08       -0.1503 
72001.2440       96449.5043       3.4854e-08       -0.3007 
72001.2440       96449.5043       5.2280e-08       -0.4510 
72001.2440       96449.5043       6.9707e-08       -0.6013 
72001.2440       96449.5043       8.7134e-08       -0.7516 
72001.2440       96449.5043       1.0456e-07       -0.9020 
72001.2440       96449.5043       1.2199e-07       -1.0523 
72001.2440       96449.5043       1.3941e-07       -1.2026 
72001.2440       96449.5043       1.5684e-07       -1.3529 
72001.2440       96449.5043       1.7427e-07       -1.5033 
72001.2440       96449.5043       1.9169e-07       -1.6536 
72001.2440       96449.5043       2.0912e-07       -1.8039 
72001.2440       96449.5043       2.2655e-07       -1.9543 
72001.2440       96449.5043       2.4398e-07       -2.1046 
72001.2440       96449.5043       2.6140e-07       -2.2549 
72001.2440       96449.5043       2.7883e-07       -2.4052 
72001.2440       96449.5043       2.9626e-07       -2.5556 
72001.2440       96449.5043       3.1368e-07       -2.7059 
96449.5043       129199.2522       0.0000e+00       -0.0000 
96449.5043       129199.2522       1.5797e-14       0.0000 
96449.5043       129199.2522       2.7450e-08       -0.1475 
96449.5043       129199.2522       5.4900e-08       -0.2953 
96449.5043       129199.2522       8.2350e-08       -0.4435 
96449.5043       129199.2522       1.0980e-07       -0.5921 
96449.5043       129199.2522       1.3725e-07       -0.7411 
96449.5043       129199.2522       1.6470e-07       -0.8903 
96449.5043       129199.2522       1.9215e-07       -1.0400 
96449.5043       129199.2522       2.1960e-07       -1.1899 
96449.5043       129199.2522       2.4705e-07       -1.3402 
96449.5043       129199.2522       2.7450e-07       -1.4908 
96449.5043       129199.2522       3.0195e-07       -1.6417 
96449.5043       129199.2522       3.2940e-07       -1.7929 
96449.5043       129199.2522       3.5685e-07       -1.9443 
96449.5043       129199.2522       3.8430e-07       -2.0961 
96449.5043       129199.2522       4.1175e-07       -2.2481 
96449.5043       129199.2522       4.3920e-07       -2.4004 
96449.5043       129199.2522       4.6665e-07       -2.5530 
96449.5043       129199.2522       4.9410e-07       -2.7058 
129199.2522       173069.2852       0.0000e+00       -0.0000 
129199.2522       173069.2852       1.7699e-12       0.0000 
129199.2522       173069.2852       4.5407e-08       -0.0975 
129199.2522       173069.2852       9.0813e-08       -0.2075 
129199.2522       173069.2852       1.3622e-07       -0.3276 
129199.2522       173069.2852       1.8162e-07       -0.4562 
129199.2522       173069.2852       2.2703e-07       -0.5918 
129199.2522       173069.2852       2.7244e-07       -0.7334 
129199.2522       173069.2852       3.1784e-07       -0.8801 
129199.2522       173069.2852       3.6325e-07       -1.0313 
129199.2522       173069.2852       4.0865e-07       -1.1865 
129199.2522       173069.2852       4.5406e-07       -1.3452 
129199.2522       173069.2852       4.9946e-07       -1.5070 
129199.2522       173069.2852       5.4487e-07       -1.6716 
129199.2522       173069.2852       5.9027e-07       -1.8387 
129199.2522       173069.2852       6.3568e-07       -2.0081 
129199.2522       173069.2852       6.8109e-07       -2.1796 
129199.2522       173069.2852       7.2649e-07       -2.3530 
129199.2522       173069.2852       7.7190e-07       -2.5281 
129199.2522       173069.2852       8.1730e-07       -2.7049 
173069.2852       231840.8711       0.0000e+00       -0.0000 
173069.2852       231840.8711       1.4769e-13       0.0000 
173069.2852       231840.8711       4.3283e-08       -0.1503 
173069.2852       231840.8711       8.6565e-08       -0.3005 
173069.2852       231840.8711       1.2985e-07       -0.4508 
173069.2852       231840.8711       1.7313e-07       -0.6011 
173069.2852       231840.8711       2.1641e-07       -0.7514 
173069.2852       231840.8711       2.5970e-07       -0.9017 
173069.2852       231840.8711       3.0298e-07       -1.0520 
173069.2852       231840.8711       3.4626e-07       -1.2023 
173069.2852       231840.8711       3.8954e-07       -1.3526 
173069.2852       231840.8711       4.3283e-07       -1.5029 
173069.2852       231840.8711       4.7611e-07       -1.6533 
173069.2852       231840.8711       5.1939e-07       -1.8036 
173069.2852       231840.8711       5.6267e-07       -1.9540 
173069.2852       231840.8711       6.0596e-07       -2.1044 
173069.2852       231840.8711       6.4924e-07       -2.2547 
173069.2852       231840.8711       6.9252e-07       -2.4051 
173069.2852       231840.8711       7.3580e-07       -2.5555 
173069.2852       231840.8711       7.7909e-07       -2.7059 
231840.8711       310563.2050       0.0000e+00       -1.4124 
231840.8711       310563.2050       3.7913e-08       -0.8153 
231840.8711       310563.2050       7.5826e-08       -0.5079 
231840.8711       310563.2050       1.1374e-07       -0.3191 
231840.8711       310563.2050       1.5165e-07       -0.1952 
231840.8711       310563.2050       1.8956e-07       -0.1123 
231840.8711       310563.2050       2.2748e-07       -0.0577 
231840.8711       310563.2050       2.6539e-07       -0.0238 
231840.8711       310563.2050       3.0330e-07       -0.0057 
231840.8711       310563.2050       3.4122e-07       0.0000 
231840.8711       310563.2050       5.0555e-07       -0.0723 
231840.8711       310563.2050       6.6989e-07       -0.2408 
231840.8711       310563.2050       8.3422e-07       -0.4647 
231840.8711       310563.2050       9.9856e-07       -0.7248 
231840.8711       310563.2050       1.1629e-06       -1.0104 
231840.8711       310563.2050       1.3272e-06       -1.3149 
231840.8711       310563.2050       1.4916e-06       -1.6340 
231840.8711       310563.2050       1.6559e-06       -1.9648 
231840.8711       310563.2050       1.8202e-06       -2.3050 
231840.8711       310563.2050       1.9846e-06       -2.6531 
310563.2050       416015.9675       0.0000e+00       0.0000 
310563.2050       416015.9675       7.1601e-13       -0.0000 
310563.2050       416015.9675       7.7013e-08       -0.1503 
310563.2050       416015.9675       1.5402e-07       -0.3007 
310563.2050       416015.9675       2.3104e-07       -0.4510 
310563.2050       416015.9675       3.0805e-07       -0.6013 
310563.2050       416015.9675       3.8506e-07       -0.7516 
310563.2050       416015.9675       4.6207e-07       -0.9020 
310563.2050       416015.9675       5.3909e-07       -1.0523 
310563.2050       416015.9675       6.1610e-07       -1.2026 
310563.2050       416015.9675       6.9311e-07       -1.3529 
310563.2050       416015.9675       7.7012e-07       -1.5033 
310563.2050       416015.9675       8.4713e-07       -1.6536 
310563.2050       416015.9675       9.2415e-07       -1.8039 
310563.2050       416015.9675       1.0012e-06       -1.9543 
310563.2050       416015.9675       1.0782e-06       -2.1046 
310563.2050       416015.9675       1.1552e-06       -2.2549 
310563.2050       416015.9675       1.2322e-06       -2.4052 
310563.2050       416015.9675       1.3092e-06       -2.5556 
310563.2050       416015.9675       1.3862e-06       -2.7059 
416015.9675       557275.5639       0.0000e+00       -0.0000 
416015.9675       557275.5639       7.6557e-14       0.0000 
416015.9675       557275.5639       1.0460e-07       -0.1503 
416015.9675       557275.5639       2.0920e-07       -0.3007 
416015.9675       557275.5639       3.1379e-07       -0.4510 
416015.9675       557275.5639       4.1839e-07       -0.6013 
416015.9675       557275.5639       5.2299e-07       -0.7516 
416015.9675       557275.5639       6.2759e-07       -0.9020 
416015.9675       557275.5639       7.3218e-07       -1.0523 
416015.9675       557275.5639       8.3678e-07       -1.2026 
416015.9675       557275.5639       9.4138e-07       -1.3530 
416015.9675       557275.5639       1.0460e-06       -1.5033 
416015.9675       557275.5639       1.1506e-06       -1.6536 
416015.9675       557275.5639       1.2552e-06       -1.8039 
416015.9675       557275.5639       1.3598e-06       -1.9543 
416015.9675       557275.5639       1.4644e-06       -2.1046 
416015.9675       557275.5639       1.5690e-06       -2.2549 
416015.9675       557275.5639       1.6736e-06       -2.4052 
416015.9675       557275.5639       1.7782e-06       -2.5556 
416015.9675       557275.5639       1.8828e-06       -2.7059 
557275.5639       746517.5120       0.0000e+00       -0.0000 
557275.5639       746517.5120       4.0971e-14       0.0000 
557275.5639       746517.5120       1.4342e-07       -0.1503 
557275.5639       746517.5120       2.8683e-07       -0.3007 
557275.5639       746517.5120       4.3025e-07       -0.4510 
557275.5639       746517.5120       5.7366e-07       -0.6013 
557275.5639       746517.5120       7.1708e-07       -0.7516 
557275.5639       746517.5120       8.6050e-07       -0.9020 
557275.5639       746517.5120       1.0039e-06       -1.0523 
557275.5639       746517.5120       1.1473e-06       -1.2026 
557275.5639       746517.5120       1.2907e-06       -1.3529 
557275.5639       746517.5120       1.4342e-06       -1.5033 
557275.5639       746517.5120       1.5776e-06       -1.6536 
557275.5639       746517.5120       1.7210e-06       -1.8039 
557275.5639       746517.5120       1.8644e-06       -1.9543 
557275.5639       746517.5120       2.0078e-06       -2.1046 
557275.5639       746517.5120       2.1512e-06       -2.2549 
557275.5639       746517.5120       2.2947e-06       -2.4052 
557275.5639       746517.5120       2.4381e-06       -2.5556 
557275.5639       746517.5120       2.5815e-06       -2.7059 
746517.5120       1000000.0000       0.0000e+00       0.0000 
746517.5120       1000000.0000       5.8179e-14       -0.0000 
746517.5120       1000000.0000       2.0820e-07       -0.1503 
746517.5120       1000000.0000       4.1640e-07       -0.3007 
746517.5120       1000000.0000       6.2460e-07       -0.4510 
746517.5120       1000000.0000       8.3280e-07       -0.6013 
746517.5120       1000000.0000       1.0410e-06       -0.7516 
746517.5120       1000000.0000       1.2492e-06       -0.9020 
746517.5120       1000000.0000       1.4574e-06       -1.0523 
746517.5120       1000000.0000       1.6656e-06       -1.2026 
746517.5120       1000000.0000       1.8738e-06       -1.3529 
746517.5120       1000000.0000       2.0820e-06       -1.5033 
746517.5120       1000000.0000       2.2902e-06       -1.6536 
746517.5120       1000000.0000       2.4984e-06       -1.8039 
746517.5120       1000000.0000       2.7066e-06       -1.9543 
746517.5120       1000000.0000       2.9148e-06       -2.1046 
746517.5120       1000000.0000       3.1230e-06       -2.2549 
746517.5120       1000000.0000       3.3312e-06       -2.4052 
746517.5120       1000000.0000       3.5394e-06       -2.5556 
746517.5120       1000000.0000       3.7476e-06       -2.7059 
