#Tucana_2  Log10(Jfactor)=18.970   sigmaJ=0.545 
#[0]emin(MeV) [1]emax(MeV) [2]eflux(MeV/cm^2/s) [3]deltaLogLike 
500.0000       669.7766       0.0000e+00       -0.2192 
500.0000       669.7766       2.2520e-08       0.0000 
500.0000       669.7766       2.7390e-08       -0.0100 
500.0000       669.7766       3.2259e-08       -0.0389 
500.0000       669.7766       3.7129e-08       -0.0863 
500.0000       669.7766       4.1998e-08       -0.1515 
500.0000       669.7766       4.6868e-08       -0.2340 
500.0000       669.7766       5.1737e-08       -0.3334 
500.0000       669.7766       5.6607e-08       -0.4492 
500.0000       669.7766       6.1476e-08       -0.5810 
500.0000       669.7766       6.6346e-08       -0.7284 
500.0000       669.7766       7.1215e-08       -0.8910 
500.0000       669.7766       7.6084e-08       -1.0685 
500.0000       669.7766       8.0954e-08       -1.2604 
500.0000       669.7766       8.5823e-08       -1.4665 
500.0000       669.7766       9.0693e-08       -1.6864 
500.0000       669.7766       9.5562e-08       -1.9199 
500.0000       669.7766       1.0043e-07       -2.1667 
500.0000       669.7766       1.0530e-07       -2.4264 
500.0000       669.7766       1.1017e-07       -2.6989 
669.7766       897.2222       0.0000e+00       0.0000 
669.7766       897.2222       3.4145e-12       -0.0000 
669.7766       897.2222       3.2769e-09       -0.0545 
669.7766       897.2222       6.5505e-09       -0.1224 
669.7766       897.2222       9.8240e-09       -0.2032 
669.7766       897.2222       1.3098e-08       -0.2965 
669.7766       897.2222       1.6371e-08       -0.4018 
669.7766       897.2222       1.9645e-08       -0.5186 
669.7766       897.2222       2.2918e-08       -0.6465 
669.7766       897.2222       2.6192e-08       -0.7853 
669.7766       897.2222       2.9465e-08       -0.9345 
669.7766       897.2222       3.2739e-08       -1.0939 
669.7766       897.2222       3.6012e-08       -1.2631 
669.7766       897.2222       3.9286e-08       -1.4418 
669.7766       897.2222       4.2559e-08       -1.6299 
669.7766       897.2222       4.5833e-08       -1.8271 
669.7766       897.2222       4.9106e-08       -2.0331 
669.7766       897.2222       5.2380e-08       -2.2477 
669.7766       897.2222       5.5653e-08       -2.4707 
669.7766       897.2222       5.8927e-08       -2.7019 
897.2222       1201.8769       0.0000e+00       -1.3264 
897.2222       1201.8769       3.9908e-09       -1.0185 
897.2222       1201.8769       7.9816e-09       -0.7592 
897.2222       1201.8769       1.1972e-08       -0.5439 
897.2222       1201.8769       1.5963e-08       -0.3688 
897.2222       1201.8769       1.9954e-08       -0.2308 
897.2222       1201.8769       2.3945e-08       -0.1272 
897.2222       1201.8769       2.7936e-08       -0.0555 
897.2222       1201.8769       3.1926e-08       -0.0137 
897.2222       1201.8769       3.5917e-08       0.0000 
897.2222       1201.8769       4.2393e-08       -0.0335 
897.2222       1201.8769       4.8869e-08       -0.1307 
897.2222       1201.8769       5.5345e-08       -0.2866 
897.2222       1201.8769       6.1821e-08       -0.4969 
897.2222       1201.8769       6.8297e-08       -0.7577 
897.2222       1201.8769       7.4773e-08       -1.0657 
897.2222       1201.8769       8.1249e-08       -1.4181 
897.2222       1201.8769       8.7725e-08       -1.8122 
897.2222       1201.8769       9.4201e-08       -2.2457 
897.2222       1201.8769       1.0068e-07       -2.7165 
1201.8769       1609.9782       0.0000e+00       -0.6514 
1201.8769       1609.9782       2.2576e-09       -0.5000 
1201.8769       1609.9782       4.5151e-09       -0.3723 
1201.8769       1609.9782       6.7727e-09       -0.2662 
1201.8769       1609.9782       9.0302e-09       -0.1800 
1201.8769       1609.9782       1.1288e-08       -0.1121 
1201.8769       1609.9782       1.3545e-08       -0.0613 
1201.8769       1609.9782       1.5803e-08       -0.0263 
1201.8769       1609.9782       1.8060e-08       -0.0062 
1201.8769       1609.9782       2.0318e-08       0.0000 
1201.8769       1609.9782       2.5781e-08       -0.0379 
1201.8769       1609.9782       3.1244e-08       -0.1430 
1201.8769       1609.9782       3.6707e-08       -0.3077 
1201.8769       1609.9782       4.2170e-08       -0.5257 
1201.8769       1609.9782       4.7633e-08       -0.7917 
1201.8769       1609.9782       5.3096e-08       -1.1016 
1201.8769       1609.9782       5.8559e-08       -1.4516 
1201.8769       1609.9782       6.4022e-08       -1.8386 
1201.8769       1609.9782       6.9485e-08       -2.2600 
1201.8769       1609.9782       7.4948e-08       -2.7133 
1609.9782       2156.6516       0.0000e+00       -3.3395 
1609.9782       2156.6516       2.9631e-09       -2.7066 
1609.9782       2156.6516       7.8185e-09       -1.8983 
1609.9782       2156.6516       1.2674e-08       -1.2949 
1609.9782       2156.6516       1.7529e-08       -0.8427 
1609.9782       2156.6516       2.2385e-08       -0.5089 
1609.9782       2156.6516       2.7240e-08       -0.2716 
1609.9782       2156.6516       3.2096e-08       -0.1150 
1609.9782       2156.6516       3.6951e-08       -0.0275 
1609.9782       2156.6516       4.1807e-08       0.0000 
1609.9782       2156.6516       4.7677e-08       -0.0369 
1609.9782       2156.6516       5.3547e-08       -0.1412 
1609.9782       2156.6516       5.9417e-08       -0.3050 
1609.9782       2156.6516       6.5287e-08       -0.5218 
1609.9782       2156.6516       7.1156e-08       -0.7864 
1609.9782       2156.6516       7.7026e-08       -1.0942 
1609.9782       2156.6516       8.2896e-08       -1.4415 
1609.9782       2156.6516       8.8766e-08       -1.8250 
1609.9782       2156.6516       9.4636e-08       -2.2420 
1609.9782       2156.6516       1.0051e-07       -2.6900 
2156.6516       2889.0164       0.0000e+00       -0.0033 
2156.6516       2889.0164       1.1764e-09       0.0000 
2156.6516       2889.0164       3.7268e-09       -0.0168 
2156.6516       2889.0164       6.2771e-09       -0.0614 
2156.6516       2889.0164       8.8275e-09       -0.1294 
2156.6516       2889.0164       1.1378e-08       -0.2175 
2156.6516       2889.0164       1.3928e-08       -0.3231 
2156.6516       2889.0164       1.6479e-08       -0.4442 
2156.6516       2889.0164       1.9029e-08       -0.5792 
2156.6516       2889.0164       2.1579e-08       -0.7267 
2156.6516       2889.0164       2.4130e-08       -0.8856 
2156.6516       2889.0164       2.6680e-08       -1.0550 
2156.6516       2889.0164       2.9230e-08       -1.2340 
2156.6516       2889.0164       3.1781e-08       -1.4219 
2156.6516       2889.0164       3.4331e-08       -1.6181 
2156.6516       2889.0164       3.6882e-08       -1.8220 
2156.6516       2889.0164       3.9432e-08       -2.0333 
2156.6516       2889.0164       4.1982e-08       -2.2513 
2156.6516       2889.0164       4.4533e-08       -2.4759 
2156.6516       2889.0164       4.7083e-08       -2.7066 
2889.0164       3869.9914       0.0000e+00       -1.1753 
2889.0164       3869.9914       2.3049e-09       -0.7985 
2889.0164       3869.9914       4.6099e-09       -0.5463 
2889.0164       3869.9914       6.9148e-09       -0.3666 
2889.0164       3869.9914       9.2197e-09       -0.2360 
2889.0164       3869.9914       1.1525e-08       -0.1414 
2889.0164       3869.9914       1.3830e-08       -0.0751 
2889.0164       3869.9914       1.6134e-08       -0.0317 
2889.0164       3869.9914       1.8439e-08       -0.0076 
2889.0164       3869.9914       2.0744e-08       0.0000 
2889.0164       3869.9914       2.6846e-08       -0.0456 
2889.0164       3869.9914       3.2947e-08       -0.1676 
2889.0164       3869.9914       3.9048e-08       -0.3500 
2889.0164       3869.9914       4.5149e-08       -0.5821 
2889.0164       3869.9914       5.1251e-08       -0.8563 
2889.0164       3869.9914       5.7352e-08       -1.1670 
2889.0164       3869.9914       6.3453e-08       -1.5098 
2889.0164       3869.9914       6.9555e-08       -1.8812 
2889.0164       3869.9914       7.5656e-08       -2.2783 
2889.0164       3869.9914       8.1757e-08       -2.6986 
3869.9914       5184.0598       0.0000e+00       -0.0000 
3869.9914       5184.0598       3.7182e-14       0.0000 
3869.9914       5184.0598       2.6043e-09       -0.1137 
3869.9914       5184.0598       5.2085e-09       -0.2332 
3869.9914       5184.0598       7.8128e-09       -0.3582 
3869.9914       5184.0598       1.0417e-08       -0.4882 
3869.9914       5184.0598       1.3021e-08       -0.6230 
3869.9914       5184.0598       1.5626e-08       -0.7622 
3869.9914       5184.0598       1.8230e-08       -0.9056 
3869.9914       5184.0598       2.0834e-08       -1.0530 
3869.9914       5184.0598       2.3438e-08       -1.2041 
3869.9914       5184.0598       2.6043e-08       -1.3588 
3869.9914       5184.0598       2.8647e-08       -1.5168 
3869.9914       5184.0598       3.1251e-08       -1.6781 
3869.9914       5184.0598       3.3855e-08       -1.8424 
3869.9914       5184.0598       3.6460e-08       -2.0097 
3869.9914       5184.0598       3.9064e-08       -2.1797 
3869.9914       5184.0598       4.1668e-08       -2.3525 
3869.9914       5184.0598       4.4272e-08       -2.5278 
3869.9914       5184.0598       4.6877e-08       -2.7056 
5184.0598       6944.3244       0.0000e+00       -0.0000 
5184.0598       6944.3244       2.2224e-14       0.0000 
5184.0598       6944.3244       2.2385e-09       -0.1365 
5184.0598       6944.3244       4.4770e-09       -0.2752 
5184.0598       6944.3244       6.7155e-09       -0.4159 
5184.0598       6944.3244       8.9540e-09       -0.5584 
5184.0598       6944.3244       1.1193e-08       -0.7028 
5184.0598       6944.3244       1.3431e-08       -0.8489 
5184.0598       6944.3244       1.5670e-08       -0.9965 
5184.0598       6944.3244       1.7908e-08       -1.1457 
5184.0598       6944.3244       2.0147e-08       -1.2962 
5184.0598       6944.3244       2.2385e-08       -1.4482 
5184.0598       6944.3244       2.4624e-08       -1.6014 
5184.0598       6944.3244       2.6862e-08       -1.7559 
5184.0598       6944.3244       2.9101e-08       -1.9115 
5184.0598       6944.3244       3.1339e-08       -2.0683 
5184.0598       6944.3244       3.3578e-08       -2.2261 
5184.0598       6944.3244       3.5816e-08       -2.3850 
5184.0598       6944.3244       3.8055e-08       -2.5449 
5184.0598       6944.3244       4.0293e-08       -2.7058 
6944.3244       9302.5069       0.0000e+00       0.0000 
6944.3244       9302.5069       1.9134e-13       -0.0000 
6944.3244       9302.5069       3.0838e-09       -0.1166 
6944.3244       9302.5069       6.1674e-09       -0.2393 
6944.3244       9302.5069       9.2511e-09       -0.3675 
6944.3244       9302.5069       1.2335e-08       -0.5006 
6944.3244       9302.5069       1.5418e-08       -0.6382 
6944.3244       9302.5069       1.8502e-08       -0.7798 
6944.3244       9302.5069       2.1586e-08       -0.9252 
6944.3244       9302.5069       2.4669e-08       -1.0739 
6944.3244       9302.5069       2.7753e-08       -1.2259 
6944.3244       9302.5069       3.0836e-08       -1.3808 
6944.3244       9302.5069       3.3920e-08       -1.5384 
6944.3244       9302.5069       3.7004e-08       -1.6985 
6944.3244       9302.5069       4.0087e-08       -1.8610 
6944.3244       9302.5069       4.3171e-08       -2.0258 
6944.3244       9302.5069       4.6255e-08       -2.1926 
6944.3244       9302.5069       4.9338e-08       -2.3614 
6944.3244       9302.5069       5.2422e-08       -2.5321 
6944.3244       9302.5069       5.5505e-08       -2.7046 
9302.5069       12461.2038       0.0000e+00       -0.0000 
9302.5069       12461.2038       1.4606e-14       0.0000 
9302.5069       12461.2038       2.6233e-09       -0.1500 
9302.5069       12461.2038       5.2465e-09       -0.3000 
9302.5069       12461.2038       7.8698e-09       -0.4501 
9302.5069       12461.2038       1.0493e-08       -0.6002 
9302.5069       12461.2038       1.3116e-08       -0.7504 
9302.5069       12461.2038       1.5740e-08       -0.9006 
9302.5069       12461.2038       1.8363e-08       -1.0508 
9302.5069       12461.2038       2.0986e-08       -1.2011 
9302.5069       12461.2038       2.3609e-08       -1.3514 
9302.5069       12461.2038       2.6233e-08       -1.5018 
9302.5069       12461.2038       2.8856e-08       -1.6521 
9302.5069       12461.2038       3.1479e-08       -1.8026 
9302.5069       12461.2038       3.4102e-08       -1.9530 
9302.5069       12461.2038       3.6726e-08       -2.1035 
9302.5069       12461.2038       3.9349e-08       -2.2541 
9302.5069       12461.2038       4.1972e-08       -2.4046 
9302.5069       12461.2038       4.4595e-08       -2.5553 
9302.5069       12461.2038       4.7219e-08       -2.7059 
12461.2038       16692.4468       0.0000e+00       -0.0000 
12461.2038       16692.4468       8.7438e-15       0.0000 
12461.2038       16692.4468       3.8213e-09       -0.1487 
12461.2038       16692.4468       7.6426e-09       -0.2976 
12461.2038       16692.4468       1.1464e-08       -0.4467 
12461.2038       16692.4468       1.5285e-08       -0.5960 
12461.2038       16692.4468       1.9107e-08       -0.7456 
12461.2038       16692.4468       2.2928e-08       -0.8953 
12461.2038       16692.4468       2.6749e-08       -1.0452 
12461.2038       16692.4468       3.0570e-08       -1.1953 
12461.2038       16692.4468       3.4392e-08       -1.3455 
12461.2038       16692.4468       3.8213e-08       -1.4960 
12461.2038       16692.4468       4.2034e-08       -1.6466 
12461.2038       16692.4468       4.5856e-08       -1.7974 
12461.2038       16692.4468       4.9677e-08       -1.9484 
12461.2038       16692.4468       5.3498e-08       -2.0996 
12461.2038       16692.4468       5.7320e-08       -2.2509 
12461.2038       16692.4468       6.1141e-08       -2.4024 
12461.2038       16692.4468       6.4962e-08       -2.5541 
12461.2038       16692.4468       6.8784e-08       -2.7059 
16692.4468       22360.9371       0.0000e+00       -0.4984 
16692.4468       22360.9371       2.0577e-08       0.0000 
16692.4468       22360.9371       2.7753e-08       -0.0255 
16692.4468       22360.9371       3.4928e-08       -0.0901 
16692.4468       22360.9371       4.2103e-08       -0.1819 
16692.4468       22360.9371       4.9278e-08       -0.2936 
16692.4468       22360.9371       5.6453e-08       -0.4208 
16692.4468       22360.9371       6.3629e-08       -0.5601 
16692.4468       22360.9371       7.0804e-08       -0.7092 
16692.4468       22360.9371       7.7979e-08       -0.8666 
16692.4468       22360.9371       8.5154e-08       -1.0308 
16692.4468       22360.9371       9.2329e-08       -1.2009 
16692.4468       22360.9371       9.9505e-08       -1.3760 
16692.4468       22360.9371       1.0668e-07       -1.5556 
16692.4468       22360.9371       1.1386e-07       -1.7391 
16692.4468       22360.9371       1.2103e-07       -1.9260 
16692.4468       22360.9371       1.2821e-07       -2.1160 
16692.4468       22360.9371       1.3538e-07       -2.3088 
16692.4468       22360.9371       1.4256e-07       -2.5042 
16692.4468       22360.9371       1.4973e-07       -2.7018 
22360.9371       29953.6672       0.0000e+00       0.0000 
22360.9371       29953.6672       1.2796e-15       -0.0000 
22360.9371       29953.6672       5.8703e-09       -0.1503 
22360.9371       29953.6672       1.1741e-08       -0.3006 
22360.9371       29953.6672       1.7611e-08       -0.4509 
22360.9371       29953.6672       2.3481e-08       -0.6012 
22360.9371       29953.6672       2.9352e-08       -0.7515 
22360.9371       29953.6672       3.5222e-08       -0.9019 
22360.9371       29953.6672       4.1092e-08       -1.0522 
22360.9371       29953.6672       4.6963e-08       -1.2025 
22360.9371       29953.6672       5.2833e-08       -1.3528 
22360.9371       29953.6672       5.8703e-08       -1.5032 
22360.9371       29953.6672       6.4574e-08       -1.6535 
22360.9371       29953.6672       7.0444e-08       -1.8038 
22360.9371       29953.6672       7.6314e-08       -1.9542 
22360.9371       29953.6672       8.2185e-08       -2.1045 
22360.9371       29953.6672       8.8055e-08       -2.2549 
22360.9371       29953.6672       9.3925e-08       -2.4052 
22360.9371       29953.6672       9.9796e-08       -2.5555 
22360.9371       29953.6672       1.0567e-07       -2.7059 
29953.6672       40124.5339       0.0000e+00       0.0000 
29953.6672       40124.5339       1.1943e-13       -0.0000 
29953.6672       40124.5339       7.7247e-09       -0.1503 
29953.6672       40124.5339       1.5449e-08       -0.3006 
29953.6672       40124.5339       2.3174e-08       -0.4509 
29953.6672       40124.5339       3.0898e-08       -0.6012 
29953.6672       40124.5339       3.8623e-08       -0.7515 
29953.6672       40124.5339       4.6347e-08       -0.9018 
29953.6672       40124.5339       5.4072e-08       -1.0522 
29953.6672       40124.5339       6.1796e-08       -1.2025 
29953.6672       40124.5339       6.9521e-08       -1.3528 
29953.6672       40124.5339       7.7245e-08       -1.5031 
29953.6672       40124.5339       8.4970e-08       -1.6535 
29953.6672       40124.5339       9.2695e-08       -1.8038 
29953.6672       40124.5339       1.0042e-07       -1.9541 
29953.6672       40124.5339       1.0814e-07       -2.1045 
29953.6672       40124.5339       1.1587e-07       -2.2548 
29953.6672       40124.5339       1.2359e-07       -2.4052 
29953.6672       40124.5339       1.3132e-07       -2.5555 
29953.6672       40124.5339       1.3904e-07       -2.7059 
40124.5339       53748.9519       0.0000e+00       -0.0000 
40124.5339       53748.9519       1.3194e-14       0.0000 
40124.5339       53748.9519       1.0110e-08       -0.1503 
40124.5339       53748.9519       2.0220e-08       -0.3007 
40124.5339       53748.9519       3.0330e-08       -0.4510 
40124.5339       53748.9519       4.0439e-08       -0.6013 
40124.5339       53748.9519       5.0549e-08       -0.7516 
40124.5339       53748.9519       6.0659e-08       -0.9020 
40124.5339       53748.9519       7.0769e-08       -1.0523 
40124.5339       53748.9519       8.0879e-08       -1.2026 
40124.5339       53748.9519       9.0989e-08       -1.3529 
40124.5339       53748.9519       1.0110e-07       -1.5033 
40124.5339       53748.9519       1.1121e-07       -1.6536 
40124.5339       53748.9519       1.2132e-07       -1.8039 
40124.5339       53748.9519       1.3143e-07       -1.9543 
40124.5339       53748.9519       1.4154e-07       -2.1046 
40124.5339       53748.9519       1.5165e-07       -2.2549 
40124.5339       53748.9519       1.6176e-07       -2.4052 
40124.5339       53748.9519       1.7187e-07       -2.5556 
40124.5339       53748.9519       1.8198e-07       -2.7059 
53748.9519       72001.2440       0.0000e+00       0.0000 
53748.9519       72001.2440       5.9763e-16       -0.0000 
53748.9519       72001.2440       1.3572e-08       -0.1503 
53748.9519       72001.2440       2.7143e-08       -0.3007 
53748.9519       72001.2440       4.0715e-08       -0.4510 
53748.9519       72001.2440       5.4286e-08       -0.6013 
53748.9519       72001.2440       6.7858e-08       -0.7516 
53748.9519       72001.2440       8.1429e-08       -0.9020 
53748.9519       72001.2440       9.5001e-08       -1.0523 
53748.9519       72001.2440       1.0857e-07       -1.2026 
53748.9519       72001.2440       1.2214e-07       -1.3529 
53748.9519       72001.2440       1.3572e-07       -1.5033 
53748.9519       72001.2440       1.4929e-07       -1.6536 
53748.9519       72001.2440       1.6286e-07       -1.8039 
53748.9519       72001.2440       1.7643e-07       -1.9543 
53748.9519       72001.2440       1.9000e-07       -2.1046 
53748.9519       72001.2440       2.0357e-07       -2.2549 
53748.9519       72001.2440       2.1714e-07       -2.4052 
53748.9519       72001.2440       2.3072e-07       -2.5556 
53748.9519       72001.2440       2.4429e-07       -2.7059 
72001.2440       96449.5043       0.0000e+00       0.0000 
72001.2440       96449.5043       4.6518e-16       -0.0000 
72001.2440       96449.5043       1.9025e-08       -0.1502 
72001.2440       96449.5043       3.8050e-08       -0.3004 
72001.2440       96449.5043       5.7076e-08       -0.4507 
72001.2440       96449.5043       7.6101e-08       -0.6009 
72001.2440       96449.5043       9.5126e-08       -0.7512 
72001.2440       96449.5043       1.1415e-07       -0.9015 
72001.2440       96449.5043       1.3318e-07       -1.0518 
72001.2440       96449.5043       1.5220e-07       -1.2021 
72001.2440       96449.5043       1.7123e-07       -1.3524 
72001.2440       96449.5043       1.9025e-07       -1.5028 
72001.2440       96449.5043       2.0928e-07       -1.6531 
72001.2440       96449.5043       2.2830e-07       -1.8035 
72001.2440       96449.5043       2.4733e-07       -1.9538 
72001.2440       96449.5043       2.6635e-07       -2.1042 
72001.2440       96449.5043       2.8538e-07       -2.2546 
72001.2440       96449.5043       3.0440e-07       -2.4050 
72001.2440       96449.5043       3.2343e-07       -2.5555 
72001.2440       96449.5043       3.4245e-07       -2.7059 
96449.5043       129199.2522       0.0000e+00       -1.1836 
96449.5043       129199.2522       1.5880e-08       -0.7176 
96449.5043       129199.2522       3.1759e-08       -0.4561 
96449.5043       129199.2522       4.7639e-08       -0.2896 
96449.5043       129199.2522       6.3519e-08       -0.1782 
96449.5043       129199.2522       7.9398e-08       -0.1028 
96449.5043       129199.2522       9.5278e-08       -0.0528 
96449.5043       129199.2522       1.1116e-07       -0.0216 
96449.5043       129199.2522       1.2704e-07       -0.0050 
96449.5043       129199.2522       1.4292e-07       0.0000 
96449.5043       129199.2522       2.1392e-07       -0.0734 
96449.5043       129199.2522       2.8493e-07       -0.2426 
96449.5043       129199.2522       3.5593e-07       -0.4673 
96449.5043       129199.2522       4.2694e-07       -0.7281 
96449.5043       129199.2522       4.9794e-07       -1.0144 
96449.5043       129199.2522       5.6895e-07       -1.3196 
96449.5043       129199.2522       6.3995e-07       -1.6393 
96449.5043       129199.2522       7.1095e-07       -1.9707 
96449.5043       129199.2522       7.8196e-07       -2.3116 
96449.5043       129199.2522       8.5296e-07       -2.6603 
129199.2522       173069.2852       0.0000e+00       0.0000 
129199.2522       173069.2852       2.7778e-16       -0.0000 
129199.2522       173069.2852       3.3200e-08       -0.1503 
129199.2522       173069.2852       6.6400e-08       -0.3007 
129199.2522       173069.2852       9.9599e-08       -0.4510 
129199.2522       173069.2852       1.3280e-07       -0.6013 
129199.2522       173069.2852       1.6600e-07       -0.7516 
129199.2522       173069.2852       1.9920e-07       -0.9020 
129199.2522       173069.2852       2.3240e-07       -1.0523 
129199.2522       173069.2852       2.6560e-07       -1.2026 
129199.2522       173069.2852       2.9880e-07       -1.3529 
129199.2522       173069.2852       3.3200e-07       -1.5033 
129199.2522       173069.2852       3.6520e-07       -1.6536 
129199.2522       173069.2852       3.9840e-07       -1.8039 
129199.2522       173069.2852       4.3160e-07       -1.9543 
129199.2522       173069.2852       4.6480e-07       -2.1046 
129199.2522       173069.2852       4.9800e-07       -2.2549 
129199.2522       173069.2852       5.3120e-07       -2.4052 
129199.2522       173069.2852       5.6440e-07       -2.5556 
129199.2522       173069.2852       5.9760e-07       -2.7059 
173069.2852       231840.8711       0.0000e+00       0.0000 
173069.2852       231840.8711       2.1023e-10       -0.0006 
173069.2852       231840.8711       4.9470e-08       -0.1487 
173069.2852       231840.8711       9.8729e-08       -0.2971 
173069.2852       231840.8711       1.4799e-07       -0.4458 
173069.2852       231840.8711       1.9725e-07       -0.5948 
173069.2852       231840.8711       2.4651e-07       -0.7440 
173069.2852       231840.8711       2.9577e-07       -0.8936 
173069.2852       231840.8711       3.4503e-07       -1.0433 
173069.2852       231840.8711       3.9429e-07       -1.1934 
173069.2852       231840.8711       4.4355e-07       -1.3436 
173069.2852       231840.8711       4.9281e-07       -1.4941 
173069.2852       231840.8711       5.4207e-07       -1.6449 
173069.2852       231840.8711       5.9132e-07       -1.7958 
173069.2852       231840.8711       6.4058e-07       -1.9470 
173069.2852       231840.8711       6.8984e-07       -2.0984 
173069.2852       231840.8711       7.3910e-07       -2.2500 
173069.2852       231840.8711       7.8836e-07       -2.4017 
173069.2852       231840.8711       8.3762e-07       -2.5537 
173069.2852       231840.8711       8.8688e-07       -2.7059 
231840.8711       310563.2050       0.0000e+00       0.0000 
231840.8711       310563.2050       1.6291e-10       -0.0004 
231840.8711       310563.2050       6.0208e-08       -0.1507 
231840.8711       310563.2050       1.2025e-07       -0.3010 
231840.8711       310563.2050       1.8030e-07       -0.4513 
231840.8711       310563.2050       2.4034e-07       -0.6016 
231840.8711       310563.2050       3.0039e-07       -0.7519 
231840.8711       310563.2050       3.6043e-07       -0.9022 
231840.8711       310563.2050       4.2048e-07       -1.0525 
231840.8711       310563.2050       4.8052e-07       -1.2028 
231840.8711       310563.2050       5.4057e-07       -1.3532 
231840.8711       310563.2050       6.0061e-07       -1.5035 
231840.8711       310563.2050       6.6066e-07       -1.6538 
231840.8711       310563.2050       7.2070e-07       -1.8041 
231840.8711       310563.2050       7.8075e-07       -1.9544 
231840.8711       310563.2050       8.4079e-07       -2.1047 
231840.8711       310563.2050       9.0083e-07       -2.2550 
231840.8711       310563.2050       9.6088e-07       -2.4053 
231840.8711       310563.2050       1.0209e-06       -2.5556 
231840.8711       310563.2050       1.0810e-06       -2.7059 
310563.2050       416015.9675       0.0000e+00       0.0000 
310563.2050       416015.9675       1.2615e-10       -0.0002 
310563.2050       416015.9675       8.1212e-08       -0.1505 
310563.2050       416015.9675       1.6230e-07       -0.3009 
310563.2050       416015.9675       2.4338e-07       -0.4512 
310563.2050       416015.9675       3.2447e-07       -0.6015 
310563.2050       416015.9675       4.0555e-07       -0.7518 
310563.2050       416015.9675       4.8664e-07       -0.9021 
310563.2050       416015.9675       5.6772e-07       -1.0524 
310563.2050       416015.9675       6.4881e-07       -1.2028 
310563.2050       416015.9675       7.2990e-07       -1.3531 
310563.2050       416015.9675       8.1098e-07       -1.5034 
310563.2050       416015.9675       8.9207e-07       -1.6537 
310563.2050       416015.9675       9.7315e-07       -1.8040 
310563.2050       416015.9675       1.0542e-06       -1.9543 
310563.2050       416015.9675       1.1353e-06       -2.1046 
310563.2050       416015.9675       1.2164e-06       -2.2550 
310563.2050       416015.9675       1.2975e-06       -2.4053 
310563.2050       416015.9675       1.3786e-06       -2.5556 
310563.2050       416015.9675       1.4597e-06       -2.7059 
416015.9675       557275.5639       0.0000e+00       0.0000 
416015.9675       557275.5639       9.7706e-11       -0.0001 
416015.9675       557275.5639       1.1048e-07       -0.1505 
416015.9675       557275.5639       2.2087e-07       -0.3008 
416015.9675       557275.5639       3.3126e-07       -0.4511 
416015.9675       557275.5639       4.4165e-07       -0.6014 
416015.9675       557275.5639       5.5203e-07       -0.7517 
416015.9675       557275.5639       6.6242e-07       -0.9021 
416015.9675       557275.5639       7.7281e-07       -1.0524 
416015.9675       557275.5639       8.8320e-07       -1.2027 
416015.9675       557275.5639       9.9358e-07       -1.3530 
416015.9675       557275.5639       1.1040e-06       -1.5033 
416015.9675       557275.5639       1.2144e-06       -1.6537 
416015.9675       557275.5639       1.3247e-06       -1.8040 
416015.9675       557275.5639       1.4351e-06       -1.9543 
416015.9675       557275.5639       1.5455e-06       -2.1046 
416015.9675       557275.5639       1.6559e-06       -2.2549 
416015.9675       557275.5639       1.7663e-06       -2.4053 
416015.9675       557275.5639       1.8767e-06       -2.5556 
416015.9675       557275.5639       1.9871e-06       -2.7059 
557275.5639       746517.5120       0.0000e+00       0.0000 
557275.5639       746517.5120       7.5684e-11       -0.0001 
557275.5639       746517.5120       1.5115e-07       -0.1504 
557275.5639       746517.5120       3.0222e-07       -0.3007 
557275.5639       746517.5120       4.5330e-07       -0.4510 
557275.5639       746517.5120       6.0437e-07       -0.6014 
557275.5639       746517.5120       7.5544e-07       -0.7517 
557275.5639       746517.5120       9.0651e-07       -0.9020 
557275.5639       746517.5120       1.0576e-06       -1.0523 
557275.5639       746517.5120       1.2087e-06       -1.2027 
557275.5639       746517.5120       1.3597e-06       -1.3530 
557275.5639       746517.5120       1.5108e-06       -1.5033 
557275.5639       746517.5120       1.6619e-06       -1.6536 
557275.5639       746517.5120       1.8130e-06       -1.8040 
557275.5639       746517.5120       1.9640e-06       -1.9543 
557275.5639       746517.5120       2.1151e-06       -2.1046 
557275.5639       746517.5120       2.2662e-06       -2.2549 
557275.5639       746517.5120       2.4172e-06       -2.4053 
557275.5639       746517.5120       2.5683e-06       -2.5556 
557275.5639       746517.5120       2.7194e-06       -2.7059 
746517.5120       1000000.0000       0.0000e+00       0.0000 
746517.5120       1000000.0000       5.8605e-11       -0.0000 
746517.5120       1000000.0000       2.1813e-07       -0.1504 
746517.5120       1000000.0000       4.3620e-07       -0.3007 
746517.5120       1000000.0000       6.5427e-07       -0.4510 
746517.5120       1000000.0000       8.7234e-07       -0.6013 
746517.5120       1000000.0000       1.0904e-06       -0.7517 
746517.5120       1000000.0000       1.3085e-06       -0.9020 
746517.5120       1000000.0000       1.5266e-06       -1.0523 
746517.5120       1000000.0000       1.7446e-06       -1.2026 
746517.5120       1000000.0000       1.9627e-06       -1.3530 
746517.5120       1000000.0000       2.1808e-06       -1.5033 
746517.5120       1000000.0000       2.3988e-06       -1.6536 
746517.5120       1000000.0000       2.6169e-06       -1.8039 
746517.5120       1000000.0000       2.8350e-06       -1.9543 
746517.5120       1000000.0000       3.0531e-06       -2.1046 
746517.5120       1000000.0000       3.2711e-06       -2.2549 
746517.5120       1000000.0000       3.4892e-06       -2.4052 
746517.5120       1000000.0000       3.7073e-06       -2.5556 
746517.5120       1000000.0000       3.9253e-06       -2.7059 
