#Tucana_4  Log10(Jfactor)=18.700   sigmaJ=0.550 
#[0]emin(MeV) [1]emax(MeV) [2]eflux(MeV/cm^2/s) [3]deltaLogLike 
500.0000       669.7766       0.0000e+00       0.0000 
500.0000       669.7766       1.8172e-11       -0.0001 
500.0000       669.7766       3.9177e-09       -0.0276 
500.0000       669.7766       7.8172e-09       -0.0718 
500.0000       669.7766       1.1717e-08       -0.1322 
500.0000       669.7766       1.5616e-08       -0.2082 
500.0000       669.7766       1.9516e-08       -0.2995 
500.0000       669.7766       2.3415e-08       -0.4055 
500.0000       669.7766       2.7315e-08       -0.5259 
500.0000       669.7766       3.1214e-08       -0.6603 
500.0000       669.7766       3.5114e-08       -0.8083 
500.0000       669.7766       3.9013e-08       -0.9697 
500.0000       669.7766       4.2913e-08       -1.1439 
500.0000       669.7766       4.6812e-08       -1.3309 
500.0000       669.7766       5.0712e-08       -1.5302 
500.0000       669.7766       5.4611e-08       -1.7416 
500.0000       669.7766       5.8511e-08       -1.9648 
500.0000       669.7766       6.2410e-08       -2.1996 
500.0000       669.7766       6.6310e-08       -2.4457 
500.0000       669.7766       7.0209e-08       -2.7029 
669.7766       897.2222       0.0000e+00       -0.0006 
669.7766       897.2222       5.0720e-11       -0.0004 
669.7766       897.2222       3.5401e-09       0.0000 
669.7766       897.2222       7.0294e-09       -0.0222 
669.7766       897.2222       1.0519e-08       -0.0657 
669.7766       897.2222       1.4008e-08       -0.1293 
669.7766       897.2222       1.7497e-08       -0.2120 
669.7766       897.2222       2.0987e-08       -0.3130 
669.7766       897.2222       2.4476e-08       -0.4313 
669.7766       897.2222       2.7965e-08       -0.5662 
669.7766       897.2222       3.1455e-08       -0.7171 
669.7766       897.2222       3.4944e-08       -0.8832 
669.7766       897.2222       3.8433e-08       -1.0641 
669.7766       897.2222       4.1923e-08       -1.2592 
669.7766       897.2222       4.5412e-08       -1.4680 
669.7766       897.2222       4.8902e-08       -1.6900 
669.7766       897.2222       5.2391e-08       -1.9249 
669.7766       897.2222       5.5880e-08       -2.1721 
669.7766       897.2222       5.9370e-08       -2.4314 
669.7766       897.2222       6.2859e-08       -2.7023 
897.2222       1201.8769       0.0000e+00       -0.0000 
897.2222       1201.8769       1.8423e-14       0.0000 
897.2222       1201.8769       2.1967e-09       -0.0990 
897.2222       1201.8769       4.3933e-09       -0.2049 
897.2222       1201.8769       6.5899e-09       -0.3176 
897.2222       1201.8769       8.7866e-09       -0.4367 
897.2222       1201.8769       1.0983e-08       -0.5623 
897.2222       1201.8769       1.3180e-08       -0.6940 
897.2222       1201.8769       1.5376e-08       -0.8317 
897.2222       1201.8769       1.7573e-08       -0.9753 
897.2222       1201.8769       1.9770e-08       -1.1246 
897.2222       1201.8769       2.1966e-08       -1.2795 
897.2222       1201.8769       2.4163e-08       -1.4399 
897.2222       1201.8769       2.6360e-08       -1.6056 
897.2222       1201.8769       2.8556e-08       -1.7765 
897.2222       1201.8769       3.0753e-08       -1.9526 
897.2222       1201.8769       3.2950e-08       -2.1336 
897.2222       1201.8769       3.5146e-08       -2.3194 
897.2222       1201.8769       3.7343e-08       -2.5101 
897.2222       1201.8769       3.9540e-08       -2.7054 
1201.8769       1609.9782       0.0000e+00       0.0000 
1201.8769       1609.9782       2.2937e-13       -0.0000 
1201.8769       1609.9782       1.7880e-09       -0.1079 
1201.8769       1609.9782       3.5759e-09       -0.2218 
1201.8769       1609.9782       5.3637e-09       -0.3415 
1201.8769       1609.9782       7.1515e-09       -0.4667 
1201.8769       1609.9782       8.9393e-09       -0.5972 
1201.8769       1609.9782       1.0727e-08       -0.7328 
1201.8769       1609.9782       1.2515e-08       -0.8734 
1201.8769       1609.9782       1.4303e-08       -1.0187 
1201.8769       1609.9782       1.6091e-08       -1.1687 
1201.8769       1609.9782       1.7878e-08       -1.3232 
1201.8769       1609.9782       1.9666e-08       -1.4820 
1201.8769       1609.9782       2.1454e-08       -1.6450 
1201.8769       1609.9782       2.3242e-08       -1.8121 
1201.8769       1609.9782       2.5030e-08       -1.9832 
1201.8769       1609.9782       2.6817e-08       -2.1581 
1201.8769       1609.9782       2.8605e-08       -2.3368 
1201.8769       1609.9782       3.0393e-08       -2.5192 
1201.8769       1609.9782       3.2181e-08       -2.7051 
1609.9782       2156.6516       0.0000e+00       -1.2568 
1609.9782       2156.6516       2.7081e-09       -0.9383 
1609.9782       2156.6516       5.4163e-09       -0.6828 
1609.9782       2156.6516       8.1244e-09       -0.4789 
1609.9782       2156.6516       1.0833e-08       -0.3187 
1609.9782       2156.6516       1.3541e-08       -0.1961 
1609.9782       2156.6516       1.6249e-08       -0.1063 
1609.9782       2156.6516       1.8957e-08       -0.0456 
1609.9782       2156.6516       2.1665e-08       -0.0110 
1609.9782       2156.6516       2.4373e-08       0.0000 
1609.9782       2156.6516       2.9670e-08       -0.0389 
1609.9782       2156.6516       3.4966e-08       -0.1475 
1609.9782       2156.6516       4.0262e-08       -0.3165 
1609.9782       2156.6516       4.5559e-08       -0.5384 
1609.9782       2156.6516       5.0855e-08       -0.8073 
1609.9782       2156.6516       5.6151e-08       -1.1184 
1609.9782       2156.6516       6.1447e-08       -1.4676 
1609.9782       2156.6516       6.6744e-08       -1.8518 
1609.9782       2156.6516       7.2040e-08       -2.2679 
1609.9782       2156.6516       7.7336e-08       -2.7136 
2156.6516       2889.0164       0.0000e+00       0.0000 
2156.6516       2889.0164       1.5885e-11       -0.0000 
2156.6516       2889.0164       2.8181e-09       -0.0200 
2156.6516       2889.0164       5.6203e-09       -0.0634 
2156.6516       2889.0164       8.4225e-09       -0.1277 
2156.6516       2889.0164       1.1225e-08       -0.2108 
2156.6516       2889.0164       1.4027e-08       -0.3110 
2156.6516       2889.0164       1.6829e-08       -0.4269 
2156.6516       2889.0164       1.9631e-08       -0.5572 
2156.6516       2889.0164       2.2434e-08       -0.7009 
2156.6516       2889.0164       2.5236e-08       -0.8568 
2156.6516       2889.0164       2.8038e-08       -1.0244 
2156.6516       2889.0164       3.0840e-08       -1.2026 
2156.6516       2889.0164       3.3642e-08       -1.3910 
2156.6516       2889.0164       3.6445e-08       -1.5889 
2156.6516       2889.0164       3.9247e-08       -1.7958 
2156.6516       2889.0164       4.2049e-08       -2.0111 
2156.6516       2889.0164       4.4851e-08       -2.2345 
2156.6516       2889.0164       4.7653e-08       -2.4656 
2156.6516       2889.0164       5.0456e-08       -2.7039 
2889.0164       3869.9914       0.0000e+00       -0.1892 
2889.0164       3869.9914       6.3285e-09       0.0000 
2889.0164       3869.9914       8.8165e-09       -0.0182 
2889.0164       3869.9914       1.1305e-08       -0.0681 
2889.0164       3869.9914       1.3793e-08       -0.1431 
2889.0164       3869.9914       1.6281e-08       -0.2386 
2889.0164       3869.9914       1.8769e-08       -0.3513 
2889.0164       3869.9914       2.1257e-08       -0.4787 
2889.0164       3869.9914       2.3745e-08       -0.6189 
2889.0164       3869.9914       2.6233e-08       -0.7703 
2889.0164       3869.9914       2.8721e-08       -0.9317 
2889.0164       3869.9914       3.1209e-08       -1.1022 
2889.0164       3869.9914       3.3697e-08       -1.2808 
2889.0164       3869.9914       3.6185e-08       -1.4669 
2889.0164       3869.9914       3.8673e-08       -1.6598 
2889.0164       3869.9914       4.1161e-08       -1.8590 
2889.0164       3869.9914       4.3649e-08       -2.0640 
2889.0164       3869.9914       4.6137e-08       -2.2745 
2889.0164       3869.9914       4.8625e-08       -2.4900 
2889.0164       3869.9914       5.1113e-08       -2.7103 
3869.9914       5184.0598       0.0000e+00       0.0000 
3869.9914       5184.0598       1.6318e-12       -0.0001 
3869.9914       5184.0598       2.1764e-09       -0.1053 
3869.9914       5184.0598       4.3512e-09       -0.2185 
3869.9914       5184.0598       6.5260e-09       -0.3388 
3869.9914       5184.0598       8.7007e-09       -0.4657 
3869.9914       5184.0598       1.0876e-08       -0.5985 
3869.9914       5184.0598       1.3050e-08       -0.7368 
3869.9914       5184.0598       1.5225e-08       -0.8801 
3869.9914       5184.0598       1.7400e-08       -1.0281 
3869.9914       5184.0598       1.9575e-08       -1.1803 
3869.9914       5184.0598       2.1749e-08       -1.3367 
3869.9914       5184.0598       2.3924e-08       -1.4967 
3869.9914       5184.0598       2.6099e-08       -1.6603 
3869.9914       5184.0598       2.8274e-08       -1.8272 
3869.9914       5184.0598       3.0448e-08       -1.9972 
3869.9914       5184.0598       3.2623e-08       -2.1702 
3869.9914       5184.0598       3.4798e-08       -2.3460 
3869.9914       5184.0598       3.6973e-08       -2.5243 
3869.9914       5184.0598       3.9148e-08       -2.7052 
5184.0598       6944.3244       0.0000e+00       0.0000 
5184.0598       6944.3244       1.7484e-12       -0.0001 
5184.0598       6944.3244       2.2391e-09       -0.1434 
5184.0598       6944.3244       4.4765e-09       -0.2876 
5184.0598       6944.3244       6.7138e-09       -0.4327 
5184.0598       6944.3244       8.9512e-09       -0.5787 
5184.0598       6944.3244       1.1189e-08       -0.7256 
5184.0598       6944.3244       1.3426e-08       -0.8733 
5184.0598       6944.3244       1.5663e-08       -1.0219 
5184.0598       6944.3244       1.7901e-08       -1.1713 
5184.0598       6944.3244       2.0138e-08       -1.3214 
5184.0598       6944.3244       2.2375e-08       -1.4724 
5184.0598       6944.3244       2.4613e-08       -1.6241 
5184.0598       6944.3244       2.6850e-08       -1.7765 
5184.0598       6944.3244       2.9087e-08       -1.9296 
5184.0598       6944.3244       3.1325e-08       -2.0835 
5184.0598       6944.3244       3.3562e-08       -2.2381 
5184.0598       6944.3244       3.5800e-08       -2.3933 
5184.0598       6944.3244       3.8037e-08       -2.5492 
5184.0598       6944.3244       4.0274e-08       -2.7058 
6944.3244       9302.5069       0.0000e+00       -0.0647 
6944.3244       9302.5069       4.2354e-09       0.0000 
6944.3244       9302.5069       7.4503e-09       -0.0257 
6944.3244       9302.5069       1.0665e-08       -0.0902 
6944.3244       9302.5069       1.3880e-08       -0.1817 
6944.3244       9302.5069       1.7095e-08       -0.2933 
6944.3244       9302.5069       2.0310e-08       -0.4202 
6944.3244       9302.5069       2.3524e-08       -0.5593 
6944.3244       9302.5069       2.6739e-08       -0.7084 
6944.3244       9302.5069       2.9954e-08       -0.8657 
6944.3244       9302.5069       3.3169e-08       -1.0300 
6944.3244       9302.5069       3.6384e-08       -1.2002 
6944.3244       9302.5069       3.9599e-08       -1.3756 
6944.3244       9302.5069       4.2813e-08       -1.5556 
6944.3244       9302.5069       4.6028e-08       -1.7395 
6944.3244       9302.5069       4.9243e-08       -1.9269 
6944.3244       9302.5069       5.2458e-08       -2.1176 
6944.3244       9302.5069       5.5673e-08       -2.3111 
6944.3244       9302.5069       5.8888e-08       -2.5073 
6944.3244       9302.5069       6.2102e-08       -2.7058 
9302.5069       12461.2038       0.0000e+00       0.0000 
9302.5069       12461.2038       4.7332e-13       -0.0000 
9302.5069       12461.2038       2.7727e-09       -0.1483 
9302.5069       12461.2038       5.5449e-09       -0.2969 
9302.5069       12461.2038       8.3172e-09       -0.4457 
9302.5069       12461.2038       1.1089e-08       -0.5948 
9302.5069       12461.2038       1.3862e-08       -0.7441 
9302.5069       12461.2038       1.6634e-08       -0.8937 
9302.5069       12461.2038       1.9406e-08       -1.0435 
9302.5069       12461.2038       2.2178e-08       -1.1935 
9302.5069       12461.2038       2.4951e-08       -1.3438 
9302.5069       12461.2038       2.7723e-08       -1.4943 
9302.5069       12461.2038       3.0495e-08       -1.6450 
9302.5069       12461.2038       3.3267e-08       -1.7960 
9302.5069       12461.2038       3.6040e-08       -1.9471 
9302.5069       12461.2038       3.8812e-08       -2.0985 
9302.5069       12461.2038       4.1584e-08       -2.2500 
9302.5069       12461.2038       4.4356e-08       -2.4018 
9302.5069       12461.2038       4.7128e-08       -2.5538 
9302.5069       12461.2038       4.9901e-08       -2.7059 
12461.2038       16692.4468       0.0000e+00       0.0000 
12461.2038       16692.4468       4.0384e-12       -0.0001 
12461.2038       16692.4468       4.2928e-09       -0.1263 
12461.2038       16692.4468       8.5815e-09       -0.2571 
12461.2038       16692.4468       1.2870e-08       -0.3921 
12461.2038       16692.4468       1.7159e-08       -0.5306 
12461.2038       16692.4468       2.1448e-08       -0.6724 
12461.2038       16692.4468       2.5736e-08       -0.8171 
12461.2038       16692.4468       3.0025e-08       -0.9644 
12461.2038       16692.4468       3.4314e-08       -1.1141 
12461.2038       16692.4468       3.8603e-08       -1.2659 
12461.2038       16692.4468       4.2891e-08       -1.4197 
12461.2038       16692.4468       4.7180e-08       -1.5753 
12461.2038       16692.4468       5.1469e-08       -1.7325 
12461.2038       16692.4468       5.5757e-08       -1.8913 
12461.2038       16692.4468       6.0046e-08       -2.0516 
12461.2038       16692.4468       6.4335e-08       -2.2131 
12461.2038       16692.4468       6.8624e-08       -2.3759 
12461.2038       16692.4468       7.2912e-08       -2.5399 
12461.2038       16692.4468       7.7201e-08       -2.7049 
16692.4468       22360.9371       0.0000e+00       0.0000 
16692.4468       22360.9371       3.4655e-12       -0.0001 
16692.4468       22360.9371       4.4909e-09       -0.1500 
16692.4468       22360.9371       8.9784e-09       -0.2999 
16692.4468       22360.9371       1.3466e-08       -0.4499 
16692.4468       22360.9371       1.7953e-08       -0.5999 
16692.4468       22360.9371       2.2441e-08       -0.7500 
16692.4468       22360.9371       2.6928e-08       -0.9001 
16692.4468       22360.9371       3.1416e-08       -1.0503 
16692.4468       22360.9371       3.5903e-08       -1.2006 
16692.4468       22360.9371       4.0391e-08       -1.3509 
16692.4468       22360.9371       4.4878e-08       -1.5012 
16692.4468       22360.9371       4.9366e-08       -1.6517 
16692.4468       22360.9371       5.3853e-08       -1.8021 
16692.4468       22360.9371       5.8341e-08       -1.9526 
16692.4468       22360.9371       6.2828e-08       -2.1032 
16692.4468       22360.9371       6.7316e-08       -2.2538 
16692.4468       22360.9371       7.1803e-08       -2.4044 
16692.4468       22360.9371       7.6291e-08       -2.5551 
16692.4468       22360.9371       8.0778e-08       -2.7059 
22360.9371       29953.6672       0.0000e+00       0.0000 
22360.9371       29953.6672       3.4985e-12       -0.0001 
22360.9371       29953.6672       6.8220e-09       -0.1446 
22360.9371       29953.6672       1.3641e-08       -0.2899 
22360.9371       29953.6672       2.0459e-08       -0.4361 
22360.9371       29953.6672       2.7278e-08       -0.5831 
22360.9371       29953.6672       3.4096e-08       -0.7308 
22360.9371       29953.6672       4.0915e-08       -0.8792 
22360.9371       29953.6672       4.7733e-08       -1.0283 
22360.9371       29953.6672       5.4552e-08       -1.1781 
22360.9371       29953.6672       6.1370e-08       -1.3284 
22360.9371       29953.6672       6.8189e-08       -1.4794 
22360.9371       29953.6672       7.5008e-08       -1.6309 
22360.9371       29953.6672       8.1826e-08       -1.7830 
22360.9371       29953.6672       8.8645e-08       -1.9356 
22360.9371       29953.6672       9.5463e-08       -2.0886 
22360.9371       29953.6672       1.0228e-07       -2.2422 
22360.9371       29953.6672       1.0910e-07       -2.3963 
22360.9371       29953.6672       1.1592e-07       -2.5508 
22360.9371       29953.6672       1.2274e-07       -2.7057 
29953.6672       40124.5339       0.0000e+00       0.0000 
29953.6672       40124.5339       3.1480e-12       -0.0001 
29953.6672       40124.5339       7.5150e-09       -0.1504 
29953.6672       40124.5339       1.5027e-08       -0.3007 
29953.6672       40124.5339       2.2539e-08       -0.4510 
29953.6672       40124.5339       3.0051e-08       -0.6013 
29953.6672       40124.5339       3.7562e-08       -0.7517 
29953.6672       40124.5339       4.5074e-08       -0.9020 
29953.6672       40124.5339       5.2586e-08       -1.0523 
29953.6672       40124.5339       6.0098e-08       -1.2026 
29953.6672       40124.5339       6.7610e-08       -1.3529 
29953.6672       40124.5339       7.5122e-08       -1.5033 
29953.6672       40124.5339       8.2633e-08       -1.6536 
29953.6672       40124.5339       9.0145e-08       -1.8039 
29953.6672       40124.5339       9.7657e-08       -1.9542 
29953.6672       40124.5339       1.0517e-07       -2.1046 
29953.6672       40124.5339       1.1268e-07       -2.2549 
29953.6672       40124.5339       1.2019e-07       -2.4052 
29953.6672       40124.5339       1.2770e-07       -2.5556 
29953.6672       40124.5339       1.3522e-07       -2.7059 
40124.5339       53748.9519       0.0000e+00       -0.0892 
40124.5339       53748.9519       3.4645e-12       -0.0892 
40124.5339       53748.9519       1.7859e-08       0.0000 
40124.5339       53748.9519       3.5714e-08       -0.0035 
40124.5339       53748.9519       5.3569e-08       -0.0612 
40124.5339       53748.9519       7.1424e-08       -0.1545 
40124.5339       53748.9519       8.9279e-08       -0.2729 
40124.5339       53748.9519       1.0713e-07       -0.4100 
40124.5339       53748.9519       1.2499e-07       -0.5616 
40124.5339       53748.9519       1.4284e-07       -0.7247 
40124.5339       53748.9519       1.6070e-07       -0.8973 
40124.5339       53748.9519       1.7855e-07       -1.0777 
40124.5339       53748.9519       1.9641e-07       -1.2646 
40124.5339       53748.9519       2.1427e-07       -1.4573 
40124.5339       53748.9519       2.3212e-07       -1.6549 
40124.5339       53748.9519       2.4998e-07       -1.8567 
40124.5339       53748.9519       2.6783e-07       -2.0623 
40124.5339       53748.9519       2.8569e-07       -2.2713 
40124.5339       53748.9519       3.0354e-07       -2.4833 
40124.5339       53748.9519       3.2140e-07       -2.6980 
53748.9519       72001.2440       0.0000e+00       0.0000 
53748.9519       72001.2440       2.4381e-12       -0.0000 
53748.9519       72001.2440       1.4463e-08       -0.1492 
53748.9519       72001.2440       2.8924e-08       -0.2985 
53748.9519       72001.2440       4.3384e-08       -0.4479 
53748.9519       72001.2440       5.7845e-08       -0.5975 
53748.9519       72001.2440       7.2306e-08       -0.7473 
53748.9519       72001.2440       8.6766e-08       -0.8972 
53748.9519       72001.2440       1.0123e-07       -1.0472 
53748.9519       72001.2440       1.1569e-07       -1.1974 
53748.9519       72001.2440       1.3015e-07       -1.3477 
53748.9519       72001.2440       1.4461e-07       -1.4981 
53748.9519       72001.2440       1.5907e-07       -1.6487 
53748.9519       72001.2440       1.7353e-07       -1.7993 
53748.9519       72001.2440       1.8799e-07       -1.9501 
53748.9519       72001.2440       2.0245e-07       -2.1011 
53748.9519       72001.2440       2.1691e-07       -2.2521 
53748.9519       72001.2440       2.3137e-07       -2.4032 
53748.9519       72001.2440       2.4583e-07       -2.5545 
53748.9519       72001.2440       2.6029e-07       -2.7059 
72001.2440       96449.5043       0.0000e+00       0.0000 
72001.2440       96449.5043       2.1087e-12       -0.0000 
72001.2440       96449.5043       1.7967e-08       -0.1503 
72001.2440       96449.5043       3.5932e-08       -0.3007 
72001.2440       96449.5043       5.3898e-08       -0.4510 
72001.2440       96449.5043       7.1863e-08       -0.6013 
72001.2440       96449.5043       8.9828e-08       -0.7516 
72001.2440       96449.5043       1.0779e-07       -0.9020 
72001.2440       96449.5043       1.2576e-07       -1.0523 
72001.2440       96449.5043       1.4372e-07       -1.2026 
72001.2440       96449.5043       1.6169e-07       -1.3530 
72001.2440       96449.5043       1.7965e-07       -1.5033 
72001.2440       96449.5043       1.9762e-07       -1.6536 
72001.2440       96449.5043       2.1558e-07       -1.8039 
72001.2440       96449.5043       2.3355e-07       -1.9543 
72001.2440       96449.5043       2.5151e-07       -2.1046 
72001.2440       96449.5043       2.6948e-07       -2.2549 
72001.2440       96449.5043       2.8745e-07       -2.4052 
72001.2440       96449.5043       3.0541e-07       -2.5556 
72001.2440       96449.5043       3.2338e-07       -2.7059 
96449.5043       129199.2522       0.0000e+00       0.0000 
96449.5043       129199.2522       1.8133e-12       -0.0000 
96449.5043       129199.2522       2.4615e-08       -0.1503 
96449.5043       129199.2522       4.9228e-08       -0.3006 
96449.5043       129199.2522       7.3841e-08       -0.4509 
96449.5043       129199.2522       9.8453e-08       -0.6012 
96449.5043       129199.2522       1.2307e-07       -0.7515 
96449.5043       129199.2522       1.4768e-07       -0.9018 
96449.5043       129199.2522       1.7229e-07       -1.0521 
96449.5043       129199.2522       1.9691e-07       -1.2025 
96449.5043       129199.2522       2.2152e-07       -1.3528 
96449.5043       129199.2522       2.4613e-07       -1.5031 
96449.5043       129199.2522       2.7074e-07       -1.6534 
96449.5043       129199.2522       2.9536e-07       -1.8038 
96449.5043       129199.2522       3.1997e-07       -1.9541 
96449.5043       129199.2522       3.4458e-07       -2.1045 
96449.5043       129199.2522       3.6920e-07       -2.2548 
96449.5043       129199.2522       3.9381e-07       -2.4052 
96449.5043       129199.2522       4.1842e-07       -2.5555 
96449.5043       129199.2522       4.4303e-07       -2.7059 
129199.2522       173069.2852       0.0000e+00       0.0000 
129199.2522       173069.2852       1.5497e-12       -0.0000 
129199.2522       173069.2852       3.3968e-08       -0.1500 
129199.2522       173069.2852       6.7934e-08       -0.3001 
129199.2522       173069.2852       1.0190e-07       -0.4502 
129199.2522       173069.2852       1.3587e-07       -0.6003 
129199.2522       173069.2852       1.6983e-07       -0.7505 
129199.2522       173069.2852       2.0380e-07       -0.9007 
129199.2522       173069.2852       2.3777e-07       -1.0510 
129199.2522       173069.2852       2.7173e-07       -1.2013 
129199.2522       173069.2852       3.0570e-07       -1.3516 
129199.2522       173069.2852       3.3967e-07       -1.5019 
129199.2522       173069.2852       3.7363e-07       -1.6523 
129199.2522       173069.2852       4.0760e-07       -1.8027 
129199.2522       173069.2852       4.4157e-07       -1.9532 
129199.2522       173069.2852       4.7553e-07       -2.1037 
129199.2522       173069.2852       5.0950e-07       -2.2542 
129199.2522       173069.2852       5.4346e-07       -2.4047 
129199.2522       173069.2852       5.7743e-07       -2.5553 
129199.2522       173069.2852       6.1140e-07       -2.7059 
173069.2852       231840.8711       0.0000e+00       0.0000 
173069.2852       231840.8711       1.3196e-12       -0.0000 
173069.2852       231840.8711       4.3876e-08       -0.1503 
173069.2852       231840.8711       8.7750e-08       -0.3007 
173069.2852       231840.8711       1.3163e-07       -0.4510 
173069.2852       231840.8711       1.7550e-07       -0.6013 
173069.2852       231840.8711       2.1937e-07       -0.7516 
173069.2852       231840.8711       2.6325e-07       -0.9020 
173069.2852       231840.8711       3.0712e-07       -1.0523 
173069.2852       231840.8711       3.5100e-07       -1.2026 
173069.2852       231840.8711       3.9487e-07       -1.3529 
173069.2852       231840.8711       4.3875e-07       -1.5033 
173069.2852       231840.8711       4.8262e-07       -1.6536 
173069.2852       231840.8711       5.2650e-07       -1.8039 
173069.2852       231840.8711       5.7037e-07       -1.9543 
173069.2852       231840.8711       6.1425e-07       -2.1046 
173069.2852       231840.8711       6.5812e-07       -2.2549 
173069.2852       231840.8711       7.0199e-07       -2.4052 
173069.2852       231840.8711       7.4587e-07       -2.5556 
173069.2852       231840.8711       7.8974e-07       -2.7059 
231840.8711       310563.2050       0.0000e+00       -0.0000 
231840.8711       310563.2050       1.1213e-12       0.0000 
231840.8711       310563.2050       5.9039e-08       -0.1503 
231840.8711       310563.2050       1.1808e-07       -0.3007 
231840.8711       310563.2050       1.7712e-07       -0.4510 
231840.8711       310563.2050       2.3615e-07       -0.6013 
231840.8711       310563.2050       2.9519e-07       -0.7516 
231840.8711       310563.2050       3.5423e-07       -0.9020 
231840.8711       310563.2050       4.1327e-07       -1.0523 
231840.8711       310563.2050       4.7230e-07       -1.2026 
231840.8711       310563.2050       5.3134e-07       -1.3530 
231840.8711       310563.2050       5.9038e-07       -1.5033 
231840.8711       310563.2050       6.4942e-07       -1.6536 
231840.8711       310563.2050       7.0846e-07       -1.8039 
231840.8711       310563.2050       7.6749e-07       -1.9543 
231840.8711       310563.2050       8.2653e-07       -2.1046 
231840.8711       310563.2050       8.8557e-07       -2.2549 
231840.8711       310563.2050       9.4461e-07       -2.4052 
231840.8711       310563.2050       1.0036e-06       -2.5556 
231840.8711       310563.2050       1.0627e-06       -2.7059 
310563.2050       416015.9675       0.0000e+00       -0.0000 
310563.2050       416015.9675       9.4717e-13       0.0000 
310563.2050       416015.9675       7.9683e-08       -0.1503 
310563.2050       416015.9675       1.5936e-07       -0.3007 
310563.2050       416015.9675       2.3905e-07       -0.4510 
310563.2050       416015.9675       3.1873e-07       -0.6013 
310563.2050       416015.9675       3.9841e-07       -0.7516 
310563.2050       416015.9675       4.7809e-07       -0.9020 
310563.2050       416015.9675       5.5777e-07       -1.0523 
310563.2050       416015.9675       6.3746e-07       -1.2026 
310563.2050       416015.9675       7.1714e-07       -1.3530 
310563.2050       416015.9675       7.9682e-07       -1.5033 
310563.2050       416015.9675       8.7650e-07       -1.6536 
310563.2050       416015.9675       9.5618e-07       -1.8039 
310563.2050       416015.9675       1.0359e-06       -1.9543 
310563.2050       416015.9675       1.1155e-06       -2.1046 
310563.2050       416015.9675       1.1952e-06       -2.2549 
310563.2050       416015.9675       1.2749e-06       -2.4052 
310563.2050       416015.9675       1.3546e-06       -2.5556 
310563.2050       416015.9675       1.4343e-06       -2.7059 
416015.9675       557275.5639       0.0000e+00       -0.0000 
416015.9675       557275.5639       7.9926e-13       0.0000 
416015.9675       557275.5639       1.0821e-07       -0.1503 
416015.9675       557275.5639       2.1642e-07       -0.3007 
416015.9675       557275.5639       3.2463e-07       -0.4510 
416015.9675       557275.5639       4.3284e-07       -0.6013 
416015.9675       557275.5639       5.4105e-07       -0.7516 
416015.9675       557275.5639       6.4926e-07       -0.9020 
416015.9675       557275.5639       7.5746e-07       -1.0523 
416015.9675       557275.5639       8.6567e-07       -1.2026 
416015.9675       557275.5639       9.7388e-07       -1.3529 
416015.9675       557275.5639       1.0821e-06       -1.5033 
416015.9675       557275.5639       1.1903e-06       -1.6536 
416015.9675       557275.5639       1.2985e-06       -1.8039 
416015.9675       557275.5639       1.4067e-06       -1.9542 
416015.9675       557275.5639       1.5149e-06       -2.1046 
416015.9675       557275.5639       1.6231e-06       -2.2549 
416015.9675       557275.5639       1.7313e-06       -2.4052 
416015.9675       557275.5639       1.8396e-06       -2.5555 
416015.9675       557275.5639       1.9478e-06       -2.7059 
557275.5639       746517.5120       0.0000e+00       -0.0000 
557275.5639       746517.5120       6.7443e-13       0.0000 
557275.5639       746517.5120       1.4834e-07       -0.1503 
557275.5639       746517.5120       2.9668e-07       -0.3007 
557275.5639       746517.5120       4.4502e-07       -0.4510 
557275.5639       746517.5120       5.9336e-07       -0.6013 
557275.5639       746517.5120       7.4170e-07       -0.7516 
557275.5639       746517.5120       8.9005e-07       -0.9020 
557275.5639       746517.5120       1.0384e-06       -1.0523 
557275.5639       746517.5120       1.1867e-06       -1.2026 
557275.5639       746517.5120       1.3351e-06       -1.3529 
557275.5639       746517.5120       1.4834e-06       -1.5033 
557275.5639       746517.5120       1.6317e-06       -1.6536 
557275.5639       746517.5120       1.7801e-06       -1.8039 
557275.5639       746517.5120       1.9284e-06       -1.9543 
557275.5639       746517.5120       2.0768e-06       -2.1046 
557275.5639       746517.5120       2.2251e-06       -2.2549 
557275.5639       746517.5120       2.3735e-06       -2.4052 
557275.5639       746517.5120       2.5218e-06       -2.5556 
557275.5639       746517.5120       2.6701e-06       -2.7059 
746517.5120       1000000.0000       0.0000e+00       -0.0000 
746517.5120       1000000.0000       5.6883e-13       0.0000 
746517.5120       1000000.0000       2.1445e-07       -0.1503 
746517.5120       1000000.0000       4.2889e-07       -0.3007 
746517.5120       1000000.0000       6.4334e-07       -0.4510 
746517.5120       1000000.0000       8.5778e-07       -0.6013 
746517.5120       1000000.0000       1.0722e-06       -0.7516 
746517.5120       1000000.0000       1.2867e-06       -0.9020 
746517.5120       1000000.0000       1.5011e-06       -1.0523 
746517.5120       1000000.0000       1.7156e-06       -1.2026 
746517.5120       1000000.0000       1.9300e-06       -1.3529 
746517.5120       1000000.0000       2.1445e-06       -1.5033 
746517.5120       1000000.0000       2.3589e-06       -1.6536 
746517.5120       1000000.0000       2.5734e-06       -1.8039 
746517.5120       1000000.0000       2.7878e-06       -1.9543 
746517.5120       1000000.0000       3.0022e-06       -2.1046 
746517.5120       1000000.0000       3.2167e-06       -2.2549 
746517.5120       1000000.0000       3.4311e-06       -2.4052 
746517.5120       1000000.0000       3.6456e-06       -2.5556 
746517.5120       1000000.0000       3.8600e-06       -2.7059 
