#Ursa_Minor  Log10(Jfactor)=18.750   sigmaJ=0.120 
#[0]emin(MeV) [1]emax(MeV) [2]eflux(MeV/cm^2/s) [3]deltaLogLike 
500.0000       669.7766       0.0000e+00       0.0000 
500.0000       669.7766       7.5642e-11       -0.0009 
500.0000       669.7766       3.2996e-09       -0.0463 
500.0000       669.7766       6.5235e-09       -0.1057 
500.0000       669.7766       9.7474e-09       -0.1787 
500.0000       669.7766       1.2971e-08       -0.2650 
500.0000       669.7766       1.6195e-08       -0.3641 
500.0000       669.7766       1.9419e-08       -0.4759 
500.0000       669.7766       2.2643e-08       -0.6000 
500.0000       669.7766       2.5867e-08       -0.7361 
500.0000       669.7766       2.9091e-08       -0.8839 
500.0000       669.7766       3.2315e-08       -1.0432 
500.0000       669.7766       3.5539e-08       -1.2138 
500.0000       669.7766       3.8763e-08       -1.3953 
500.0000       669.7766       4.1987e-08       -1.5875 
500.0000       669.7766       4.5210e-08       -1.7903 
500.0000       669.7766       4.8434e-08       -2.0035 
500.0000       669.7766       5.1658e-08       -2.2267 
500.0000       669.7766       5.4882e-08       -2.4600 
500.0000       669.7766       5.8106e-08       -2.7029 
669.7766       897.2222       0.0000e+00       0.0000 
669.7766       897.2222       1.2935e-11       -0.0002 
669.7766       897.2222       2.5583e-09       -0.0468 
669.7766       897.2222       5.1037e-09       -0.1081 
669.7766       897.2222       7.6491e-09       -0.1833 
669.7766       897.2222       1.0194e-08       -0.2720 
669.7766       897.2222       1.2740e-08       -0.3737 
669.7766       897.2222       1.5285e-08       -0.4879 
669.7766       897.2222       1.7831e-08       -0.6142 
669.7766       897.2222       2.0376e-08       -0.7522 
669.7766       897.2222       2.2921e-08       -0.9015 
669.7766       897.2222       2.5467e-08       -1.0618 
669.7766       897.2222       2.8012e-08       -1.2327 
669.7766       897.2222       3.0557e-08       -1.4140 
669.7766       897.2222       3.3103e-08       -1.6052 
669.7766       897.2222       3.5648e-08       -1.8063 
669.7766       897.2222       3.8194e-08       -2.0168 
669.7766       897.2222       4.0739e-08       -2.2366 
669.7766       897.2222       4.3284e-08       -2.4655 
669.7766       897.2222       4.5830e-08       -2.7031 
897.2222       1201.8769       0.0000e+00       0.0000 
897.2222       1201.8769       6.6344e-14       -0.0000 
897.2222       1201.8769       1.9324e-09       -0.0789 
897.2222       1201.8769       3.8647e-09       -0.1680 
897.2222       1201.8769       5.7971e-09       -0.2669 
897.2222       1201.8769       7.7294e-09       -0.3751 
897.2222       1201.8769       9.6617e-09       -0.4923 
897.2222       1201.8769       1.1594e-08       -0.6181 
897.2222       1201.8769       1.3526e-08       -0.7522 
897.2222       1201.8769       1.5459e-08       -0.8943 
897.2222       1201.8769       1.7391e-08       -1.0442 
897.2222       1201.8769       1.9323e-08       -1.2017 
897.2222       1201.8769       2.1256e-08       -1.3663 
897.2222       1201.8769       2.3188e-08       -1.5380 
897.2222       1201.8769       2.5120e-08       -1.7166 
897.2222       1201.8769       2.7053e-08       -1.9018 
897.2222       1201.8769       2.8985e-08       -2.0934 
897.2222       1201.8769       3.0917e-08       -2.2913 
897.2222       1201.8769       3.2850e-08       -2.4952 
897.2222       1201.8769       3.4782e-08       -2.7052 
1201.8769       1609.9782       0.0000e+00       -0.0038 
1201.8769       1609.9782       8.1871e-10       0.0000 
1201.8769       1609.9782       3.0317e-09       -0.0078 
1201.8769       1609.9782       5.2447e-09       -0.0399 
1201.8769       1609.9782       7.4576e-09       -0.0940 
1201.8769       1609.9782       9.6706e-09       -0.1682 
1201.8769       1609.9782       1.1884e-08       -0.2609 
1201.8769       1609.9782       1.4097e-08       -0.3708 
1201.8769       1609.9782       1.6310e-08       -0.4966 
1201.8769       1609.9782       1.8523e-08       -0.6374 
1201.8769       1609.9782       2.0735e-08       -0.7922 
1201.8769       1609.9782       2.2948e-08       -0.9603 
1201.8769       1609.9782       2.5161e-08       -1.1409 
1201.8769       1609.9782       2.7374e-08       -1.3333 
1201.8769       1609.9782       2.9587e-08       -1.5370 
1201.8769       1609.9782       3.1800e-08       -1.7514 
1201.8769       1609.9782       3.4013e-08       -1.9760 
1201.8769       1609.9782       3.6226e-08       -2.2104 
1201.8769       1609.9782       3.8439e-08       -2.4542 
1201.8769       1609.9782       4.0652e-08       -2.7070 
1609.9782       2156.6516       0.0000e+00       -0.0000 
1609.9782       2156.6516       2.5434e-15       0.0000 
1609.9782       2156.6516       9.5922e-10       -0.1236 
1609.9782       2156.6516       1.9184e-09       -0.2515 
1609.9782       2156.6516       2.8776e-09       -0.3834 
1609.9782       2156.6516       3.8369e-09       -0.5190 
1609.9782       2156.6516       4.7961e-09       -0.6580 
1609.9782       2156.6516       5.7553e-09       -0.8003 
1609.9782       2156.6516       6.7145e-09       -0.9456 
1609.9782       2156.6516       7.6737e-09       -1.0938 
1609.9782       2156.6516       8.6329e-09       -1.2447 
1609.9782       2156.6516       9.5922e-09       -1.3982 
1609.9782       2156.6516       1.0551e-08       -1.5541 
1609.9782       2156.6516       1.1511e-08       -1.7124 
1609.9782       2156.6516       1.2470e-08       -1.8729 
1609.9782       2156.6516       1.3429e-08       -2.0355 
1609.9782       2156.6516       1.4388e-08       -2.2002 
1609.9782       2156.6516       1.5347e-08       -2.3668 
1609.9782       2156.6516       1.6307e-08       -2.5353 
1609.9782       2156.6516       1.7266e-08       -2.7057 
2156.6516       2889.0164       0.0000e+00       -0.1269 
2156.6516       2889.0164       5.6707e-09       0.0000 
2156.6516       2889.0164       7.7648e-09       -0.0146 
2156.6516       2889.0164       9.8588e-09       -0.0550 
2156.6516       2889.0164       1.1953e-08       -0.1181 
2156.6516       2889.0164       1.4047e-08       -0.2013 
2156.6516       2889.0164       1.6141e-08       -0.3025 
2156.6516       2889.0164       1.8235e-08       -0.4198 
2156.6516       2889.0164       2.0329e-08       -0.5519 
2156.6516       2889.0164       2.2423e-08       -0.6974 
2156.6516       2889.0164       2.4517e-08       -0.8553 
2156.6516       2889.0164       2.6611e-08       -1.0245 
2156.6516       2889.0164       2.8705e-08       -1.2043 
2156.6516       2889.0164       3.0800e-08       -1.3939 
2156.6516       2889.0164       3.2894e-08       -1.5927 
2156.6516       2889.0164       3.4988e-08       -1.8002 
2156.6516       2889.0164       3.7082e-08       -2.0156 
2156.6516       2889.0164       3.9176e-08       -2.2387 
2156.6516       2889.0164       4.1270e-08       -2.4690 
2156.6516       2889.0164       4.3364e-08       -2.7061 
2889.0164       3869.9914       0.0000e+00       -0.0000 
2889.0164       3869.9914       8.5499e-15       0.0000 
2889.0164       3869.9914       1.5835e-09       -0.1275 
2889.0164       3869.9914       3.1670e-09       -0.2582 
2889.0164       3869.9914       4.7505e-09       -0.3921 
2889.0164       3869.9914       6.3340e-09       -0.5289 
2889.0164       3869.9914       7.9175e-09       -0.6686 
2889.0164       3869.9914       9.5010e-09       -0.8110 
2889.0164       3869.9914       1.1084e-08       -0.9562 
2889.0164       3869.9914       1.2668e-08       -1.1039 
2889.0164       3869.9914       1.4251e-08       -1.2541 
2889.0164       3869.9914       1.5835e-08       -1.4067 
2889.0164       3869.9914       1.7418e-08       -1.5616 
2889.0164       3869.9914       1.9002e-08       -1.7188 
2889.0164       3869.9914       2.0585e-08       -1.8782 
2889.0164       3869.9914       2.2169e-08       -2.0397 
2889.0164       3869.9914       2.3752e-08       -2.2033 
2889.0164       3869.9914       2.5336e-08       -2.3688 
2889.0164       3869.9914       2.6919e-08       -2.5364 
2889.0164       3869.9914       2.8503e-08       -2.7058 
3869.9914       5184.0598       0.0000e+00       -0.2791 
3869.9914       5184.0598       4.1098e-09       0.0000 
3869.9914       5184.0598       5.8493e-09       -0.0255 
3869.9914       5184.0598       7.5889e-09       -0.0899 
3869.9914       5184.0598       9.3284e-09       -0.1814 
3869.9914       5184.0598       1.1068e-08       -0.2929 
3869.9914       5184.0598       1.2808e-08       -0.4197 
3869.9914       5184.0598       1.4547e-08       -0.5588 
3869.9914       5184.0598       1.6287e-08       -0.7078 
3869.9914       5184.0598       1.8026e-08       -0.8651 
3869.9914       5184.0598       1.9766e-08       -1.0294 
3869.9914       5184.0598       2.1505e-08       -1.1997 
3869.9914       5184.0598       2.3245e-08       -1.3753 
3869.9914       5184.0598       2.4984e-08       -1.5554 
3869.9914       5184.0598       2.6724e-08       -1.7396 
3869.9914       5184.0598       2.8464e-08       -1.9274 
3869.9914       5184.0598       3.0203e-08       -2.1184 
3869.9914       5184.0598       3.1943e-08       -2.3124 
3869.9914       5184.0598       3.3682e-08       -2.5091 
3869.9914       5184.0598       3.5422e-08       -2.7082 
5184.0598       6944.3244       0.0000e+00       0.0000 
5184.0598       6944.3244       3.6467e-14       -0.0000 
5184.0598       6944.3244       1.5638e-09       -0.1415 
5184.0598       6944.3244       3.1276e-09       -0.2844 
5184.0598       6944.3244       4.6913e-09       -0.4285 
5184.0598       6944.3244       6.2551e-09       -0.5738 
5184.0598       6944.3244       7.8189e-09       -0.7203 
5184.0598       6944.3244       9.3826e-09       -0.8678 
5184.0598       6944.3244       1.0946e-08       -1.0163 
5184.0598       6944.3244       1.2510e-08       -1.1658 
5184.0598       6944.3244       1.4074e-08       -1.3163 
5184.0598       6944.3244       1.5638e-08       -1.4676 
5184.0598       6944.3244       1.7201e-08       -1.6197 
5184.0598       6944.3244       1.8765e-08       -1.7727 
5184.0598       6944.3244       2.0329e-08       -1.9264 
5184.0598       6944.3244       2.1893e-08       -2.0809 
5184.0598       6944.3244       2.3457e-08       -2.2361 
5184.0598       6944.3244       2.5020e-08       -2.3920 
5184.0598       6944.3244       2.6584e-08       -2.5485 
5184.0598       6944.3244       2.8148e-08       -2.7056 
6944.3244       9302.5069       0.0000e+00       0.0000 
6944.3244       9302.5069       2.2654e-14       -0.0000 
6944.3244       9302.5069       2.4719e-09       -0.1113 
6944.3244       9302.5069       4.9438e-09       -0.2302 
6944.3244       9302.5069       7.4157e-09       -0.3557 
6944.3244       9302.5069       9.8876e-09       -0.4870 
6944.3244       9302.5069       1.2360e-08       -0.6235 
6944.3244       9302.5069       1.4831e-08       -0.7646 
6944.3244       9302.5069       1.7303e-08       -0.9099 
6944.3244       9302.5069       1.9775e-08       -1.0591 
6944.3244       9302.5069       2.2247e-08       -1.2117 
6944.3244       9302.5069       2.4719e-08       -1.3676 
6944.3244       9302.5069       2.7191e-08       -1.5264 
6944.3244       9302.5069       2.9663e-08       -1.6879 
6944.3244       9302.5069       3.2135e-08       -1.8520 
6944.3244       9302.5069       3.4607e-08       -2.0184 
6944.3244       9302.5069       3.7079e-08       -2.1871 
6944.3244       9302.5069       3.9550e-08       -2.3578 
6944.3244       9302.5069       4.2022e-08       -2.5305 
6944.3244       9302.5069       4.4494e-08       -2.7050 
9302.5069       12461.2038       0.0000e+00       0.0000 
9302.5069       12461.2038       2.3257e-13       -0.0000 
9302.5069       12461.2038       3.1202e-09       -0.1219 
9302.5069       12461.2038       6.2403e-09       -0.2491 
9302.5069       12461.2038       9.3603e-09       -0.3808 
9302.5069       12461.2038       1.2480e-08       -0.5168 
9302.5069       12461.2038       1.5600e-08       -0.6565 
9302.5069       12461.2038       1.8720e-08       -0.7996 
9302.5069       12461.2038       2.1840e-08       -0.9458 
9302.5069       12461.2038       2.4960e-08       -1.0949 
9302.5069       12461.2038       2.8080e-08       -1.2467 
9302.5069       12461.2038       3.1200e-08       -1.4008 
9302.5069       12461.2038       3.4320e-08       -1.5573 
9302.5069       12461.2038       3.7440e-08       -1.7158 
9302.5069       12461.2038       4.0560e-08       -1.8764 
9302.5069       12461.2038       4.3680e-08       -2.0388 
9302.5069       12461.2038       4.6800e-08       -2.2030 
9302.5069       12461.2038       4.9920e-08       -2.3688 
9302.5069       12461.2038       5.3040e-08       -2.5362 
9302.5069       12461.2038       5.6160e-08       -2.7051 
12461.2038       16692.4468       0.0000e+00       0.0000 
12461.2038       16692.4468       3.2633e-13       -0.0000 
12461.2038       16692.4468       2.7597e-09       -0.1499 
12461.2038       16692.4468       5.5191e-09       -0.2998 
12461.2038       16692.4468       8.2785e-09       -0.4498 
12461.2038       16692.4468       1.1038e-08       -0.5998 
12461.2038       16692.4468       1.3797e-08       -0.7499 
12461.2038       16692.4468       1.6557e-08       -0.9001 
12461.2038       16692.4468       1.9316e-08       -1.0503 
12461.2038       16692.4468       2.2076e-08       -1.2005 
12461.2038       16692.4468       2.4835e-08       -1.3508 
12461.2038       16692.4468       2.7594e-08       -1.5012 
12461.2038       16692.4468       3.0354e-08       -1.6516 
12461.2038       16692.4468       3.3113e-08       -1.8021 
12461.2038       16692.4468       3.5873e-08       -1.9526 
12461.2038       16692.4468       3.8632e-08       -2.1031 
12461.2038       16692.4468       4.1391e-08       -2.2538 
12461.2038       16692.4468       4.4151e-08       -2.4044 
12461.2038       16692.4468       4.6910e-08       -2.5551 
12461.2038       16692.4468       4.9670e-08       -2.7059 
16692.4468       22360.9371       0.0000e+00       -1.3139 
16692.4468       22360.9371       3.1009e-09       -0.7835 
16692.4468       22360.9371       6.2018e-09       -0.4956 
16692.4468       22360.9371       9.3027e-09       -0.3143 
16692.4468       22360.9371       1.2404e-08       -0.1935 
16692.4468       22360.9371       1.5504e-08       -0.1117 
16692.4468       22360.9371       1.8605e-08       -0.0573 
16692.4468       22360.9371       2.1706e-08       -0.0235 
16692.4468       22360.9371       2.4807e-08       -0.0054 
16692.4468       22360.9371       2.7908e-08       0.0000 
16692.4468       22360.9371       4.0336e-08       -0.0674 
16692.4468       22360.9371       5.2764e-08       -0.2272 
16692.4468       22360.9371       6.5192e-08       -0.4449 
16692.4468       22360.9371       7.7621e-08       -0.7027 
16692.4468       22360.9371       9.0049e-08       -0.9905 
16692.4468       22360.9371       1.0248e-07       -1.3017 
16692.4468       22360.9371       1.1491e-07       -1.6318 
16692.4468       22360.9371       1.2733e-07       -1.9775 
16692.4468       22360.9371       1.3976e-07       -2.3366 
16692.4468       22360.9371       1.5219e-07       -2.7070 
22360.9371       29953.6672       0.0000e+00       0.0000 
22360.9371       29953.6672       1.4733e-12       -0.0000 
22360.9371       29953.6672       6.9004e-09       -0.0707 
22360.9371       29953.6672       1.3799e-08       -0.1627 
22360.9371       29953.6672       2.0698e-08       -0.2711 
22360.9371       29953.6672       2.7597e-08       -0.3923 
22360.9371       29953.6672       3.4496e-08       -0.5238 
22360.9371       29953.6672       4.1395e-08       -0.6638 
22360.9371       29953.6672       4.8294e-08       -0.8110 
22360.9371       29953.6672       5.5193e-08       -0.9643 
22360.9371       29953.6672       6.2091e-08       -1.1229 
22360.9371       29953.6672       6.8990e-08       -1.2860 
22360.9371       29953.6672       7.5889e-08       -1.4531 
22360.9371       29953.6672       8.2788e-08       -1.6238 
22360.9371       29953.6672       8.9687e-08       -1.7976 
22360.9371       29953.6672       9.6586e-08       -1.9743 
22360.9371       29953.6672       1.0348e-07       -2.1536 
22360.9371       29953.6672       1.1038e-07       -2.3351 
22360.9371       29953.6672       1.1728e-07       -2.5188 
22360.9371       29953.6672       1.2418e-07       -2.7045 
29953.6672       40124.5339       0.0000e+00       0.0000 
29953.6672       40124.5339       4.8488e-13       -0.0000 
29953.6672       40124.5339       5.8743e-09       -0.1503 
29953.6672       40124.5339       1.1748e-08       -0.3007 
29953.6672       40124.5339       1.7622e-08       -0.4510 
29953.6672       40124.5339       2.3496e-08       -0.6013 
29953.6672       40124.5339       2.9370e-08       -0.7516 
29953.6672       40124.5339       3.5243e-08       -0.9019 
29953.6672       40124.5339       4.1117e-08       -1.0523 
29953.6672       40124.5339       4.6991e-08       -1.2026 
29953.6672       40124.5339       5.2865e-08       -1.3529 
29953.6672       40124.5339       5.8739e-08       -1.5033 
29953.6672       40124.5339       6.4613e-08       -1.6536 
29953.6672       40124.5339       7.0486e-08       -1.8039 
29953.6672       40124.5339       7.6360e-08       -1.9542 
29953.6672       40124.5339       8.2234e-08       -2.1046 
29953.6672       40124.5339       8.8108e-08       -2.2549 
29953.6672       40124.5339       9.3982e-08       -2.4052 
29953.6672       40124.5339       9.9855e-08       -2.5556 
29953.6672       40124.5339       1.0573e-07       -2.7059 
40124.5339       53748.9519       0.0000e+00       -3.2479 
40124.5339       53748.9519       8.5000e-11       -3.1422 
40124.5339       53748.9519       6.4492e-09       -1.1106 
40124.5339       53748.9519       1.2813e-08       -0.6006 
40124.5339       53748.9519       1.9178e-08       -0.3391 
40124.5339       53748.9519       2.5542e-08       -0.1851 
40124.5339       53748.9519       3.1906e-08       -0.0914 
40124.5339       53748.9519       3.8270e-08       -0.0364 
40124.5339       53748.9519       4.4634e-08       -0.0083 
40124.5339       53748.9519       5.0999e-08       0.0000 
40124.5339       53748.9519       7.3071e-08       -0.0711 
40124.5339       53748.9519       9.5142e-08       -0.2357 
40124.5339       53748.9519       1.1721e-07       -0.4547 
40124.5339       53748.9519       1.3929e-07       -0.7093 
40124.5339       53748.9519       1.6136e-07       -0.9890 
40124.5339       53748.9519       1.8343e-07       -1.2874 
40124.5339       53748.9519       2.0550e-07       -1.6003 
40124.5339       53748.9519       2.2757e-07       -1.9246 
40124.5339       53748.9519       2.4965e-07       -2.2584 
40124.5339       53748.9519       2.7172e-07       -2.5999 
53748.9519       72001.2440       0.0000e+00       -0.0000 
53748.9519       72001.2440       1.5905e-13       0.0000 
53748.9519       72001.2440       1.1119e-08       -0.1499 
53748.9519       72001.2440       2.2238e-08       -0.2998 
53748.9519       72001.2440       3.3357e-08       -0.4499 
53748.9519       72001.2440       4.4476e-08       -0.5999 
53748.9519       72001.2440       5.5595e-08       -0.7500 
53748.9519       72001.2440       6.6714e-08       -0.9002 
53748.9519       72001.2440       7.7833e-08       -1.0504 
53748.9519       72001.2440       8.8952e-08       -1.2007 
53748.9519       72001.2440       1.0007e-07       -1.3510 
53748.9519       72001.2440       1.1119e-07       -1.5013 
53748.9519       72001.2440       1.2231e-07       -1.6517 
53748.9519       72001.2440       1.3343e-07       -1.8022 
53748.9519       72001.2440       1.4455e-07       -1.9527 
53748.9519       72001.2440       1.5567e-07       -2.1032 
53748.9519       72001.2440       1.6679e-07       -2.2538 
53748.9519       72001.2440       1.7790e-07       -2.4045 
53748.9519       72001.2440       1.8902e-07       -2.5552 
53748.9519       72001.2440       2.0014e-07       -2.7059 
72001.2440       96449.5043       0.0000e+00       -0.0000 
72001.2440       96449.5043       6.1416e-13       0.0000 
72001.2440       96449.5043       1.4241e-08       -0.1503 
72001.2440       96449.5043       2.8481e-08       -0.3006 
72001.2440       96449.5043       4.2722e-08       -0.4509 
72001.2440       96449.5043       5.6962e-08       -0.6012 
72001.2440       96449.5043       7.1202e-08       -0.7515 
72001.2440       96449.5043       8.5443e-08       -0.9018 
72001.2440       96449.5043       9.9683e-08       -1.0522 
72001.2440       96449.5043       1.1392e-07       -1.2025 
72001.2440       96449.5043       1.2816e-07       -1.3528 
72001.2440       96449.5043       1.4240e-07       -1.5031 
72001.2440       96449.5043       1.5664e-07       -1.6535 
72001.2440       96449.5043       1.7088e-07       -1.8038 
72001.2440       96449.5043       1.8513e-07       -1.9541 
72001.2440       96449.5043       1.9937e-07       -2.1045 
72001.2440       96449.5043       2.1361e-07       -2.2548 
72001.2440       96449.5043       2.2785e-07       -2.4052 
72001.2440       96449.5043       2.4209e-07       -2.5555 
72001.2440       96449.5043       2.5633e-07       -2.7059 
96449.5043       129199.2522       0.0000e+00       0.0000 
96449.5043       129199.2522       3.0244e-13       -0.0000 
96449.5043       129199.2522       1.9008e-08       -0.1503 
96449.5043       129199.2522       3.8015e-08       -0.3006 
96449.5043       129199.2522       5.7022e-08       -0.4510 
96449.5043       129199.2522       7.6030e-08       -0.6013 
96449.5043       129199.2522       9.5037e-08       -0.7516 
96449.5043       129199.2522       1.1404e-07       -0.9019 
96449.5043       129199.2522       1.3305e-07       -1.0523 
96449.5043       129199.2522       1.5206e-07       -1.2026 
96449.5043       129199.2522       1.7107e-07       -1.3529 
96449.5043       129199.2522       1.9007e-07       -1.5032 
96449.5043       129199.2522       2.0908e-07       -1.6536 
96449.5043       129199.2522       2.2809e-07       -1.8039 
96449.5043       129199.2522       2.4710e-07       -1.9542 
96449.5043       129199.2522       2.6610e-07       -2.1046 
96449.5043       129199.2522       2.8511e-07       -2.2549 
96449.5043       129199.2522       3.0412e-07       -2.4052 
96449.5043       129199.2522       3.2312e-07       -2.5556 
96449.5043       129199.2522       3.4213e-07       -2.7059 
129199.2522       173069.2852       0.0000e+00       -0.0000 
129199.2522       173069.2852       1.1445e-13       0.0000 
129199.2522       173069.2852       2.5428e-08       -0.1503 
129199.2522       173069.2852       5.0856e-08       -0.3007 
129199.2522       173069.2852       7.6283e-08       -0.4510 
129199.2522       173069.2852       1.0171e-07       -0.6013 
129199.2522       173069.2852       1.2714e-07       -0.7516 
129199.2522       173069.2852       1.5257e-07       -0.9020 
129199.2522       173069.2852       1.7799e-07       -1.0523 
129199.2522       173069.2852       2.0342e-07       -1.2026 
129199.2522       173069.2852       2.2885e-07       -1.3529 
129199.2522       173069.2852       2.5428e-07       -1.5033 
129199.2522       173069.2852       2.7971e-07       -1.6536 
129199.2522       173069.2852       3.0513e-07       -1.8039 
129199.2522       173069.2852       3.3056e-07       -1.9543 
129199.2522       173069.2852       3.5599e-07       -2.1046 
129199.2522       173069.2852       3.8142e-07       -2.2549 
129199.2522       173069.2852       4.0684e-07       -2.4052 
129199.2522       173069.2852       4.3227e-07       -2.5556 
129199.2522       173069.2852       4.5770e-07       -2.7059 
173069.2852       231840.8711       0.0000e+00       0.0000 
173069.2852       231840.8711       3.5427e-13       -0.0000 
173069.2852       231840.8711       3.4120e-08       -0.1503 
173069.2852       231840.8711       6.8240e-08       -0.3007 
173069.2852       231840.8711       1.0236e-07       -0.4510 
173069.2852       231840.8711       1.3648e-07       -0.6013 
173069.2852       231840.8711       1.7060e-07       -0.7516 
173069.2852       231840.8711       2.0472e-07       -0.9020 
173069.2852       231840.8711       2.3884e-07       -1.0523 
173069.2852       231840.8711       2.7296e-07       -1.2026 
173069.2852       231840.8711       3.0708e-07       -1.3529 
173069.2852       231840.8711       3.4120e-07       -1.5033 
173069.2852       231840.8711       3.7532e-07       -1.6536 
173069.2852       231840.8711       4.0944e-07       -1.8039 
173069.2852       231840.8711       4.4356e-07       -1.9543 
173069.2852       231840.8711       4.7768e-07       -2.1046 
173069.2852       231840.8711       5.1180e-07       -2.2549 
173069.2852       231840.8711       5.4592e-07       -2.4052 
173069.2852       231840.8711       5.8004e-07       -2.5556 
173069.2852       231840.8711       6.1416e-07       -2.7059 
231840.8711       310563.2050       0.0000e+00       -0.0000 
231840.8711       310563.2050       5.7208e-14       0.0000 
231840.8711       310563.2050       4.5829e-08       -0.1503 
231840.8711       310563.2050       9.1658e-08       -0.3007 
231840.8711       310563.2050       1.3749e-07       -0.4510 
231840.8711       310563.2050       1.8332e-07       -0.6013 
231840.8711       310563.2050       2.2915e-07       -0.7516 
231840.8711       310563.2050       2.7497e-07       -0.9020 
231840.8711       310563.2050       3.2080e-07       -1.0523 
231840.8711       310563.2050       3.6663e-07       -1.2026 
231840.8711       310563.2050       4.1246e-07       -1.3529 
231840.8711       310563.2050       4.5829e-07       -1.5033 
231840.8711       310563.2050       5.0412e-07       -1.6536 
231840.8711       310563.2050       5.4995e-07       -1.8039 
231840.8711       310563.2050       5.9578e-07       -1.9543 
231840.8711       310563.2050       6.4161e-07       -2.1046 
231840.8711       310563.2050       6.8744e-07       -2.2549 
231840.8711       310563.2050       7.3326e-07       -2.4052 
231840.8711       310563.2050       7.7909e-07       -2.5556 
231840.8711       310563.2050       8.2492e-07       -2.7059 
310563.2050       416015.9675       0.0000e+00       -0.0000 
310563.2050       416015.9675       4.7907e-13       0.0000 
310563.2050       416015.9675       6.2860e-08       -0.1503 
310563.2050       416015.9675       1.2572e-07       -0.3005 
310563.2050       416015.9675       1.8858e-07       -0.4508 
310563.2050       416015.9675       2.5144e-07       -0.6011 
310563.2050       416015.9675       3.1430e-07       -0.7514 
310563.2050       416015.9675       3.7715e-07       -0.9017 
310563.2050       416015.9675       4.4001e-07       -1.0520 
310563.2050       416015.9675       5.0287e-07       -1.2023 
310563.2050       416015.9675       5.6573e-07       -1.3527 
310563.2050       416015.9675       6.2859e-07       -1.5030 
310563.2050       416015.9675       6.9145e-07       -1.6533 
310563.2050       416015.9675       7.5431e-07       -1.8037 
310563.2050       416015.9675       8.1717e-07       -1.9540 
310563.2050       416015.9675       8.8003e-07       -2.1044 
310563.2050       416015.9675       9.4289e-07       -2.2548 
310563.2050       416015.9675       1.0057e-06       -2.4051 
310563.2050       416015.9675       1.0686e-06       -2.5555 
310563.2050       416015.9675       1.1315e-06       -2.7059 
416015.9675       557275.5639       0.0000e+00       -0.0000 
416015.9675       557275.5639       3.6677e-13       0.0000 
416015.9675       557275.5639       8.3834e-08       -0.1503 
416015.9675       557275.5639       1.6767e-07       -0.3007 
416015.9675       557275.5639       2.5150e-07       -0.4510 
416015.9675       557275.5639       3.3534e-07       -0.6013 
416015.9675       557275.5639       4.1917e-07       -0.7516 
416015.9675       557275.5639       5.0300e-07       -0.9020 
416015.9675       557275.5639       5.8684e-07       -1.0523 
416015.9675       557275.5639       6.7067e-07       -1.2026 
416015.9675       557275.5639       7.5450e-07       -1.3529 
416015.9675       557275.5639       8.3834e-07       -1.5033 
416015.9675       557275.5639       9.2217e-07       -1.6536 
416015.9675       557275.5639       1.0060e-06       -1.8039 
416015.9675       557275.5639       1.0898e-06       -1.9543 
416015.9675       557275.5639       1.1737e-06       -2.1046 
416015.9675       557275.5639       1.2575e-06       -2.2549 
416015.9675       557275.5639       1.3413e-06       -2.4052 
416015.9675       557275.5639       1.4252e-06       -2.5556 
416015.9675       557275.5639       1.5090e-06       -2.7059 
557275.5639       746517.5120       0.0000e+00       -0.0000 
557275.5639       746517.5120       5.4426e-12       0.0000 
557275.5639       746517.5120       1.1508e-07       -0.1503 
557275.5639       746517.5120       2.3015e-07       -0.3007 
557275.5639       746517.5120       3.4523e-07       -0.4510 
557275.5639       746517.5120       4.6030e-07       -0.6013 
557275.5639       746517.5120       5.7538e-07       -0.7516 
557275.5639       746517.5120       6.9045e-07       -0.9020 
557275.5639       746517.5120       8.0552e-07       -1.0523 
557275.5639       746517.5120       9.2060e-07       -1.2026 
557275.5639       746517.5120       1.0357e-06       -1.3530 
557275.5639       746517.5120       1.1507e-06       -1.5033 
557275.5639       746517.5120       1.2658e-06       -1.6536 
557275.5639       746517.5120       1.3809e-06       -1.8039 
557275.5639       746517.5120       1.4960e-06       -1.9543 
557275.5639       746517.5120       1.6110e-06       -2.1046 
557275.5639       746517.5120       1.7261e-06       -2.2549 
557275.5639       746517.5120       1.8412e-06       -2.4053 
557275.5639       746517.5120       1.9563e-06       -2.5556 
557275.5639       746517.5120       2.0713e-06       -2.7059 
746517.5120       1000000.0000       0.0000e+00       -0.0000 
746517.5120       1000000.0000       2.0087e-12       0.0000 
746517.5120       1000000.0000       1.6777e-07       -0.1503 
746517.5120       1000000.0000       3.3553e-07       -0.3006 
746517.5120       1000000.0000       5.0330e-07       -0.4510 
746517.5120       1000000.0000       6.7106e-07       -0.6013 
746517.5120       1000000.0000       8.3883e-07       -0.7516 
746517.5120       1000000.0000       1.0066e-06       -0.9019 
746517.5120       1000000.0000       1.1744e-06       -1.0523 
746517.5120       1000000.0000       1.3421e-06       -1.2026 
746517.5120       1000000.0000       1.5099e-06       -1.3529 
746517.5120       1000000.0000       1.6777e-06       -1.5032 
746517.5120       1000000.0000       1.8454e-06       -1.6536 
746517.5120       1000000.0000       2.0132e-06       -1.8039 
746517.5120       1000000.0000       2.1810e-06       -1.9542 
746517.5120       1000000.0000       2.3487e-06       -2.1045 
746517.5120       1000000.0000       2.5165e-06       -2.2549 
746517.5120       1000000.0000       2.6842e-06       -2.4052 
746517.5120       1000000.0000       2.8520e-06       -2.5555 
746517.5120       1000000.0000       3.0198e-06       -2.7059 
