#Antlia_2  Log10(Jfactor)=16.500   sigmaJ=0.600 
#[0]emin(MeV) [1]emax(MeV) [2]eflux(MeV/cm^2/s) [3]deltaLogLike 
500.0000       669.7766       0.0000e+00       -0.0000 
500.0000       669.7766       1.0996e-13       0.0000 
500.0000       669.7766       6.2531e-09       -0.0607 
500.0000       669.7766       1.2506e-08       -0.1330 
500.0000       669.7766       1.8759e-08       -0.2165 
500.0000       669.7766       2.5012e-08       -0.3111 
500.0000       669.7766       3.1265e-08       -0.4166 
500.0000       669.7766       3.7518e-08       -0.5329 
500.0000       669.7766       4.3771e-08       -0.6596 
500.0000       669.7766       5.0024e-08       -0.7967 
500.0000       669.7766       5.6277e-08       -0.9441 
500.0000       669.7766       6.2530e-08       -1.1014 
500.0000       669.7766       6.8783e-08       -1.2687 
500.0000       669.7766       7.5036e-08       -1.4456 
500.0000       669.7766       8.1289e-08       -1.6322 
500.0000       669.7766       8.7543e-08       -1.8282 
500.0000       669.7766       9.3796e-08       -2.0334 
500.0000       669.7766       1.0005e-07       -2.2479 
500.0000       669.7766       1.0630e-07       -2.4714 
500.0000       669.7766       1.1255e-07       -2.7037 
669.7766       897.2222       0.0000e+00       0.0000 
669.7766       897.2222       9.5362e-12       -0.0000 
669.7766       897.2222       5.7973e-09       -0.0266 
669.7766       897.2222       1.1585e-08       -0.0697 
669.7766       897.2222       1.7373e-08       -0.1290 
669.7766       897.2222       2.3161e-08       -0.2040 
669.7766       897.2222       2.8948e-08       -0.2943 
669.7766       897.2222       3.4736e-08       -0.3995 
669.7766       897.2222       4.0524e-08       -0.5192 
669.7766       897.2222       4.6312e-08       -0.6531 
669.7766       897.2222       5.2099e-08       -0.8008 
669.7766       897.2222       5.7887e-08       -0.9620 
669.7766       897.2222       6.3675e-08       -1.1363 
669.7766       897.2222       6.9463e-08       -1.3236 
669.7766       897.2222       7.5250e-08       -1.5234 
669.7766       897.2222       8.1038e-08       -1.7355 
669.7766       897.2222       8.6826e-08       -1.9598 
669.7766       897.2222       9.2614e-08       -2.1958 
669.7766       897.2222       9.8402e-08       -2.4434 
669.7766       897.2222       1.0419e-07       -2.7024 
897.2222       1201.8769       0.0000e+00       -0.7064 
897.2222       1201.8769       5.3458e-09       -0.5507 
897.2222       1201.8769       1.0692e-08       -0.4161 
897.2222       1201.8769       1.6037e-08       -0.3019 
897.2222       1201.8769       2.1383e-08       -0.2070 
897.2222       1201.8769       2.6729e-08       -0.1309 
897.2222       1201.8769       3.2075e-08       -0.0727 
897.2222       1201.8769       3.7421e-08       -0.0319 
897.2222       1201.8769       4.2766e-08       -0.0078 
897.2222       1201.8769       4.8112e-08       0.0000 
897.2222       1201.8769       5.8973e-08       -0.0319 
897.2222       1201.8769       6.9834e-08       -0.1247 
897.2222       1201.8769       8.0694e-08       -0.2751 
897.2222       1201.8769       9.1555e-08       -0.4798 
897.2222       1201.8769       1.0242e-07       -0.7363 
897.2222       1201.8769       1.1328e-07       -1.0419 
897.2222       1201.8769       1.2414e-07       -1.3946 
897.2222       1201.8769       1.3500e-07       -1.7922 
897.2222       1201.8769       1.4586e-07       -2.2329 
897.2222       1201.8769       1.5672e-07       -2.7150 
1201.8769       1609.9782       0.0000e+00       -0.1036 
1201.8769       1609.9782       1.4339e-08       0.0000 
1201.8769       1609.9782       1.9107e-08       -0.0105 
1201.8769       1609.9782       2.3875e-08       -0.0414 
1201.8769       1609.9782       2.8643e-08       -0.0918 
1201.8769       1609.9782       3.3412e-08       -0.1607 
1201.8769       1609.9782       3.8180e-08       -0.2474 
1201.8769       1609.9782       4.2948e-08       -0.3511 
1201.8769       1609.9782       4.7716e-08       -0.4711 
1201.8769       1609.9782       5.2484e-08       -0.6066 
1201.8769       1609.9782       5.7252e-08       -0.7572 
1201.8769       1609.9782       6.2020e-08       -0.9223 
1201.8769       1609.9782       6.6788e-08       -1.1013 
1201.8769       1609.9782       7.1556e-08       -1.2937 
1201.8769       1609.9782       7.6324e-08       -1.4992 
1201.8769       1609.9782       8.1092e-08       -1.7172 
1201.8769       1609.9782       8.5860e-08       -1.9474 
1201.8769       1609.9782       9.0628e-08       -2.1894 
1201.8769       1609.9782       9.5396e-08       -2.4428 
1201.8769       1609.9782       1.0016e-07       -2.7073 
1609.9782       2156.6516       0.0000e+00       -0.0906 
1609.9782       2156.6516       1.0376e-08       0.0000 
1609.9782       2156.6516       1.4441e-08       -0.0106 
1609.9782       2156.6516       1.8506e-08       -0.0439 
1609.9782       2156.6516       2.2571e-08       -0.0981 
1609.9782       2156.6516       2.6636e-08       -0.1718 
1609.9782       2156.6516       3.0702e-08       -0.2636 
1609.9782       2156.6516       3.4767e-08       -0.3723 
1609.9782       2156.6516       3.8832e-08       -0.4970 
1609.9782       2156.6516       4.2897e-08       -0.6366 
1609.9782       2156.6516       4.6962e-08       -0.7904 
1609.9782       2156.6516       5.1027e-08       -0.9576 
1609.9782       2156.6516       5.5092e-08       -1.1375 
1609.9782       2156.6516       5.9157e-08       -1.3296 
1609.9782       2156.6516       6.3222e-08       -1.5331 
1609.9782       2156.6516       6.7287e-08       -1.7477 
1609.9782       2156.6516       7.1353e-08       -1.9729 
1609.9782       2156.6516       7.5418e-08       -2.2081 
1609.9782       2156.6516       7.9483e-08       -2.4530 
1609.9782       2156.6516       8.3548e-08       -2.7073 
2156.6516       2889.0164       0.0000e+00       -0.5539 
2156.6516       2889.0164       3.2179e-09       -0.4274 
2156.6516       2889.0164       6.4358e-09       -0.3199 
2156.6516       2889.0164       9.6537e-09       -0.2300 
2156.6516       2889.0164       1.2872e-08       -0.1564 
2156.6516       2889.0164       1.6090e-08       -0.0982 
2156.6516       2889.0164       1.9307e-08       -0.0542 
2156.6516       2889.0164       2.2525e-08       -0.0237 
2156.6516       2889.0164       2.5743e-08       -0.0059 
2156.6516       2889.0164       2.8961e-08       0.0000 
2156.6516       2889.0164       3.7384e-08       -0.0367 
2156.6516       2889.0164       4.5807e-08       -0.1412 
2156.6516       2889.0164       5.4230e-08       -0.3059 
2156.6516       2889.0164       6.2653e-08       -0.5244 
2156.6516       2889.0164       7.1077e-08       -0.7913 
2156.6516       2889.0164       7.9500e-08       -1.1022 
2156.6516       2889.0164       8.7923e-08       -1.4534 
2156.6516       2889.0164       9.6346e-08       -1.8415 
2156.6516       2889.0164       1.0477e-07       -2.2639 
2156.6516       2889.0164       1.1319e-07       -2.7181 
2889.0164       3869.9914       0.0000e+00       -0.0000 
2889.0164       3869.9914       1.1110e-13       0.0000 
2889.0164       3869.9914       2.8814e-09       -0.1227 
2889.0164       3869.9914       5.7628e-09       -0.2494 
2889.0164       3869.9914       8.6441e-09       -0.3799 
2889.0164       3869.9914       1.1525e-08       -0.5140 
2889.0164       3869.9914       1.4407e-08       -0.6517 
2889.0164       3869.9914       1.7288e-08       -0.7926 
2889.0164       3869.9914       2.0169e-08       -0.9368 
2889.0164       3869.9914       2.3051e-08       -1.0841 
2889.0164       3869.9914       2.5932e-08       -1.2343 
2889.0164       3869.9914       2.8813e-08       -1.3874 
2889.0164       3869.9914       3.1695e-08       -1.5433 
2889.0164       3869.9914       3.4576e-08       -1.7019 
2889.0164       3869.9914       3.7457e-08       -1.8631 
2889.0164       3869.9914       4.0339e-08       -2.0268 
2889.0164       3869.9914       4.3220e-08       -2.1930 
2889.0164       3869.9914       4.6101e-08       -2.3615 
2889.0164       3869.9914       4.8983e-08       -2.5324 
2889.0164       3869.9914       5.1864e-08       -2.7055 
3869.9914       5184.0598       0.0000e+00       -0.0000 
3869.9914       5184.0598       3.2576e-15       0.0000 
3869.9914       5184.0598       4.1367e-09       -0.0814 
3869.9914       5184.0598       8.2734e-09       -0.1743 
3869.9914       5184.0598       1.2410e-08       -0.2776 
3869.9914       5184.0598       1.6547e-08       -0.3907 
3869.9914       5184.0598       2.0684e-08       -0.5127 
3869.9914       5184.0598       2.4820e-08       -0.6431 
3869.9914       5184.0598       2.8957e-08       -0.7812 
3869.9914       5184.0598       3.3094e-08       -0.9267 
3869.9914       5184.0598       3.7230e-08       -1.0790 
3869.9914       5184.0598       4.1367e-08       -1.2378 
3869.9914       5184.0598       4.5504e-08       -1.4027 
3869.9914       5184.0598       4.9641e-08       -1.5735 
3869.9914       5184.0598       5.3777e-08       -1.7498 
3869.9914       5184.0598       5.7914e-08       -1.9313 
3869.9914       5184.0598       6.2051e-08       -2.1179 
3869.9914       5184.0598       6.6187e-08       -2.3092 
3869.9914       5184.0598       7.0324e-08       -2.5052 
3869.9914       5184.0598       7.4461e-08       -2.7056 
5184.0598       6944.3244       0.0000e+00       -0.0000 
5184.0598       6944.3244       1.6940e-15       0.0000 
5184.0598       6944.3244       2.6961e-09       -0.1375 
5184.0598       6944.3244       5.3923e-09       -0.2770 
5184.0598       6944.3244       8.0884e-09       -0.4184 
5184.0598       6944.3244       1.0785e-08       -0.5616 
5184.0598       6944.3244       1.3481e-08       -0.7064 
5184.0598       6944.3244       1.6177e-08       -0.8528 
5184.0598       6944.3244       1.8873e-08       -1.0006 
5184.0598       6944.3244       2.1569e-08       -1.1498 
5184.0598       6944.3244       2.4265e-08       -1.3003 
5184.0598       6944.3244       2.6961e-08       -1.4521 
5184.0598       6944.3244       2.9657e-08       -1.6051 
5184.0598       6944.3244       3.2354e-08       -1.7593 
5184.0598       6944.3244       3.5050e-08       -1.9145 
5184.0598       6944.3244       3.7746e-08       -2.0708 
5184.0598       6944.3244       4.0442e-08       -2.2281 
5184.0598       6944.3244       4.3138e-08       -2.3863 
5184.0598       6944.3244       4.5834e-08       -2.5455 
5184.0598       6944.3244       4.8530e-08       -2.7056 
6944.3244       9302.5069       0.0000e+00       -0.0000 
6944.3244       9302.5069       3.9775e-14       0.0000 
6944.3244       9302.5069       3.1653e-09       -0.1416 
6944.3244       9302.5069       6.3306e-09       -0.2845 
6944.3244       9302.5069       9.4959e-09       -0.4285 
6944.3244       9302.5069       1.2661e-08       -0.5737 
6944.3244       9302.5069       1.5826e-08       -0.7199 
6944.3244       9302.5069       1.8992e-08       -0.8673 
6944.3244       9302.5069       2.2157e-08       -1.0156 
6944.3244       9302.5069       2.5322e-08       -1.1649 
6944.3244       9302.5069       2.8488e-08       -1.3151 
6944.3244       9302.5069       3.1653e-08       -1.4663 
6944.3244       9302.5069       3.4818e-08       -1.6184 
6944.3244       9302.5069       3.7983e-08       -1.7713 
6944.3244       9302.5069       4.1149e-08       -1.9251 
6944.3244       9302.5069       4.4314e-08       -2.0797 
6944.3244       9302.5069       4.7479e-08       -2.2351 
6944.3244       9302.5069       5.0645e-08       -2.3912 
6944.3244       9302.5069       5.3810e-08       -2.5481 
6944.3244       9302.5069       5.6975e-08       -2.7057 
9302.5069       12461.2038       0.0000e+00       -0.3818 
9302.5069       12461.2038       1.5359e-08       0.0000 
9302.5069       12461.2038       2.0936e-08       -0.0238 
9302.5069       12461.2038       2.6514e-08       -0.0849 
9302.5069       12461.2038       3.2091e-08       -0.1726 
9302.5069       12461.2038       3.7669e-08       -0.2804 
9302.5069       12461.2038       4.3246e-08       -0.4040 
9302.5069       12461.2038       4.8824e-08       -0.5404 
9302.5069       12461.2038       5.4401e-08       -0.6874 
9302.5069       12461.2038       5.9979e-08       -0.8432 
9302.5069       12461.2038       6.5556e-08       -1.0068 
9302.5069       12461.2038       7.1133e-08       -1.1770 
9302.5069       12461.2038       7.6711e-08       -1.3531 
9302.5069       12461.2038       8.2288e-08       -1.5344 
9302.5069       12461.2038       8.7866e-08       -1.7205 
9302.5069       12461.2038       9.3443e-08       -1.9107 
9302.5069       12461.2038       9.9021e-08       -2.1048 
9302.5069       12461.2038       1.0460e-07       -2.3024 
9302.5069       12461.2038       1.1018e-07       -2.5032 
9302.5069       12461.2038       1.1575e-07       -2.7071 
12461.2038       16692.4468       0.0000e+00       -0.0000 
12461.2038       16692.4468       1.5761e-13       0.0000 
12461.2038       16692.4468       5.7575e-09       -0.1302 
12461.2038       16692.4468       1.1515e-08       -0.2635 
12461.2038       16692.4468       1.7272e-08       -0.3997 
12461.2038       16692.4468       2.3030e-08       -0.5387 
12461.2038       16692.4468       2.8787e-08       -0.6803 
12461.2038       16692.4468       3.4544e-08       -0.8243 
12461.2038       16692.4468       4.0302e-08       -0.9706 
12461.2038       16692.4468       4.6059e-08       -1.1192 
12461.2038       16692.4468       5.1816e-08       -1.2698 
12461.2038       16692.4468       5.7574e-08       -1.4225 
12461.2038       16692.4468       6.3331e-08       -1.5770 
12461.2038       16692.4468       6.9088e-08       -1.7334 
12461.2038       16692.4468       7.4846e-08       -1.8915 
12461.2038       16692.4468       8.0603e-08       -2.0512 
12461.2038       16692.4468       8.6360e-08       -2.2126 
12461.2038       16692.4468       9.2118e-08       -2.3755 
12461.2038       16692.4468       9.7875e-08       -2.5398 
12461.2038       16692.4468       1.0363e-07       -2.7056 
16692.4468       22360.9371       0.0000e+00       -0.0000 
16692.4468       22360.9371       8.0057e-14       0.0000 
16692.4468       22360.9371       5.1897e-09       -0.1496 
16692.4468       22360.9371       1.0379e-08       -0.2993 
16692.4468       22360.9371       1.5569e-08       -0.4491 
16692.4468       22360.9371       2.0759e-08       -0.5989 
16692.4468       22360.9371       2.5948e-08       -0.7489 
16692.4468       22360.9371       3.1138e-08       -0.8989 
16692.4468       22360.9371       3.6327e-08       -1.0491 
16692.4468       22360.9371       4.1517e-08       -1.1993 
16692.4468       22360.9371       4.6707e-08       -1.3496 
16692.4468       22360.9371       5.1896e-08       -1.5000 
16692.4468       22360.9371       5.7086e-08       -1.6504 
16692.4468       22360.9371       6.2275e-08       -1.8010 
16692.4468       22360.9371       6.7465e-08       -1.9516 
16692.4468       22360.9371       7.2655e-08       -2.1023 
16692.4468       22360.9371       7.7844e-08       -2.2531 
16692.4468       22360.9371       8.3034e-08       -2.4040 
16692.4468       22360.9371       8.8223e-08       -2.5549 
16692.4468       22360.9371       9.3413e-08       -2.7059 
22360.9371       29953.6672       0.0000e+00       0.0000 
22360.9371       29953.6672       2.0389e-16       -0.0000 
22360.9371       29953.6672       6.2415e-09       -0.1503 
22360.9371       29953.6672       1.2483e-08       -0.3006 
22360.9371       29953.6672       1.8724e-08       -0.4510 
22360.9371       29953.6672       2.4966e-08       -0.6013 
22360.9371       29953.6672       3.1207e-08       -0.7516 
22360.9371       29953.6672       3.7449e-08       -0.9019 
22360.9371       29953.6672       4.3690e-08       -1.0523 
22360.9371       29953.6672       4.9932e-08       -1.2026 
22360.9371       29953.6672       5.6173e-08       -1.3529 
22360.9371       29953.6672       6.2415e-08       -1.5032 
22360.9371       29953.6672       6.8656e-08       -1.6536 
22360.9371       29953.6672       7.4898e-08       -1.8039 
22360.9371       29953.6672       8.1139e-08       -1.9542 
22360.9371       29953.6672       8.7381e-08       -2.1046 
22360.9371       29953.6672       9.3622e-08       -2.2549 
22360.9371       29953.6672       9.9863e-08       -2.4052 
22360.9371       29953.6672       1.0610e-07       -2.5556 
22360.9371       29953.6672       1.1235e-07       -2.7059 
29953.6672       40124.5339       0.0000e+00       0.0000 
29953.6672       40124.5339       1.5373e-16       -0.0000 
29953.6672       40124.5339       8.2705e-09       -0.1503 
29953.6672       40124.5339       1.6541e-08       -0.3006 
29953.6672       40124.5339       2.4811e-08       -0.4510 
29953.6672       40124.5339       3.3082e-08       -0.6013 
29953.6672       40124.5339       4.1352e-08       -0.7516 
29953.6672       40124.5339       4.9623e-08       -0.9019 
29953.6672       40124.5339       5.7893e-08       -1.0523 
29953.6672       40124.5339       6.6164e-08       -1.2026 
29953.6672       40124.5339       7.4434e-08       -1.3529 
29953.6672       40124.5339       8.2705e-08       -1.5033 
29953.6672       40124.5339       9.0975e-08       -1.6536 
29953.6672       40124.5339       9.9246e-08       -1.8039 
29953.6672       40124.5339       1.0752e-07       -1.9542 
29953.6672       40124.5339       1.1579e-07       -2.1046 
29953.6672       40124.5339       1.2406e-07       -2.2549 
29953.6672       40124.5339       1.3233e-07       -2.4052 
29953.6672       40124.5339       1.4060e-07       -2.5556 
29953.6672       40124.5339       1.4887e-07       -2.7059 
40124.5339       53748.9519       0.0000e+00       0.0000 
40124.5339       53748.9519       1.1546e-16       -0.0000 
40124.5339       53748.9519       1.0952e-08       -0.1503 
40124.5339       53748.9519       2.1904e-08       -0.3006 
40124.5339       53748.9519       3.2856e-08       -0.4510 
40124.5339       53748.9519       4.3808e-08       -0.6013 
40124.5339       53748.9519       5.4761e-08       -0.7516 
40124.5339       53748.9519       6.5713e-08       -0.9019 
40124.5339       53748.9519       7.6665e-08       -1.0523 
40124.5339       53748.9519       8.7617e-08       -1.2026 
40124.5339       53748.9519       9.8569e-08       -1.3529 
40124.5339       53748.9519       1.0952e-07       -1.5033 
40124.5339       53748.9519       1.2047e-07       -1.6536 
40124.5339       53748.9519       1.3143e-07       -1.8039 
40124.5339       53748.9519       1.4238e-07       -1.9542 
40124.5339       53748.9519       1.5333e-07       -2.1046 
40124.5339       53748.9519       1.6428e-07       -2.2549 
40124.5339       53748.9519       1.7523e-07       -2.4052 
40124.5339       53748.9519       1.8619e-07       -2.5556 
40124.5339       53748.9519       1.9714e-07       -2.7059 
53748.9519       72001.2440       0.0000e+00       0.0000 
53748.9519       72001.2440       8.3376e-11       -0.0007 
53748.9519       72001.2440       1.6852e-08       -0.1463 
53748.9519       72001.2440       3.3621e-08       -0.2926 
53748.9519       72001.2440       5.0390e-08       -0.4395 
53748.9519       72001.2440       6.7159e-08       -0.5871 
53748.9519       72001.2440       8.3927e-08       -0.7353 
53748.9519       72001.2440       1.0070e-07       -0.8840 
53748.9519       72001.2440       1.1747e-07       -1.0333 
53748.9519       72001.2440       1.3423e-07       -1.1832 
53748.9519       72001.2440       1.5100e-07       -1.3335 
53748.9519       72001.2440       1.6777e-07       -1.4843 
53748.9519       72001.2440       1.8454e-07       -1.6356 
53748.9519       72001.2440       2.0131e-07       -1.7873 
53748.9519       72001.2440       2.1808e-07       -1.9394 
53748.9519       72001.2440       2.3485e-07       -2.0919 
53748.9519       72001.2440       2.5162e-07       -2.2449 
53748.9519       72001.2440       2.6838e-07       -2.3982 
53748.9519       72001.2440       2.8515e-07       -2.5518 
53748.9519       72001.2440       3.0192e-07       -2.7058 
72001.2440       96449.5043       0.0000e+00       0.0000 
72001.2440       96449.5043       6.2911e-11       -0.0005 
72001.2440       96449.5043       1.9798e-08       -0.1508 
72001.2440       96449.5043       3.9532e-08       -0.3011 
72001.2440       96449.5043       5.9267e-08       -0.4514 
72001.2440       96449.5043       7.9001e-08       -0.6017 
72001.2440       96449.5043       9.8736e-08       -0.7520 
72001.2440       96449.5043       1.1847e-07       -0.9023 
72001.2440       96449.5043       1.3821e-07       -1.0526 
72001.2440       96449.5043       1.5794e-07       -1.2029 
72001.2440       96449.5043       1.7767e-07       -1.3532 
72001.2440       96449.5043       1.9741e-07       -1.5035 
72001.2440       96449.5043       2.1714e-07       -1.6538 
72001.2440       96449.5043       2.3688e-07       -1.8041 
72001.2440       96449.5043       2.5661e-07       -1.9544 
72001.2440       96449.5043       2.7635e-07       -2.1047 
72001.2440       96449.5043       2.9608e-07       -2.2550 
72001.2440       96449.5043       3.1582e-07       -2.4053 
72001.2440       96449.5043       3.3555e-07       -2.5556 
72001.2440       96449.5043       3.5529e-07       -2.7059 
96449.5043       129199.2522       0.0000e+00       0.0000 
96449.5043       129199.2522       4.7393e-11       -0.0003 
96449.5043       129199.2522       2.6618e-08       -0.1506 
96449.5043       129199.2522       5.3188e-08       -0.3009 
96449.5043       129199.2522       7.9759e-08       -0.4512 
96449.5043       129199.2522       1.0633e-07       -0.6015 
96449.5043       129199.2522       1.3290e-07       -0.7518 
96449.5043       129199.2522       1.5947e-07       -0.9021 
96449.5043       129199.2522       1.8604e-07       -1.0525 
96449.5043       129199.2522       2.1261e-07       -1.2028 
96449.5043       129199.2522       2.3918e-07       -1.3531 
96449.5043       129199.2522       2.6575e-07       -1.5034 
96449.5043       129199.2522       2.9232e-07       -1.6537 
96449.5043       129199.2522       3.1889e-07       -1.8040 
96449.5043       129199.2522       3.4546e-07       -1.9543 
96449.5043       129199.2522       3.7203e-07       -2.1046 
96449.5043       129199.2522       3.9860e-07       -2.2550 
96449.5043       129199.2522       4.2517e-07       -2.4053 
96449.5043       129199.2522       4.5174e-07       -2.5556 
96449.5043       129199.2522       4.7831e-07       -2.7059 
129199.2522       173069.2852       0.0000e+00       0.0000 
129199.2522       173069.2852       3.5657e-11       -0.0001 
129199.2522       173069.2852       3.5889e-08       -0.1505 
129199.2522       173069.2852       7.1743e-08       -0.3008 
129199.2522       173069.2852       1.0760e-07       -0.4511 
129199.2522       173069.2852       1.4345e-07       -0.6014 
129199.2522       173069.2852       1.7930e-07       -0.7517 
129199.2522       173069.2852       2.1516e-07       -0.9021 
129199.2522       173069.2852       2.5101e-07       -1.0524 
129199.2522       173069.2852       2.8686e-07       -1.2027 
129199.2522       173069.2852       3.2272e-07       -1.3530 
129199.2522       173069.2852       3.5857e-07       -1.5033 
129199.2522       173069.2852       3.9442e-07       -1.6537 
129199.2522       173069.2852       4.3028e-07       -1.8040 
129199.2522       173069.2852       4.6613e-07       -1.9543 
129199.2522       173069.2852       5.0198e-07       -2.1046 
129199.2522       173069.2852       5.3784e-07       -2.2549 
129199.2522       173069.2852       5.7369e-07       -2.4053 
129199.2522       173069.2852       6.0954e-07       -2.5556 
129199.2522       173069.2852       6.4540e-07       -2.7059 
173069.2852       231840.8711       0.0000e+00       0.0000 
173069.2852       231840.8711       2.6824e-11       -0.0001 
173069.2852       231840.8711       4.8290e-08       -0.1504 
173069.2852       231840.8711       9.6553e-08       -0.3007 
173069.2852       231840.8711       1.4482e-07       -0.4511 
173069.2852       231840.8711       1.9308e-07       -0.6014 
173069.2852       231840.8711       2.4134e-07       -0.7517 
173069.2852       231840.8711       2.8961e-07       -0.9020 
173069.2852       231840.8711       3.3787e-07       -1.0523 
173069.2852       231840.8711       3.8613e-07       -1.2027 
173069.2852       231840.8711       4.3439e-07       -1.3530 
173069.2852       231840.8711       4.8266e-07       -1.5033 
173069.2852       231840.8711       5.3092e-07       -1.6536 
173069.2852       231840.8711       5.7918e-07       -1.8040 
173069.2852       231840.8711       6.2745e-07       -1.9543 
173069.2852       231840.8711       6.7571e-07       -2.1046 
173069.2852       231840.8711       7.2397e-07       -2.2549 
173069.2852       231840.8711       7.7224e-07       -2.4053 
173069.2852       231840.8711       8.2050e-07       -2.5556 
173069.2852       231840.8711       8.6876e-07       -2.7059 
231840.8711       310563.2050       0.0000e+00       0.0000 
231840.8711       310563.2050       2.0171e-11       -0.0000 
231840.8711       310563.2050       6.5483e-08       -0.1504 
231840.8711       310563.2050       1.3095e-07       -0.3007 
231840.8711       310563.2050       1.9641e-07       -0.4510 
231840.8711       310563.2050       2.6187e-07       -0.6013 
231840.8711       310563.2050       3.2733e-07       -0.7516 
231840.8711       310563.2050       3.9280e-07       -0.9019 
231840.8711       310563.2050       4.5826e-07       -1.0523 
231840.8711       310563.2050       5.2372e-07       -1.2026 
231840.8711       310563.2050       5.8919e-07       -1.3529 
231840.8711       310563.2050       6.5465e-07       -1.5032 
231840.8711       310563.2050       7.2011e-07       -1.6536 
231840.8711       310563.2050       7.8557e-07       -1.8039 
231840.8711       310563.2050       8.5104e-07       -1.9542 
231840.8711       310563.2050       9.1650e-07       -2.1046 
231840.8711       310563.2050       9.8196e-07       -2.2549 
231840.8711       310563.2050       1.0474e-06       -2.4052 
231840.8711       310563.2050       1.1129e-06       -2.5556 
231840.8711       310563.2050       1.1784e-06       -2.7059 
310563.2050       416015.9675       0.0000e+00       0.0000 
310563.2050       416015.9675       1.5168e-11       -0.0000 
310563.2050       416015.9675       9.0034e-08       -0.1502 
310563.2050       416015.9675       1.8005e-07       -0.3004 
310563.2050       416015.9675       2.7007e-07       -0.4506 
310563.2050       416015.9675       3.6009e-07       -0.6009 
310563.2050       416015.9675       4.5011e-07       -0.7511 
310563.2050       416015.9675       5.4013e-07       -0.9014 
310563.2050       416015.9675       6.3014e-07       -1.0517 
310563.2050       416015.9675       7.2016e-07       -1.2020 
310563.2050       416015.9675       8.1018e-07       -1.3523 
310563.2050       416015.9675       9.0020e-07       -1.5027 
310563.2050       416015.9675       9.9022e-07       -1.6530 
310563.2050       416015.9675       1.0802e-06       -1.8034 
310563.2050       416015.9675       1.1703e-06       -1.9538 
310563.2050       416015.9675       1.2603e-06       -2.1042 
310563.2050       416015.9675       1.3503e-06       -2.2546 
310563.2050       416015.9675       1.4403e-06       -2.4050 
310563.2050       416015.9675       1.5303e-06       -2.5554 
310563.2050       416015.9675       1.6203e-06       -2.7059 
416015.9675       557275.5639       0.0000e+00       0.0000 
416015.9675       557275.5639       1.1405e-11       -0.0000 
416015.9675       557275.5639       1.1963e-07       -0.1503 
416015.9675       557275.5639       2.3924e-07       -0.3007 
416015.9675       557275.5639       3.5886e-07       -0.4510 
416015.9675       557275.5639       4.7848e-07       -0.6013 
416015.9675       557275.5639       5.9809e-07       -0.7516 
416015.9675       557275.5639       7.1771e-07       -0.9020 
416015.9675       557275.5639       8.3732e-07       -1.0523 
416015.9675       557275.5639       9.5694e-07       -1.2026 
416015.9675       557275.5639       1.0766e-06       -1.3529 
416015.9675       557275.5639       1.1962e-06       -1.5033 
416015.9675       557275.5639       1.3158e-06       -1.6536 
416015.9675       557275.5639       1.4354e-06       -1.8039 
416015.9675       557275.5639       1.5550e-06       -1.9543 
416015.9675       557275.5639       1.6746e-06       -2.1046 
416015.9675       557275.5639       1.7943e-06       -2.2549 
416015.9675       557275.5639       1.9139e-06       -2.4052 
416015.9675       557275.5639       2.0335e-06       -2.5556 
416015.9675       557275.5639       2.1531e-06       -2.7059 
557275.5639       746517.5120       0.0000e+00       0.0000 
557275.5639       746517.5120       8.5750e-12       -0.0000 
557275.5639       746517.5120       1.6367e-07       -0.1503 
557275.5639       746517.5120       3.2733e-07       -0.3007 
557275.5639       746517.5120       4.9099e-07       -0.4510 
557275.5639       746517.5120       6.5465e-07       -0.6013 
557275.5639       746517.5120       8.1831e-07       -0.7516 
557275.5639       746517.5120       9.8197e-07       -0.9020 
557275.5639       746517.5120       1.1456e-06       -1.0523 
557275.5639       746517.5120       1.3093e-06       -1.2026 
557275.5639       746517.5120       1.4730e-06       -1.3530 
557275.5639       746517.5120       1.6366e-06       -1.5033 
557275.5639       746517.5120       1.8003e-06       -1.6536 
557275.5639       746517.5120       1.9639e-06       -1.8039 
557275.5639       746517.5120       2.1276e-06       -1.9543 
557275.5639       746517.5120       2.2913e-06       -2.1046 
557275.5639       746517.5120       2.4549e-06       -2.2549 
557275.5639       746517.5120       2.6186e-06       -2.4052 
557275.5639       746517.5120       2.7822e-06       -2.5556 
557275.5639       746517.5120       2.9459e-06       -2.7059 
746517.5120       1000000.0000       0.0000e+00       0.0000 
746517.5120       1000000.0000       6.4464e-12       -0.0000 
746517.5120       1000000.0000       2.3620e-07       -0.1503 
746517.5120       1000000.0000       4.7239e-07       -0.3007 
746517.5120       1000000.0000       7.0858e-07       -0.4510 
746517.5120       1000000.0000       9.4478e-07       -0.6013 
746517.5120       1000000.0000       1.1810e-06       -0.7516 
746517.5120       1000000.0000       1.4172e-06       -0.9020 
746517.5120       1000000.0000       1.6534e-06       -1.0523 
746517.5120       1000000.0000       1.8895e-06       -1.2026 
746517.5120       1000000.0000       2.1257e-06       -1.3530 
746517.5120       1000000.0000       2.3619e-06       -1.5033 
746517.5120       1000000.0000       2.5981e-06       -1.6536 
746517.5120       1000000.0000       2.8343e-06       -1.8039 
746517.5120       1000000.0000       3.0705e-06       -1.9543 
746517.5120       1000000.0000       3.3067e-06       -2.1046 
746517.5120       1000000.0000       3.5429e-06       -2.2549 
746517.5120       1000000.0000       3.7791e-06       -2.4052 
746517.5120       1000000.0000       4.0153e-06       -2.5556 
746517.5120       1000000.0000       4.2515e-06       -2.7059 