#Sculptor  Log10(Jfactor)=18.580   sigmaJ=0.050 
#[0]emin(MeV) [1]emax(MeV) [2]eflux(MeV/cm^2/s) [3]deltaLogLike 
500.0000       669.7766       0.0000e+00       0.0000 
500.0000       669.7766       1.3908e-11       -0.0001 
500.0000       669.7766       4.2044e-09       -0.0501 
500.0000       669.7766       8.3949e-09       -0.1133 
500.0000       669.7766       1.2585e-08       -0.1896 
500.0000       669.7766       1.6776e-08       -0.2784 
500.0000       669.7766       2.0966e-08       -0.3797 
500.0000       669.7766       2.5157e-08       -0.4929 
500.0000       669.7766       2.9347e-08       -0.6180 
500.0000       669.7766       3.3538e-08       -0.7546 
500.0000       669.7766       3.7728e-08       -0.9024 
500.0000       669.7766       4.1919e-08       -1.0613 
500.0000       669.7766       4.6109e-08       -1.2310 
500.0000       669.7766       5.0300e-08       -1.4112 
500.0000       669.7766       5.4490e-08       -1.6018 
500.0000       669.7766       5.8681e-08       -1.8026 
500.0000       669.7766       6.2871e-08       -2.0133 
500.0000       669.7766       6.7062e-08       -2.2338 
500.0000       669.7766       7.1252e-08       -2.4640 
500.0000       669.7766       7.5443e-08       -2.7035 
669.7766       897.2222       0.0000e+00       0.0000 
669.7766       897.2222       3.6050e-12       -0.0001 
669.7766       897.2222       3.2567e-09       -0.0728 
669.7766       897.2222       6.5098e-09       -0.1559 
669.7766       897.2222       9.7628e-09       -0.2492 
669.7766       897.2222       1.3016e-08       -0.3523 
669.7766       897.2222       1.6269e-08       -0.4650 
669.7766       897.2222       1.9522e-08       -0.5871 
669.7766       897.2222       2.2775e-08       -0.7183 
669.7766       897.2222       2.6028e-08       -0.8583 
669.7766       897.2222       2.9281e-08       -1.0070 
669.7766       897.2222       3.2534e-08       -1.1642 
669.7766       897.2222       3.5787e-08       -1.3296 
669.7766       897.2222       3.9041e-08       -1.5031 
669.7766       897.2222       4.2294e-08       -1.6846 
669.7766       897.2222       4.5547e-08       -1.8737 
669.7766       897.2222       4.8800e-08       -2.0704 
669.7766       897.2222       5.2053e-08       -2.2745 
669.7766       897.2222       5.5306e-08       -2.4859 
669.7766       897.2222       5.8559e-08       -2.7043 
897.2222       1201.8769       0.0000e+00       -0.0000 
897.2222       1201.8769       6.8339e-14       0.0000 
897.2222       1201.8769       1.7223e-09       -0.1247 
897.2222       1201.8769       3.4445e-09       -0.2528 
897.2222       1201.8769       5.1668e-09       -0.3843 
897.2222       1201.8769       6.8890e-09       -0.5190 
897.2222       1201.8769       8.6113e-09       -0.6569 
897.2222       1201.8769       1.0333e-08       -0.7979 
897.2222       1201.8769       1.2056e-08       -0.9419 
897.2222       1201.8769       1.3778e-08       -1.0889 
897.2222       1201.8769       1.5500e-08       -1.2387 
897.2222       1201.8769       1.7222e-08       -1.3913 
897.2222       1201.8769       1.8945e-08       -1.5466 
897.2222       1201.8769       2.0667e-08       -1.7046 
897.2222       1201.8769       2.2389e-08       -1.8652 
897.2222       1201.8769       2.4111e-08       -2.0284 
897.2222       1201.8769       2.5834e-08       -2.1941 
897.2222       1201.8769       2.7556e-08       -2.3622 
897.2222       1201.8769       2.9278e-08       -2.5327 
897.2222       1201.8769       3.1000e-08       -2.7056 
1201.8769       1609.9782       0.0000e+00       -0.3004 
1201.8769       1609.9782       1.7600e-08       0.0000 
1201.8769       1609.9782       2.1219e-08       -0.0109 
1201.8769       1609.9782       2.4839e-08       -0.0430 
1201.8769       1609.9782       2.8459e-08       -0.0951 
1201.8769       1609.9782       3.2079e-08       -0.1660 
1201.8769       1609.9782       3.5698e-08       -0.2548 
1201.8769       1609.9782       3.9318e-08       -0.3605 
1201.8769       1609.9782       4.2938e-08       -0.4824 
1201.8769       1609.9782       4.6557e-08       -0.6196 
1201.8769       1609.9782       5.0177e-08       -0.7715 
1201.8769       1609.9782       5.3797e-08       -0.9375 
1201.8769       1609.9782       5.7417e-08       -1.1168 
1201.8769       1609.9782       6.1036e-08       -1.3091 
1201.8769       1609.9782       6.4656e-08       -1.5137 
1201.8769       1609.9782       6.8276e-08       -1.7302 
1201.8769       1609.9782       7.1896e-08       -1.9582 
1201.8769       1609.9782       7.5515e-08       -2.1972 
1201.8769       1609.9782       7.9135e-08       -2.4468 
1201.8769       1609.9782       8.2755e-08       -2.7067 
1609.9782       2156.6516       0.0000e+00       -0.0134 
1609.9782       2156.6516       5.0938e-11       -0.0130 
1609.9782       2156.6516       3.4362e-09       0.0000 
1609.9782       2156.6516       6.8214e-09       -0.0159 
1609.9782       2156.6516       1.0207e-08       -0.0577 
1609.9782       2156.6516       1.3592e-08       -0.1230 
1609.9782       2156.6516       1.6977e-08       -0.2096 
1609.9782       2156.6516       2.0362e-08       -0.3158 
1609.9782       2156.6516       2.3748e-08       -0.4402 
1609.9782       2156.6516       2.7133e-08       -0.5813 
1609.9782       2156.6516       3.0518e-08       -0.7382 
1609.9782       2156.6516       3.3903e-08       -0.9096 
1609.9782       2156.6516       3.7289e-08       -1.0948 
1609.9782       2156.6516       4.0674e-08       -1.2928 
1609.9782       2156.6516       4.4059e-08       -1.5031 
1609.9782       2156.6516       4.7444e-08       -1.7249 
1609.9782       2156.6516       5.0830e-08       -1.9576 
1609.9782       2156.6516       5.4215e-08       -2.2007 
1609.9782       2156.6516       5.7600e-08       -2.4536 
1609.9782       2156.6516       6.0985e-08       -2.7160 
2156.6516       2889.0164       0.0000e+00       0.0000 
2156.6516       2889.0164       1.3781e-11       -0.0002 
2156.6516       2889.0164       3.3008e-09       -0.0507 
2156.6516       2889.0164       6.5878e-09       -0.1181 
2156.6516       2889.0164       9.8748e-09       -0.2008 
2156.6516       2889.0164       1.3162e-08       -0.2976 
2156.6516       2889.0164       1.6449e-08       -0.4074 
2156.6516       2889.0164       1.9736e-08       -0.5293 
2156.6516       2889.0164       2.3023e-08       -0.6624 
2156.6516       2889.0164       2.6310e-08       -0.8061 
2156.6516       2889.0164       2.9597e-08       -0.9596 
2156.6516       2889.0164       3.2884e-08       -1.1223 
2156.6516       2889.0164       3.6171e-08       -1.2938 
2156.6516       2889.0164       3.9458e-08       -1.4736 
2156.6516       2889.0164       4.2745e-08       -1.6612 
2156.6516       2889.0164       4.6032e-08       -1.8562 
2156.6516       2889.0164       4.9319e-08       -2.0584 
2156.6516       2889.0164       5.2606e-08       -2.2673 
2156.6516       2889.0164       5.5893e-08       -2.4827 
2156.6516       2889.0164       5.9180e-08       -2.7043 
2889.0164       3869.9914       0.0000e+00       -0.9715 
2889.0164       3869.9914       2.3227e-09       -0.6965 
2889.0164       3869.9914       4.6454e-09       -0.4909 
2889.0164       3869.9914       6.9680e-09       -0.3355 
2889.0164       3869.9914       9.2907e-09       -0.2184 
2889.0164       3869.9914       1.1613e-08       -0.1319 
2889.0164       3869.9914       1.3936e-08       -0.0703 
2889.0164       3869.9914       1.6259e-08       -0.0297 
2889.0164       3869.9914       1.8581e-08       -0.0071 
2889.0164       3869.9914       2.0904e-08       0.0000 
2889.0164       3869.9914       2.7367e-08       -0.0476 
2889.0164       3869.9914       3.3830e-08       -0.1739 
2889.0164       3869.9914       4.0293e-08       -0.3610 
2889.0164       3869.9914       4.6756e-08       -0.5973 
2889.0164       3869.9914       5.3218e-08       -0.8745 
2889.0164       3869.9914       5.9681e-08       -1.1865 
2889.0164       3869.9914       6.6144e-08       -1.5287 
2889.0164       3869.9914       7.2607e-08       -1.8973 
2889.0164       3869.9914       7.9070e-08       -2.2896 
2889.0164       3869.9914       8.5533e-08       -2.7029 
3869.9914       5184.0598       0.0000e+00       0.0000 
3869.9914       5184.0598       1.6248e-13       -0.0000 
3869.9914       5184.0598       2.3252e-09       -0.1308 
3869.9914       5184.0598       4.6502e-09       -0.2645 
3869.9914       5184.0598       6.9753e-09       -0.4009 
3869.9914       5184.0598       9.3003e-09       -0.5400 
3869.9914       5184.0598       1.1625e-08       -0.6816 
3869.9914       5184.0598       1.3950e-08       -0.8255 
3869.9914       5184.0598       1.6275e-08       -0.9717 
3869.9914       5184.0598       1.8601e-08       -1.1201 
3869.9914       5184.0598       2.0926e-08       -1.2706 
3869.9914       5184.0598       2.3251e-08       -1.4231 
3869.9914       5184.0598       2.5576e-08       -1.5774 
3869.9914       5184.0598       2.7901e-08       -1.7336 
3869.9914       5184.0598       3.0226e-08       -1.8916 
3869.9914       5184.0598       3.2551e-08       -2.0512 
3869.9914       5184.0598       3.4876e-08       -2.2124 
3869.9914       5184.0598       3.7201e-08       -2.3753 
3869.9914       5184.0598       3.9526e-08       -2.5396 
3869.9914       5184.0598       4.1851e-08       -2.7054 
5184.0598       6944.3244       0.0000e+00       0.0000 
5184.0598       6944.3244       3.9301e-13       -0.0000 
5184.0598       6944.3244       3.0726e-09       -0.1186 
5184.0598       6944.3244       6.1447e-09       -0.2425 
5184.0598       6944.3244       9.2169e-09       -0.3712 
5184.0598       6944.3244       1.2289e-08       -0.5043 
5184.0598       6944.3244       1.5361e-08       -0.6416 
5184.0598       6944.3244       1.8433e-08       -0.7828 
5184.0598       6944.3244       2.1506e-08       -0.9275 
5184.0598       6944.3244       2.4578e-08       -1.0756 
5184.0598       6944.3244       2.7650e-08       -1.2269 
5184.0598       6944.3244       3.0722e-08       -1.3811 
5184.0598       6944.3244       3.3794e-08       -1.5382 
5184.0598       6944.3244       3.6866e-08       -1.6979 
5184.0598       6944.3244       3.9939e-08       -1.8601 
5184.0598       6944.3244       4.3011e-08       -2.0247 
5184.0598       6944.3244       4.6083e-08       -2.1916 
5184.0598       6944.3244       4.9155e-08       -2.3607 
5184.0598       6944.3244       5.2227e-08       -2.5319 
5184.0598       6944.3244       5.5299e-08       -2.7050 
6944.3244       9302.5069       0.0000e+00       -0.8846 
6944.3244       9302.5069       2.7092e-09       -0.6304 
6944.3244       9302.5069       5.4184e-09       -0.4419 
6944.3244       9302.5069       8.1277e-09       -0.3005 
6944.3244       9302.5069       1.0837e-08       -0.1947 
6944.3244       9302.5069       1.3546e-08       -0.1171 
6944.3244       9302.5069       1.6255e-08       -0.0622 
6944.3244       9302.5069       1.8965e-08       -0.0263 
6944.3244       9302.5069       2.1674e-08       -0.0063 
6944.3244       9302.5069       2.4383e-08       0.0000 
6944.3244       9302.5069       3.3216e-08       -0.0545 
6944.3244       9302.5069       4.2048e-08       -0.1948 
6944.3244       9302.5069       5.0881e-08       -0.3967 
6944.3244       9302.5069       5.9714e-08       -0.6452 
6944.3244       9302.5069       6.8546e-08       -0.9301 
6944.3244       9302.5069       7.7379e-08       -1.2444 
6944.3244       9302.5069       8.6212e-08       -1.5829 
6944.3244       9302.5069       9.5044e-08       -1.9418 
6944.3244       9302.5069       1.0388e-07       -2.3180 
6944.3244       9302.5069       1.1271e-07       -2.7091 
9302.5069       12461.2038       0.0000e+00       -0.0862 
9302.5069       12461.2038       1.0725e-08       0.0000 
9302.5069       12461.2038       1.6618e-08       -0.0194 
9302.5069       12461.2038       2.2512e-08       -0.0717 
9302.5069       12461.2038       2.8406e-08       -0.1498 
9302.5069       12461.2038       3.4299e-08       -0.2488 
9302.5069       12461.2038       4.0193e-08       -0.3650 
9302.5069       12461.2038       4.6086e-08       -0.4957 
9302.5069       12461.2038       5.1980e-08       -0.6388 
9302.5069       12461.2038       5.7874e-08       -0.7925 
9302.5069       12461.2038       6.3767e-08       -0.9554 
9302.5069       12461.2038       6.9661e-08       -1.1265 
9302.5069       12461.2038       7.5554e-08       -1.3049 
9302.5069       12461.2038       8.1448e-08       -1.4897 
9302.5069       12461.2038       8.7342e-08       -1.6803 
9302.5069       12461.2038       9.3235e-08       -1.8761 
9302.5069       12461.2038       9.9129e-08       -2.0768 
9302.5069       12461.2038       1.0502e-07       -2.2817 
9302.5069       12461.2038       1.1092e-07       -2.4907 
9302.5069       12461.2038       1.1681e-07       -2.7033 
12461.2038       16692.4468       0.0000e+00       0.0000 
12461.2038       16692.4468       8.4894e-13       -0.0000 
12461.2038       16692.4468       4.3392e-09       -0.1495 
12461.2038       16692.4468       8.6776e-09       -0.2991 
12461.2038       16692.4468       1.3016e-08       -0.4489 
12461.2038       16692.4468       1.7354e-08       -0.5987 
12461.2038       16692.4468       2.1693e-08       -0.7486 
12461.2038       16692.4468       2.6031e-08       -0.8986 
12461.2038       16692.4468       3.0370e-08       -1.0487 
12461.2038       16692.4468       3.4708e-08       -1.1989 
12461.2038       16692.4468       3.9046e-08       -1.3492 
12461.2038       16692.4468       4.3385e-08       -1.4996 
12461.2038       16692.4468       4.7723e-08       -1.6500 
12461.2038       16692.4468       5.2062e-08       -1.8006 
12461.2038       16692.4468       5.6400e-08       -1.9513 
12461.2038       16692.4468       6.0738e-08       -2.1020 
12461.2038       16692.4468       6.5077e-08       -2.2528 
12461.2038       16692.4468       6.9415e-08       -2.4038 
12461.2038       16692.4468       7.3754e-08       -2.5548 
12461.2038       16692.4468       7.8092e-08       -2.7059 
16692.4468       22360.9371       0.0000e+00       -0.0000 
16692.4468       22360.9371       1.0348e-13       0.0000 
16692.4468       22360.9371       5.5796e-09       -0.1481 
16692.4468       22360.9371       1.1159e-08       -0.2965 
16692.4468       22360.9371       1.6739e-08       -0.4451 
16692.4468       22360.9371       2.2318e-08       -0.5941 
16692.4468       22360.9371       2.7898e-08       -0.7434 
16692.4468       22360.9371       3.3477e-08       -0.8929 
16692.4468       22360.9371       3.9057e-08       -1.0427 
16692.4468       22360.9371       4.4636e-08       -1.1928 
16692.4468       22360.9371       5.0216e-08       -1.3431 
16692.4468       22360.9371       5.5795e-08       -1.4936 
16692.4468       22360.9371       6.1375e-08       -1.6444 
16692.4468       22360.9371       6.6955e-08       -1.7954 
16692.4468       22360.9371       7.2534e-08       -1.9466 
16692.4468       22360.9371       7.8114e-08       -2.0981 
16692.4468       22360.9371       8.3693e-08       -2.2497 
16692.4468       22360.9371       8.9273e-08       -2.4016 
16692.4468       22360.9371       9.4852e-08       -2.5536 
16692.4468       22360.9371       1.0043e-07       -2.7059 
22360.9371       29953.6672       0.0000e+00       0.0000 
22360.9371       29953.6672       2.6835e-12       -0.0001 
22360.9371       29953.6672       7.4248e-09       -0.1483 
22360.9371       29953.6672       1.4847e-08       -0.2968 
22360.9371       29953.6672       2.2269e-08       -0.4456 
22360.9371       29953.6672       2.9691e-08       -0.5946 
22360.9371       29953.6672       3.7113e-08       -0.7440 
22360.9371       29953.6672       4.4535e-08       -0.8936 
22360.9371       29953.6672       5.1957e-08       -1.0434 
22360.9371       29953.6672       5.9379e-08       -1.1934 
22360.9371       29953.6672       6.6802e-08       -1.3437 
22360.9371       29953.6672       7.4224e-08       -1.4943 
22360.9371       29953.6672       8.1646e-08       -1.6450 
22360.9371       29953.6672       8.9068e-08       -1.7960 
22360.9371       29953.6672       9.6490e-08       -1.9471 
22360.9371       29953.6672       1.0391e-07       -2.0985 
22360.9371       29953.6672       1.1133e-07       -2.2501 
22360.9371       29953.6672       1.1876e-07       -2.4018 
22360.9371       29953.6672       1.2618e-07       -2.5538 
22360.9371       29953.6672       1.3360e-07       -2.7059 
29953.6672       40124.5339       0.0000e+00       0.0000 
29953.6672       40124.5339       8.7570e-12       -0.0001 
29953.6672       40124.5339       9.9603e-09       -0.1482 
29953.6672       40124.5339       1.9912e-08       -0.2967 
29953.6672       40124.5339       2.9863e-08       -0.4454 
29953.6672       40124.5339       3.9815e-08       -0.5944 
29953.6672       40124.5339       4.9766e-08       -0.7436 
29953.6672       40124.5339       5.9718e-08       -0.8932 
29953.6672       40124.5339       6.9669e-08       -1.0429 
29953.6672       40124.5339       7.9621e-08       -1.1930 
29953.6672       40124.5339       8.9572e-08       -1.3433 
29953.6672       40124.5339       9.9524e-08       -1.4938 
29953.6672       40124.5339       1.0948e-07       -1.6445 
29953.6672       40124.5339       1.1943e-07       -1.7955 
29953.6672       40124.5339       1.2938e-07       -1.9467 
29953.6672       40124.5339       1.3933e-07       -2.0982 
29953.6672       40124.5339       1.4928e-07       -2.2498 
29953.6672       40124.5339       1.5923e-07       -2.4016 
29953.6672       40124.5339       1.6918e-07       -2.5537 
29953.6672       40124.5339       1.7914e-07       -2.7059 
40124.5339       53748.9519       0.0000e+00       0.0000 
40124.5339       53748.9519       8.4379e-12       -0.0001 
40124.5339       53748.9519       1.1699e-08       -0.1504 
40124.5339       53748.9519       2.3389e-08       -0.3007 
40124.5339       53748.9519       3.5079e-08       -0.4511 
40124.5339       53748.9519       4.6769e-08       -0.6014 
40124.5339       53748.9519       5.8459e-08       -0.7517 
40124.5339       53748.9519       7.0150e-08       -0.9020 
40124.5339       53748.9519       8.1840e-08       -1.0524 
40124.5339       53748.9519       9.3530e-08       -1.2027 
40124.5339       53748.9519       1.0522e-07       -1.3530 
40124.5339       53748.9519       1.1691e-07       -1.5033 
40124.5339       53748.9519       1.2860e-07       -1.6536 
40124.5339       53748.9519       1.4029e-07       -1.8040 
40124.5339       53748.9519       1.5198e-07       -1.9543 
40124.5339       53748.9519       1.6367e-07       -2.1046 
40124.5339       53748.9519       1.7536e-07       -2.2549 
40124.5339       53748.9519       1.8705e-07       -2.4052 
40124.5339       53748.9519       1.9874e-07       -2.5556 
40124.5339       53748.9519       2.1043e-07       -2.7059 
53748.9519       72001.2440       0.0000e+00       0.0000 
53748.9519       72001.2440       1.5675e-11       -0.0001 
53748.9519       72001.2440       1.5722e-08       -0.1505 
53748.9519       72001.2440       3.1428e-08       -0.3008 
53748.9519       72001.2440       4.7134e-08       -0.4511 
53748.9519       72001.2440       6.2841e-08       -0.6014 
53748.9519       72001.2440       7.8547e-08       -0.7517 
53748.9519       72001.2440       9.4253e-08       -0.9021 
53748.9519       72001.2440       1.0996e-07       -1.0524 
53748.9519       72001.2440       1.2567e-07       -1.2027 
53748.9519       72001.2440       1.4137e-07       -1.3530 
53748.9519       72001.2440       1.5708e-07       -1.5033 
53748.9519       72001.2440       1.7278e-07       -1.6537 
53748.9519       72001.2440       1.8849e-07       -1.8040 
53748.9519       72001.2440       2.0420e-07       -1.9543 
53748.9519       72001.2440       2.1990e-07       -2.1046 
53748.9519       72001.2440       2.3561e-07       -2.2549 
53748.9519       72001.2440       2.5132e-07       -2.4053 
53748.9519       72001.2440       2.6702e-07       -2.5556 
53748.9519       72001.2440       2.8273e-07       -2.7059 
72001.2440       96449.5043       0.0000e+00       0.0000 
72001.2440       96449.5043       1.6848e-11       -0.0001 
72001.2440       96449.5043       2.1098e-08       -0.1504 
72001.2440       96449.5043       4.2180e-08       -0.3008 
72001.2440       96449.5043       6.3261e-08       -0.4511 
72001.2440       96449.5043       8.4343e-08       -0.6014 
72001.2440       96449.5043       1.0542e-07       -0.7517 
72001.2440       96449.5043       1.2651e-07       -0.9020 
72001.2440       96449.5043       1.4759e-07       -1.0524 
72001.2440       96449.5043       1.6867e-07       -1.2027 
72001.2440       96449.5043       1.8975e-07       -1.3530 
72001.2440       96449.5043       2.1083e-07       -1.5033 
72001.2440       96449.5043       2.3191e-07       -1.6536 
72001.2440       96449.5043       2.5300e-07       -1.8040 
72001.2440       96449.5043       2.7408e-07       -1.9543 
72001.2440       96449.5043       2.9516e-07       -2.1046 
72001.2440       96449.5043       3.1624e-07       -2.2549 
72001.2440       96449.5043       3.3732e-07       -2.4052 
72001.2440       96449.5043       3.5840e-07       -2.5556 
72001.2440       96449.5043       3.7948e-07       -2.7059 
96449.5043       129199.2522       0.0000e+00       -0.0946 
96449.5043       129199.2522       6.2127e-11       -0.0944 
96449.5043       129199.2522       5.0289e-08       0.0000 
96449.5043       129199.2522       1.0052e-07       -0.0007 
96449.5043       129199.2522       1.5074e-07       -0.0569 
96449.5043       129199.2522       2.0097e-07       -0.1493 
96449.5043       129199.2522       2.5120e-07       -0.2672 
96449.5043       129199.2522       3.0142e-07       -0.4042 
96449.5043       129199.2522       3.5165e-07       -0.5558 
96449.5043       129199.2522       4.0188e-07       -0.7191 
96449.5043       129199.2522       4.5210e-07       -0.8919 
96449.5043       129199.2522       5.0233e-07       -1.0726 
96449.5043       129199.2522       5.5256e-07       -1.2599 
96449.5043       129199.2522       6.0278e-07       -1.4530 
96449.5043       129199.2522       6.5301e-07       -1.6509 
96449.5043       129199.2522       7.0324e-07       -1.8531 
96449.5043       129199.2522       7.5346e-07       -2.0592 
96449.5043       129199.2522       8.0369e-07       -2.2685 
96449.5043       129199.2522       8.5392e-07       -2.4809 
96449.5043       129199.2522       9.0414e-07       -2.6960 
129199.2522       173069.2852       0.0000e+00       0.0000 
129199.2522       173069.2852       2.9367e-11       -0.0001 
129199.2522       173069.2852       3.8328e-08       -0.1504 
129199.2522       173069.2852       7.6626e-08       -0.3008 
129199.2522       173069.2852       1.1492e-07       -0.4511 
129199.2522       173069.2852       1.5322e-07       -0.6014 
129199.2522       173069.2852       1.9152e-07       -0.7517 
129199.2522       173069.2852       2.2982e-07       -0.9020 
129199.2522       173069.2852       2.6812e-07       -1.0524 
129199.2522       173069.2852       3.0642e-07       -1.2027 
129199.2522       173069.2852       3.4471e-07       -1.3530 
129199.2522       173069.2852       3.8301e-07       -1.5033 
129199.2522       173069.2852       4.2131e-07       -1.6536 
129199.2522       173069.2852       4.5961e-07       -1.8040 
129199.2522       173069.2852       4.9791e-07       -1.9543 
129199.2522       173069.2852       5.3620e-07       -2.1046 
129199.2522       173069.2852       5.7450e-07       -2.2549 
129199.2522       173069.2852       6.1280e-07       -2.4053 
129199.2522       173069.2852       6.5110e-07       -2.5556 
129199.2522       173069.2852       6.8940e-07       -2.7059 
173069.2852       231840.8711       0.0000e+00       0.0000 
173069.2852       231840.8711       3.3775e-11       -0.0001 
173069.2852       231840.8711       5.1760e-08       -0.1504 
173069.2852       231840.8711       1.0349e-07       -0.3007 
173069.2852       231840.8711       1.5521e-07       -0.4511 
173069.2852       231840.8711       2.0694e-07       -0.6014 
173069.2852       231840.8711       2.5867e-07       -0.7517 
173069.2852       231840.8711       3.1039e-07       -0.9020 
173069.2852       231840.8711       3.6212e-07       -1.0523 
173069.2852       231840.8711       4.1385e-07       -1.2027 
173069.2852       231840.8711       4.6557e-07       -1.3530 
173069.2852       231840.8711       5.1730e-07       -1.5033 
173069.2852       231840.8711       5.6902e-07       -1.6536 
173069.2852       231840.8711       6.2075e-07       -1.8039 
173069.2852       231840.8711       6.7248e-07       -1.9543 
173069.2852       231840.8711       7.2420e-07       -2.1046 
173069.2852       231840.8711       7.7593e-07       -2.2549 
173069.2852       231840.8711       8.2766e-07       -2.4052 
173069.2852       231840.8711       8.7938e-07       -2.5556 
173069.2852       231840.8711       9.3111e-07       -2.7059 
231840.8711       310563.2050       0.0000e+00       0.0000 
231840.8711       310563.2050       3.5670e-11       -0.0001 
231840.8711       310563.2050       6.9249e-08       -0.1504 
231840.8711       310563.2050       1.3846e-07       -0.3007 
231840.8711       310563.2050       2.0767e-07       -0.4510 
231840.8711       310563.2050       2.7689e-07       -0.6014 
231840.8711       310563.2050       3.4610e-07       -0.7517 
231840.8711       310563.2050       4.1531e-07       -0.9020 
231840.8711       310563.2050       4.8453e-07       -1.0523 
231840.8711       310563.2050       5.5374e-07       -1.2027 
231840.8711       310563.2050       6.2295e-07       -1.3530 
231840.8711       310563.2050       6.9216e-07       -1.5033 
231840.8711       310563.2050       7.6138e-07       -1.6536 
231840.8711       310563.2050       8.3059e-07       -1.8040 
231840.8711       310563.2050       8.9980e-07       -1.9543 
231840.8711       310563.2050       9.6902e-07       -2.1046 
231840.8711       310563.2050       1.0382e-06       -2.2549 
231840.8711       310563.2050       1.1074e-06       -2.4053 
231840.8711       310563.2050       1.1767e-06       -2.5556 
231840.8711       310563.2050       1.2459e-06       -2.7059 
310563.2050       416015.9675       0.0000e+00       0.0000 
310563.2050       416015.9675       3.8993e-11       -0.0001 
310563.2050       416015.9675       9.3518e-08       -0.1504 
310563.2050       416015.9675       1.8700e-07       -0.3007 
310563.2050       416015.9675       2.8048e-07       -0.4510 
310563.2050       416015.9675       3.7395e-07       -0.6014 
310563.2050       416015.9675       4.6743e-07       -0.7517 
310563.2050       416015.9675       5.6091e-07       -0.9020 
310563.2050       416015.9675       6.5439e-07       -1.0523 
310563.2050       416015.9675       7.4787e-07       -1.2027 
310563.2050       416015.9675       8.4135e-07       -1.3530 
310563.2050       416015.9675       9.3483e-07       -1.5033 
310563.2050       416015.9675       1.0283e-06       -1.6536 
310563.2050       416015.9675       1.1218e-06       -1.8040 
310563.2050       416015.9675       1.2153e-06       -1.9543 
310563.2050       416015.9675       1.3087e-06       -2.1046 
310563.2050       416015.9675       1.4022e-06       -2.2549 
310563.2050       416015.9675       1.4957e-06       -2.4053 
310563.2050       416015.9675       1.5892e-06       -2.5556 
310563.2050       416015.9675       1.6827e-06       -2.7059 
416015.9675       557275.5639       0.0000e+00       0.0000 
416015.9675       557275.5639       4.2156e-11       -0.0000 
416015.9675       557275.5639       1.2715e-07       -0.1504 
416015.9675       557275.5639       2.5426e-07       -0.3007 
416015.9675       557275.5639       3.8137e-07       -0.4510 
416015.9675       557275.5639       5.0848e-07       -0.6013 
416015.9675       557275.5639       6.3558e-07       -0.7517 
416015.9675       557275.5639       7.6269e-07       -0.9020 
416015.9675       557275.5639       8.8980e-07       -1.0523 
416015.9675       557275.5639       1.0169e-06       -1.2026 
416015.9675       557275.5639       1.1440e-06       -1.3530 
416015.9675       557275.5639       1.2711e-06       -1.5033 
416015.9675       557275.5639       1.3982e-06       -1.6536 
416015.9675       557275.5639       1.5253e-06       -1.8039 
416015.9675       557275.5639       1.6525e-06       -1.9543 
416015.9675       557275.5639       1.7796e-06       -2.1046 
416015.9675       557275.5639       1.9067e-06       -2.2549 
416015.9675       557275.5639       2.0338e-06       -2.4052 
416015.9675       557275.5639       2.1609e-06       -2.5556 
416015.9675       557275.5639       2.2880e-06       -2.7059 
557275.5639       746517.5120       0.0000e+00       0.0000 
557275.5639       746517.5120       4.4712e-11       -0.0000 
557275.5639       746517.5120       1.7470e-07       -0.1504 
557275.5639       746517.5120       3.4936e-07       -0.3007 
557275.5639       746517.5120       5.2402e-07       -0.4510 
557275.5639       746517.5120       6.9868e-07       -0.6013 
557275.5639       746517.5120       8.7333e-07       -0.7517 
557275.5639       746517.5120       1.0480e-06       -0.9020 
557275.5639       746517.5120       1.2226e-06       -1.0523 
557275.5639       746517.5120       1.3973e-06       -1.2026 
557275.5639       746517.5120       1.5720e-06       -1.3530 
557275.5639       746517.5120       1.7466e-06       -1.5033 
557275.5639       746517.5120       1.9213e-06       -1.6536 
557275.5639       746517.5120       2.0959e-06       -1.8039 
557275.5639       746517.5120       2.2706e-06       -1.9543 
557275.5639       746517.5120       2.4453e-06       -2.1046 
557275.5639       746517.5120       2.6199e-06       -2.2549 
557275.5639       746517.5120       2.7946e-06       -2.4052 
557275.5639       746517.5120       2.9692e-06       -2.5556 
557275.5639       746517.5120       3.1439e-06       -2.7059 
746517.5120       1000000.0000       0.0000e+00       0.0000 
746517.5120       1000000.0000       4.7285e-11       -0.0000 
746517.5120       1000000.0000       2.5354e-07       -0.1504 
746517.5120       1000000.0000       5.0703e-07       -0.3007 
746517.5120       1000000.0000       7.6052e-07       -0.4510 
746517.5120       1000000.0000       1.0140e-06       -0.6013 
746517.5120       1000000.0000       1.2675e-06       -0.7517 
746517.5120       1000000.0000       1.5210e-06       -0.9020 
746517.5120       1000000.0000       1.7745e-06       -1.0523 
746517.5120       1000000.0000       2.0280e-06       -1.2026 
746517.5120       1000000.0000       2.2815e-06       -1.3530 
746517.5120       1000000.0000       2.5349e-06       -1.5033 
746517.5120       1000000.0000       2.7884e-06       -1.6536 
746517.5120       1000000.0000       3.0419e-06       -1.8039 
746517.5120       1000000.0000       3.2954e-06       -1.9543 
746517.5120       1000000.0000       3.5489e-06       -2.1046 
746517.5120       1000000.0000       3.8024e-06       -2.2549 
746517.5120       1000000.0000       4.0559e-06       -2.4052 
746517.5120       1000000.0000       4.3094e-06       -2.5556 
746517.5120       1000000.0000       4.5629e-06       -2.7059 
