#Horologium_1  Log10(Jfactor)=19.000   sigmaJ=0.807 
#[0]emin(MeV) [1]emax(MeV) [2]eflux(MeV/cm^2/s) [3]deltaLogLike 
500.0000       669.7766       0.0000e+00       -0.5348 
500.0000       669.7766       4.5020e-09       -0.4185 
500.0000       669.7766       9.0040e-09       -0.3172 
500.0000       669.7766       1.3506e-08       -0.2307 
500.0000       669.7766       1.8008e-08       -0.1584 
500.0000       669.7766       2.2510e-08       -0.1001 
500.0000       669.7766       2.7012e-08       -0.0554 
500.0000       669.7766       3.1514e-08       -0.0240 
500.0000       669.7766       3.6016e-08       -0.0056 
500.0000       669.7766       4.0518e-08       0.0000 
500.0000       669.7766       5.0552e-08       -0.0319 
500.0000       669.7766       6.0586e-08       -0.1230 
500.0000       669.7766       7.0620e-08       -0.2705 
500.0000       669.7766       8.0654e-08       -0.4723 
500.0000       669.7766       9.0688e-08       -0.7262 
500.0000       669.7766       1.0072e-07       -1.0302 
500.0000       669.7766       1.1076e-07       -1.3825 
500.0000       669.7766       1.2079e-07       -1.7814 
500.0000       669.7766       1.3082e-07       -2.2252 
500.0000       669.7766       1.4086e-07       -2.7126 
669.7766       897.2222       0.0000e+00       -0.2827 
669.7766       897.2222       2.1631e-08       0.0000 
669.7766       897.2222       2.5901e-08       -0.0099 
669.7766       897.2222       3.0172e-08       -0.0393 
669.7766       897.2222       3.4443e-08       -0.0876 
669.7766       897.2222       3.8714e-08       -0.1540 
669.7766       897.2222       4.2984e-08       -0.2380 
669.7766       897.2222       4.7255e-08       -0.3389 
669.7766       897.2222       5.1526e-08       -0.4562 
669.7766       897.2222       5.5797e-08       -0.5893 
669.7766       897.2222       6.0067e-08       -0.7379 
669.7766       897.2222       6.4338e-08       -0.9013 
669.7766       897.2222       6.8609e-08       -1.0793 
669.7766       897.2222       7.2879e-08       -1.2713 
669.7766       897.2222       7.7150e-08       -1.4771 
669.7766       897.2222       8.1421e-08       -1.6962 
669.7766       897.2222       8.5692e-08       -1.9282 
669.7766       897.2222       8.9962e-08       -2.1730 
669.7766       897.2222       9.4233e-08       -2.4302 
669.7766       897.2222       9.8504e-08       -2.6994 
897.2222       1201.8769       0.0000e+00       -1.7809 
897.2222       1201.8769       5.0465e-09       -1.3687 
897.2222       1201.8769       1.0093e-08       -1.0214 
897.2222       1201.8769       1.5140e-08       -0.7327 
897.2222       1201.8769       2.0186e-08       -0.4978 
897.2222       1201.8769       2.5233e-08       -0.3123 
897.2222       1201.8769       3.0279e-08       -0.1727 
897.2222       1201.8769       3.5326e-08       -0.0758 
897.2222       1201.8769       4.0372e-08       -0.0191 
897.2222       1201.8769       4.5419e-08       0.0000 
897.2222       1201.8769       5.2373e-08       -0.0316 
897.2222       1201.8769       5.9328e-08       -0.1258 
897.2222       1201.8769       6.6283e-08       -0.2784 
897.2222       1201.8769       7.3237e-08       -0.4857 
897.2222       1201.8769       8.0192e-08       -0.7444 
897.2222       1201.8769       8.7146e-08       -1.0515 
897.2222       1201.8769       9.4101e-08       -1.4045 
897.2222       1201.8769       1.0106e-07       -1.8009 
897.2222       1201.8769       1.0801e-07       -2.2385 
897.2222       1201.8769       1.1496e-07       -2.7154 
1201.8769       1609.9782       0.0000e+00       0.0000 
1201.8769       1609.9782       5.5628e-14       -0.0000 
1201.8769       1609.9782       2.1985e-09       -0.0695 
1201.8769       1609.9782       4.3969e-09       -0.1519 
1201.8769       1609.9782       6.5952e-09       -0.2462 
1201.8769       1609.9782       8.7936e-09       -0.3517 
1201.8769       1609.9782       1.0992e-08       -0.4675 
1201.8769       1609.9782       1.3190e-08       -0.5931 
1201.8769       1609.9782       1.5389e-08       -0.7278 
1201.8769       1609.9782       1.7587e-08       -0.8712 
1201.8769       1609.9782       1.9786e-08       -1.0228 
1201.8769       1609.9782       2.1984e-08       -1.1823 
1201.8769       1609.9782       2.4182e-08       -1.3492 
1201.8769       1609.9782       2.6381e-08       -1.5232 
1201.8769       1609.9782       2.8579e-08       -1.7041 
1201.8769       1609.9782       3.0778e-08       -1.8915 
1201.8769       1609.9782       3.2976e-08       -2.0852 
1201.8769       1609.9782       3.5174e-08       -2.2850 
1201.8769       1609.9782       3.7373e-08       -2.4907 
1201.8769       1609.9782       3.9571e-08       -2.7019 
1609.9782       2156.6516       0.0000e+00       0.0000 
1609.9782       2156.6516       4.3945e-13       -0.0000 
1609.9782       2156.6516       2.4135e-09       -0.0685 
1609.9782       2156.6516       4.8266e-09       -0.1501 
1609.9782       2156.6516       7.2396e-09       -0.2438 
1609.9782       2156.6516       9.6527e-09       -0.3487 
1609.9782       2156.6516       1.2066e-08       -0.4642 
1609.9782       2156.6516       1.4479e-08       -0.5896 
1609.9782       2156.6516       1.6892e-08       -0.7243 
1609.9782       2156.6516       1.9305e-08       -0.8677 
1609.9782       2156.6516       2.1718e-08       -1.0195 
1609.9782       2156.6516       2.4131e-08       -1.1793 
1609.9782       2156.6516       2.6544e-08       -1.3465 
1609.9782       2156.6516       2.8957e-08       -1.5210 
1609.9782       2156.6516       3.1370e-08       -1.7023 
1609.9782       2156.6516       3.3783e-08       -1.8903 
1609.9782       2156.6516       3.6196e-08       -2.0846 
1609.9782       2156.6516       3.8609e-08       -2.2849 
1609.9782       2156.6516       4.1022e-08       -2.4911 
1609.9782       2156.6516       4.3436e-08       -2.7030 
2156.6516       2889.0164       0.0000e+00       -0.0000 
2156.6516       2889.0164       2.0201e-13       0.0000 
2156.6516       2889.0164       2.8112e-09       -0.0492 
2156.6516       2889.0164       5.6222e-09       -0.1153 
2156.6516       2889.0164       8.4332e-09       -0.1970 
2156.6516       2889.0164       1.1244e-08       -0.2928 
2156.6516       2889.0164       1.4055e-08       -0.4019 
2156.6516       2889.0164       1.6866e-08       -0.5231 
2156.6516       2889.0164       1.9677e-08       -0.6557 
2156.6516       2889.0164       2.2488e-08       -0.7990 
2156.6516       2889.0164       2.5299e-08       -0.9523 
2156.6516       2889.0164       2.8110e-08       -1.1150 
2156.6516       2889.0164       3.0921e-08       -1.2867 
2156.6516       2889.0164       3.3732e-08       -1.4667 
2156.6516       2889.0164       3.6543e-08       -1.6549 
2156.6516       2889.0164       3.9354e-08       -1.8505 
2156.6516       2889.0164       4.2165e-08       -2.0535 
2156.6516       2889.0164       4.4976e-08       -2.2635 
2156.6516       2889.0164       4.7787e-08       -2.4800 
2156.6516       2889.0164       5.0598e-08       -2.7030 
2889.0164       3869.9914       0.0000e+00       -1.4263 
2889.0164       3869.9914       2.9692e-09       -1.0405 
2889.0164       3869.9914       5.9384e-09       -0.7439 
2889.0164       3869.9914       8.9076e-09       -0.5146 
2889.0164       3869.9914       1.1877e-08       -0.3385 
2889.0164       3869.9914       1.4846e-08       -0.2062 
2889.0164       3869.9914       1.7815e-08       -0.1109 
2889.0164       3869.9914       2.0784e-08       -0.0473 
2889.0164       3869.9914       2.3754e-08       -0.0114 
2889.0164       3869.9914       2.6723e-08       0.0000 
2889.0164       3869.9914       3.2739e-08       -0.0417 
2889.0164       3869.9914       3.8756e-08       -0.1568 
2889.0164       3869.9914       4.4772e-08       -0.3332 
2889.0164       3869.9914       5.0789e-08       -0.5617 
2889.0164       3869.9914       5.6805e-08       -0.8354 
2889.0164       3869.9914       6.2822e-08       -1.1485 
2889.0164       3869.9914       6.8838e-08       -1.4967 
2889.0164       3869.9914       7.4855e-08       -1.8760 
2889.0164       3869.9914       8.0871e-08       -2.2836 
2889.0164       3869.9914       8.6888e-08       -2.7167 
3869.9914       5184.0598       0.0000e+00       0.0000 
3869.9914       5184.0598       7.5715e-16       -0.0000 
3869.9914       5184.0598       2.3155e-09       -0.1194 
3869.9914       5184.0598       4.6310e-09       -0.2435 
3869.9914       5184.0598       6.9465e-09       -0.3720 
3869.9914       5184.0598       9.2621e-09       -0.5047 
3869.9914       5184.0598       1.1578e-08       -0.6413 
3869.9914       5184.0598       1.3893e-08       -0.7817 
3869.9914       5184.0598       1.6209e-08       -0.9256 
3869.9914       5184.0598       1.8524e-08       -1.0729 
3869.9914       5184.0598       2.0840e-08       -1.2236 
3869.9914       5184.0598       2.3155e-08       -1.3773 
3869.9914       5184.0598       2.5471e-08       -1.5340 
3869.9914       5184.0598       2.7786e-08       -1.6936 
3869.9914       5184.0598       3.0102e-08       -1.8559 
3869.9914       5184.0598       3.2417e-08       -2.0209 
3869.9914       5184.0598       3.4733e-08       -2.1884 
3869.9914       5184.0598       3.7048e-08       -2.3584 
3869.9914       5184.0598       3.9364e-08       -2.5307 
3869.9914       5184.0598       4.1679e-08       -2.7053 
5184.0598       6944.3244       0.0000e+00       -0.0000 
5184.0598       6944.3244       9.6216e-16       0.0000 
5184.0598       6944.3244       2.3217e-09       -0.1282 
5184.0598       6944.3244       4.6434e-09       -0.2598 
5184.0598       6944.3244       6.9650e-09       -0.3947 
5184.0598       6944.3244       9.2867e-09       -0.5327 
5184.0598       6944.3244       1.1608e-08       -0.6735 
5184.0598       6944.3244       1.3930e-08       -0.8171 
5184.0598       6944.3244       1.6252e-08       -0.9632 
5184.0598       6944.3244       1.8573e-08       -1.1116 
5184.0598       6944.3244       2.0895e-08       -1.2624 
5184.0598       6944.3244       2.3217e-08       -1.4154 
5184.0598       6944.3244       2.5538e-08       -1.5703 
5184.0598       6944.3244       2.7860e-08       -1.7273 
5184.0598       6944.3244       3.0182e-08       -1.8861 
5184.0598       6944.3244       3.2503e-08       -2.0467 
5184.0598       6944.3244       3.4825e-08       -2.2091 
5184.0598       6944.3244       3.7147e-08       -2.3730 
5184.0598       6944.3244       3.9469e-08       -2.5386 
5184.0598       6944.3244       4.1790e-08       -2.7056 
6944.3244       9302.5069       0.0000e+00       -0.0000 
6944.3244       9302.5069       2.3201e-14       0.0000 
6944.3244       9302.5069       2.0931e-09       -0.1492 
6944.3244       9302.5069       4.1861e-09       -0.2986 
6944.3244       9302.5069       6.2792e-09       -0.4481 
6944.3244       9302.5069       8.3722e-09       -0.5977 
6944.3244       9302.5069       1.0465e-08       -0.7475 
6944.3244       9302.5069       1.2558e-08       -0.8973 
6944.3244       9302.5069       1.4651e-08       -1.0474 
6944.3244       9302.5069       1.6744e-08       -1.1975 
6944.3244       9302.5069       1.8837e-08       -1.3478 
6944.3244       9302.5069       2.0930e-08       -1.4982 
6944.3244       9302.5069       2.3023e-08       -1.6487 
6944.3244       9302.5069       2.5117e-08       -1.7994 
6944.3244       9302.5069       2.7210e-08       -1.9502 
6944.3244       9302.5069       2.9303e-08       -2.1011 
6944.3244       9302.5069       3.1396e-08       -2.2521 
6944.3244       9302.5069       3.3489e-08       -2.4032 
6944.3244       9302.5069       3.5582e-08       -2.5545 
6944.3244       9302.5069       3.7675e-08       -2.7059 
9302.5069       12461.2038       0.0000e+00       0.0000 
9302.5069       12461.2038       3.3375e-16       -0.0000 
9302.5069       12461.2038       3.2125e-09       -0.1308 
9302.5069       12461.2038       6.4249e-09       -0.2652 
9302.5069       12461.2038       9.6374e-09       -0.4027 
9302.5069       12461.2038       1.2850e-08       -0.5430 
9302.5069       12461.2038       1.6062e-08       -0.6860 
9302.5069       12461.2038       1.9275e-08       -0.8313 
9302.5069       12461.2038       2.2487e-08       -0.9787 
9302.5069       12461.2038       2.5700e-08       -1.1282 
9302.5069       12461.2038       2.8912e-08       -1.2795 
9302.5069       12461.2038       3.2125e-08       -1.4324 
9302.5069       12461.2038       3.5337e-08       -1.5870 
9302.5069       12461.2038       3.8550e-08       -1.7431 
9302.5069       12461.2038       4.1762e-08       -1.9005 
9302.5069       12461.2038       4.4975e-08       -2.0592 
9302.5069       12461.2038       4.8187e-08       -2.2191 
9302.5069       12461.2038       5.1399e-08       -2.3802 
9302.5069       12461.2038       5.4612e-08       -2.5423 
9302.5069       12461.2038       5.7824e-08       -2.7054 
12461.2038       16692.4468       0.0000e+00       0.0000 
12461.2038       16692.4468       4.6856e-17       -0.0000 
12461.2038       16692.4468       3.5903e-09       -0.1484 
12461.2038       16692.4468       7.1805e-09       -0.2971 
12461.2038       16692.4468       1.0771e-08       -0.4460 
12461.2038       16692.4468       1.4361e-08       -0.5951 
12461.2038       16692.4468       1.7951e-08       -0.7445 
12461.2038       16692.4468       2.1542e-08       -0.8941 
12461.2038       16692.4468       2.5132e-08       -1.0440 
12461.2038       16692.4468       2.8722e-08       -1.1940 
12461.2038       16692.4468       3.2312e-08       -1.3443 
12461.2038       16692.4468       3.5903e-08       -1.4948 
12461.2038       16692.4468       3.9493e-08       -1.6455 
12461.2038       16692.4468       4.3083e-08       -1.7964 
12461.2038       16692.4468       4.6673e-08       -1.9475 
12461.2038       16692.4468       5.0264e-08       -2.0988 
12461.2038       16692.4468       5.3854e-08       -2.2503 
12461.2038       16692.4468       5.7444e-08       -2.4020 
12461.2038       16692.4468       6.1035e-08       -2.5538 
12461.2038       16692.4468       6.4625e-08       -2.7059 
16692.4468       22360.9371       0.0000e+00       0.0000 
16692.4468       22360.9371       2.3809e-11       -0.0006 
16692.4468       22360.9371       5.1950e-09       -0.1401 
16692.4468       22360.9371       1.0366e-08       -0.2813 
16692.4468       22360.9371       1.5537e-08       -0.4242 
16692.4468       22360.9371       2.0708e-08       -0.5686 
16692.4468       22360.9371       2.5880e-08       -0.7145 
16692.4468       22360.9371       3.1051e-08       -0.8617 
16692.4468       22360.9371       3.6222e-08       -1.0101 
16692.4468       22360.9371       4.1393e-08       -1.1596 
16692.4468       22360.9371       4.6564e-08       -1.3103 
16692.4468       22360.9371       5.1735e-08       -1.4619 
16692.4468       22360.9371       5.6907e-08       -1.6145 
16692.4468       22360.9371       6.2078e-08       -1.7680 
16692.4468       22360.9371       6.7249e-08       -1.9224 
16692.4468       22360.9371       7.2420e-08       -2.0776 
16692.4468       22360.9371       7.7591e-08       -2.2335 
16692.4468       22360.9371       8.2762e-08       -2.3902 
16692.4468       22360.9371       8.7934e-08       -2.5475 
16692.4468       22360.9371       9.3105e-08       -2.7055 
22360.9371       29953.6672       0.0000e+00       -0.0303 
22360.9371       29953.6672       1.2550e-11       -0.0302 
22360.9371       29953.6672       9.8655e-09       0.0000 
22360.9371       29953.6672       1.9719e-08       -0.0340 
22360.9371       29953.6672       2.9571e-08       -0.1087 
22360.9371       29953.6672       3.9424e-08       -0.2117 
22360.9371       29953.6672       4.9277e-08       -0.3354 
22360.9371       29953.6672       5.9130e-08       -0.4750 
22360.9371       29953.6672       6.8983e-08       -0.6271 
22360.9371       29953.6672       7.8836e-08       -0.7895 
22360.9371       29953.6672       8.8689e-08       -0.9603 
22360.9371       29953.6672       9.8542e-08       -1.1382 
22360.9371       29953.6672       1.0840e-07       -1.3222 
22360.9371       29953.6672       1.1825e-07       -1.5115 
22360.9371       29953.6672       1.2810e-07       -1.7054 
22360.9371       29953.6672       1.3795e-07       -1.9033 
22360.9371       29953.6672       1.4781e-07       -2.1048 
22360.9371       29953.6672       1.5766e-07       -2.3095 
22360.9371       29953.6672       1.6751e-07       -2.5172 
22360.9371       29953.6672       1.7737e-07       -2.7275 
29953.6672       40124.5339       0.0000e+00       0.0000 
29953.6672       40124.5339       6.5758e-12       -0.0001 
29953.6672       40124.5339       7.2113e-09       -0.1504 
29953.6672       40124.5339       1.4416e-08       -0.3007 
29953.6672       40124.5339       2.1621e-08       -0.4510 
29953.6672       40124.5339       2.8826e-08       -0.6013 
29953.6672       40124.5339       3.6030e-08       -0.7516 
29953.6672       40124.5339       4.3235e-08       -0.9019 
29953.6672       40124.5339       5.0440e-08       -1.0522 
29953.6672       40124.5339       5.7644e-08       -1.2025 
29953.6672       40124.5339       6.4849e-08       -1.3528 
29953.6672       40124.5339       7.2054e-08       -1.5031 
29953.6672       40124.5339       7.9259e-08       -1.6535 
29953.6672       40124.5339       8.6463e-08       -1.8038 
29953.6672       40124.5339       9.3668e-08       -1.9541 
29953.6672       40124.5339       1.0087e-07       -2.1045 
29953.6672       40124.5339       1.0808e-07       -2.2548 
29953.6672       40124.5339       1.1528e-07       -2.4052 
29953.6672       40124.5339       1.2249e-07       -2.5555 
29953.6672       40124.5339       1.2969e-07       -2.7059 
40124.5339       53748.9519       0.0000e+00       0.0000 
40124.5339       53748.9519       3.4553e-12       -0.0001 
40124.5339       53748.9519       9.7194e-09       -0.1502 
40124.5339       53748.9519       1.9435e-08       -0.3004 
40124.5339       53748.9519       2.9151e-08       -0.4506 
40124.5339       53748.9519       3.8867e-08       -0.6008 
40124.5339       53748.9519       4.8583e-08       -0.7511 
40124.5339       53748.9519       5.8299e-08       -0.9014 
40124.5339       53748.9519       6.8015e-08       -1.0516 
40124.5339       53748.9519       7.7731e-08       -1.2019 
40124.5339       53748.9519       8.7447e-08       -1.3523 
40124.5339       53748.9519       9.7162e-08       -1.5026 
40124.5339       53748.9519       1.0688e-07       -1.6529 
40124.5339       53748.9519       1.1659e-07       -1.8033 
40124.5339       53748.9519       1.2631e-07       -1.9537 
40124.5339       53748.9519       1.3603e-07       -2.1041 
40124.5339       53748.9519       1.4574e-07       -2.2545 
40124.5339       53748.9519       1.5546e-07       -2.4050 
40124.5339       53748.9519       1.6517e-07       -2.5554 
40124.5339       53748.9519       1.7489e-07       -2.7059 
53748.9519       72001.2440       0.0000e+00       0.0000 
53748.9519       72001.2440       1.8144e-12       -0.0000 
53748.9519       72001.2440       1.2681e-08       -0.1503 
53748.9519       72001.2440       2.5361e-08       -0.3007 
53748.9519       72001.2440       3.8040e-08       -0.4510 
53748.9519       72001.2440       5.0720e-08       -0.6013 
53748.9519       72001.2440       6.3399e-08       -0.7517 
53748.9519       72001.2440       7.6079e-08       -0.9020 
53748.9519       72001.2440       8.8758e-08       -1.0523 
53748.9519       72001.2440       1.0144e-07       -1.2026 
53748.9519       72001.2440       1.1412e-07       -1.3530 
53748.9519       72001.2440       1.2680e-07       -1.5033 
53748.9519       72001.2440       1.3948e-07       -1.6536 
53748.9519       72001.2440       1.5216e-07       -1.8039 
53748.9519       72001.2440       1.6483e-07       -1.9543 
53748.9519       72001.2440       1.7751e-07       -2.1046 
53748.9519       72001.2440       1.9019e-07       -2.2549 
53748.9519       72001.2440       2.0287e-07       -2.4052 
53748.9519       72001.2440       2.1555e-07       -2.5556 
53748.9519       72001.2440       2.2823e-07       -2.7059 
72001.2440       96449.5043       0.0000e+00       0.0000 
72001.2440       96449.5043       9.5259e-13       -0.0000 
72001.2440       96449.5043       1.7084e-08       -0.1503 
72001.2440       96449.5043       3.4166e-08       -0.3007 
72001.2440       96449.5043       5.1249e-08       -0.4510 
72001.2440       96449.5043       6.8331e-08       -0.6013 
72001.2440       96449.5043       8.5414e-08       -0.7516 
72001.2440       96449.5043       1.0250e-07       -0.9020 
72001.2440       96449.5043       1.1958e-07       -1.0523 
72001.2440       96449.5043       1.3666e-07       -1.2026 
72001.2440       96449.5043       1.5374e-07       -1.3529 
72001.2440       96449.5043       1.7083e-07       -1.5033 
72001.2440       96449.5043       1.8791e-07       -1.6536 
72001.2440       96449.5043       2.0499e-07       -1.8039 
72001.2440       96449.5043       2.2207e-07       -1.9543 
72001.2440       96449.5043       2.3916e-07       -2.1046 
72001.2440       96449.5043       2.5624e-07       -2.2549 
72001.2440       96449.5043       2.7332e-07       -2.4052 
72001.2440       96449.5043       2.9041e-07       -2.5556 
72001.2440       96449.5043       3.0749e-07       -2.7059 
96449.5043       129199.2522       0.0000e+00       -0.0000 
96449.5043       129199.2522       5.0011e-13       0.0000 
96449.5043       129199.2522       2.3050e-08       -0.1503 
96449.5043       129199.2522       4.6100e-08       -0.3007 
96449.5043       129199.2522       6.9150e-08       -0.4510 
96449.5043       129199.2522       9.2200e-08       -0.6013 
96449.5043       129199.2522       1.1525e-07       -0.7516 
96449.5043       129199.2522       1.3830e-07       -0.9020 
96449.5043       129199.2522       1.6135e-07       -1.0523 
96449.5043       129199.2522       1.8440e-07       -1.2026 
96449.5043       129199.2522       2.0745e-07       -1.3529 
96449.5043       129199.2522       2.3050e-07       -1.5033 
96449.5043       129199.2522       2.5355e-07       -1.6536 
96449.5043       129199.2522       2.7660e-07       -1.8039 
96449.5043       129199.2522       2.9965e-07       -1.9543 
96449.5043       129199.2522       3.2270e-07       -2.1046 
96449.5043       129199.2522       3.4575e-07       -2.2549 
96449.5043       129199.2522       3.6880e-07       -2.4053 
96449.5043       129199.2522       3.9185e-07       -2.5556 
96449.5043       129199.2522       4.1490e-07       -2.7059 
129199.2522       173069.2852       0.0000e+00       0.0000 
129199.2522       173069.2852       2.6256e-13       -0.0000 
129199.2522       173069.2852       3.1080e-08       -0.1503 
129199.2522       173069.2852       6.2160e-08       -0.3007 
129199.2522       173069.2852       9.3241e-08       -0.4510 
129199.2522       173069.2852       1.2432e-07       -0.6013 
129199.2522       173069.2852       1.5540e-07       -0.7516 
129199.2522       173069.2852       1.8648e-07       -0.9020 
129199.2522       173069.2852       2.1756e-07       -1.0523 
129199.2522       173069.2852       2.4864e-07       -1.2026 
129199.2522       173069.2852       2.7972e-07       -1.3529 
129199.2522       173069.2852       3.1080e-07       -1.5033 
129199.2522       173069.2852       3.4188e-07       -1.6536 
129199.2522       173069.2852       3.7296e-07       -1.8039 
129199.2522       173069.2852       4.0404e-07       -1.9543 
129199.2522       173069.2852       4.3512e-07       -2.1046 
129199.2522       173069.2852       4.6620e-07       -2.2549 
129199.2522       173069.2852       4.9728e-07       -2.4052 
129199.2522       173069.2852       5.2836e-07       -2.5556 
129199.2522       173069.2852       5.5944e-07       -2.7059 
173069.2852       231840.8711       0.0000e+00       -0.0000 
173069.2852       231840.8711       1.3785e-13       0.0000 
173069.2852       231840.8711       4.1799e-08       -0.1503 
173069.2852       231840.8711       8.3598e-08       -0.3007 
173069.2852       231840.8711       1.2540e-07       -0.4510 
173069.2852       231840.8711       1.6720e-07       -0.6013 
173069.2852       231840.8711       2.0899e-07       -0.7516 
173069.2852       231840.8711       2.5079e-07       -0.9020 
173069.2852       231840.8711       2.9259e-07       -1.0523 
173069.2852       231840.8711       3.3439e-07       -1.2026 
173069.2852       231840.8711       3.7619e-07       -1.3529 
173069.2852       231840.8711       4.1799e-07       -1.5033 
173069.2852       231840.8711       4.5979e-07       -1.6536 
173069.2852       231840.8711       5.0159e-07       -1.8039 
173069.2852       231840.8711       5.4339e-07       -1.9543 
173069.2852       231840.8711       5.8518e-07       -2.1046 
173069.2852       231840.8711       6.2698e-07       -2.2549 
173069.2852       231840.8711       6.6878e-07       -2.4052 
173069.2852       231840.8711       7.1058e-07       -2.5556 
173069.2852       231840.8711       7.5238e-07       -2.7059 
231840.8711       310563.2050       0.0000e+00       -0.0000 
231840.8711       310563.2050       7.2361e-14       0.0000 
231840.8711       310563.2050       5.6277e-08       -0.1503 
231840.8711       310563.2050       1.1255e-07       -0.3007 
231840.8711       310563.2050       1.6883e-07       -0.4510 
231840.8711       310563.2050       2.2511e-07       -0.6013 
231840.8711       310563.2050       2.8139e-07       -0.7516 
231840.8711       310563.2050       3.3766e-07       -0.9020 
231840.8711       310563.2050       3.9394e-07       -1.0523 
231840.8711       310563.2050       4.5022e-07       -1.2026 
231840.8711       310563.2050       5.0649e-07       -1.3529 
231840.8711       310563.2050       5.6277e-07       -1.5033 
231840.8711       310563.2050       6.1905e-07       -1.6536 
231840.8711       310563.2050       6.7533e-07       -1.8039 
231840.8711       310563.2050       7.3160e-07       -1.9543 
231840.8711       310563.2050       7.8788e-07       -2.1046 
231840.8711       310563.2050       8.4416e-07       -2.2549 
231840.8711       310563.2050       9.0043e-07       -2.4052 
231840.8711       310563.2050       9.5671e-07       -2.5556 
231840.8711       310563.2050       1.0130e-06       -2.7059 
310563.2050       416015.9675       0.0000e+00       -0.0000 
310563.2050       416015.9675       3.7989e-14       0.0000 
310563.2050       416015.9675       7.5908e-08       -0.1503 
310563.2050       416015.9675       1.5181e-07       -0.3007 
310563.2050       416015.9675       2.2772e-07       -0.4510 
310563.2050       416015.9675       3.0363e-07       -0.6013 
310563.2050       416015.9675       3.7954e-07       -0.7516 
310563.2050       416015.9675       4.5544e-07       -0.9020 
310563.2050       416015.9675       5.3135e-07       -1.0523 
310563.2050       416015.9675       6.0726e-07       -1.2026 
310563.2050       416015.9675       6.8317e-07       -1.3529 
310563.2050       416015.9675       7.5907e-07       -1.5033 
310563.2050       416015.9675       8.3498e-07       -1.6536 
310563.2050       416015.9675       9.1089e-07       -1.8039 
310563.2050       416015.9675       9.8680e-07       -1.9543 
310563.2050       416015.9675       1.0627e-06       -2.1046 
310563.2050       416015.9675       1.1386e-06       -2.2549 
310563.2050       416015.9675       1.2145e-06       -2.4052 
310563.2050       416015.9675       1.2904e-06       -2.5556 
310563.2050       416015.9675       1.3663e-06       -2.7059 
416015.9675       557275.5639       0.0000e+00       -0.0000 
416015.9675       557275.5639       1.9944e-14       0.0000 
416015.9675       557275.5639       1.0304e-07       -0.1503 
416015.9675       557275.5639       2.0607e-07       -0.3006 
416015.9675       557275.5639       3.0911e-07       -0.4510 
416015.9675       557275.5639       4.1214e-07       -0.6013 
416015.9675       557275.5639       5.1518e-07       -0.7516 
416015.9675       557275.5639       6.1821e-07       -0.9020 
416015.9675       557275.5639       7.2125e-07       -1.0523 
416015.9675       557275.5639       8.2428e-07       -1.2026 
416015.9675       557275.5639       9.2732e-07       -1.3529 
416015.9675       557275.5639       1.0304e-06       -1.5033 
416015.9675       557275.5639       1.1334e-06       -1.6536 
416015.9675       557275.5639       1.2364e-06       -1.8039 
416015.9675       557275.5639       1.3395e-06       -1.9543 
416015.9675       557275.5639       1.4425e-06       -2.1046 
416015.9675       557275.5639       1.5455e-06       -2.2549 
416015.9675       557275.5639       1.6486e-06       -2.4052 
416015.9675       557275.5639       1.7516e-06       -2.5556 
416015.9675       557275.5639       1.8546e-06       -2.7059 
557275.5639       746517.5120       0.0000e+00       -0.0000 
557275.5639       746517.5120       1.0471e-14       0.0000 
557275.5639       746517.5120       1.4104e-07       -0.1503 
557275.5639       746517.5120       2.8208e-07       -0.3007 
557275.5639       746517.5120       4.2312e-07       -0.4510 
557275.5639       746517.5120       5.6417e-07       -0.6013 
557275.5639       746517.5120       7.0521e-07       -0.7516 
557275.5639       746517.5120       8.4625e-07       -0.9020 
557275.5639       746517.5120       9.8729e-07       -1.0523 
557275.5639       746517.5120       1.1283e-06       -1.2026 
557275.5639       746517.5120       1.2694e-06       -1.3530 
557275.5639       746517.5120       1.4104e-06       -1.5033 
557275.5639       746517.5120       1.5515e-06       -1.6536 
557275.5639       746517.5120       1.6925e-06       -1.8039 
557275.5639       746517.5120       1.8335e-06       -1.9543 
557275.5639       746517.5120       1.9746e-06       -2.1046 
557275.5639       746517.5120       2.1156e-06       -2.2549 
557275.5639       746517.5120       2.2567e-06       -2.4052 
557275.5639       746517.5120       2.3977e-06       -2.5556 
557275.5639       746517.5120       2.5387e-06       -2.7059 
746517.5120       1000000.0000       0.0000e+00       -0.0000 
746517.5120       1000000.0000       5.4965e-15       0.0000 
746517.5120       1000000.0000       2.0233e-07       -0.1503 
746517.5120       1000000.0000       4.0466e-07       -0.3007 
746517.5120       1000000.0000       6.0699e-07       -0.4510 
746517.5120       1000000.0000       8.0932e-07       -0.6013 
746517.5120       1000000.0000       1.0117e-06       -0.7516 
746517.5120       1000000.0000       1.2140e-06       -0.9020 
746517.5120       1000000.0000       1.4163e-06       -1.0523 
746517.5120       1000000.0000       1.6186e-06       -1.2026 
746517.5120       1000000.0000       1.8210e-06       -1.3530 
746517.5120       1000000.0000       2.0233e-06       -1.5033 
746517.5120       1000000.0000       2.2256e-06       -1.6536 
746517.5120       1000000.0000       2.4280e-06       -1.8039 
746517.5120       1000000.0000       2.6303e-06       -1.9543 
746517.5120       1000000.0000       2.8326e-06       -2.1046 
746517.5120       1000000.0000       3.0350e-06       -2.2549 
746517.5120       1000000.0000       3.2373e-06       -2.4052 
746517.5120       1000000.0000       3.4396e-06       -2.5556 
746517.5120       1000000.0000       3.6419e-06       -2.7059 
