#Sextans  Log10(Jfactor)=17.730   sigmaJ=0.125 
#[0]emin(MeV) [1]emax(MeV) [2]eflux(MeV/cm^2/s) [3]deltaLogLike 
500.0000       669.7766       0.0000e+00       0.0000 
500.0000       669.7766       2.1337e-11       -0.0002 
500.0000       669.7766       5.5327e-09       -0.0624 
500.0000       669.7766       1.1044e-08       -0.1360 
500.0000       669.7766       1.6555e-08       -0.2210 
500.0000       669.7766       2.2067e-08       -0.3169 
500.0000       669.7766       2.7578e-08       -0.4237 
500.0000       669.7766       3.3089e-08       -0.5410 
500.0000       669.7766       3.8601e-08       -0.6686 
500.0000       669.7766       4.4112e-08       -0.8064 
500.0000       669.7766       4.9623e-08       -0.9540 
500.0000       669.7766       5.5135e-08       -1.1114 
500.0000       669.7766       6.0646e-08       -1.2784 
500.0000       669.7766       6.6157e-08       -1.4547 
500.0000       669.7766       7.1669e-08       -1.6403 
500.0000       669.7766       7.7180e-08       -1.8348 
500.0000       669.7766       8.2691e-08       -2.0383 
500.0000       669.7766       8.8203e-08       -2.2504 
500.0000       669.7766       9.3714e-08       -2.4712 
500.0000       669.7766       9.9225e-08       -2.7004 
669.7766       897.2222       0.0000e+00       0.0000 
669.7766       897.2222       5.2893e-12       -0.0001 
669.7766       897.2222       3.7461e-09       -0.0881 
669.7766       897.2222       7.4869e-09       -0.1844 
669.7766       897.2222       1.1228e-08       -0.2890 
669.7766       897.2222       1.4969e-08       -0.4014 
669.7766       897.2222       1.8709e-08       -0.5216 
669.7766       897.2222       2.2450e-08       -0.6492 
669.7766       897.2222       2.6191e-08       -0.7842 
669.7766       897.2222       2.9932e-08       -0.9262 
669.7766       897.2222       3.3673e-08       -1.0752 
669.7766       897.2222       3.7414e-08       -1.2310 
669.7766       897.2222       4.1154e-08       -1.3934 
669.7766       897.2222       4.4895e-08       -1.5622 
669.7766       897.2222       4.8636e-08       -1.7374 
669.7766       897.2222       5.2377e-08       -1.9187 
669.7766       897.2222       5.6118e-08       -2.1061 
669.7766       897.2222       5.9859e-08       -2.2994 
669.7766       897.2222       6.3599e-08       -2.4985 
669.7766       897.2222       6.7340e-08       -2.7034 
897.2222       1201.8769       0.0000e+00       -1.0441 
897.2222       1201.8769       5.0915e-09       -0.8057 
897.2222       1201.8769       1.0183e-08       -0.6032 
897.2222       1201.8769       1.5275e-08       -0.4338 
897.2222       1201.8769       2.0366e-08       -0.2951 
897.2222       1201.8769       2.5458e-08       -0.1852 
897.2222       1201.8769       3.0549e-08       -0.1022 
897.2222       1201.8769       3.5641e-08       -0.0446 
897.2222       1201.8769       4.0732e-08       -0.0110 
897.2222       1201.8769       4.5824e-08       0.0000 
897.2222       1201.8769       5.4924e-08       -0.0335 
897.2222       1201.8769       6.4025e-08       -0.1302 
897.2222       1201.8769       7.3125e-08       -0.2854 
897.2222       1201.8769       8.2225e-08       -0.4948 
897.2222       1201.8769       9.1326e-08       -0.7550 
897.2222       1201.8769       1.0043e-07       -1.0627 
897.2222       1201.8769       1.0953e-07       -1.4151 
897.2222       1201.8769       1.1863e-07       -1.8098 
897.2222       1201.8769       1.2773e-07       -2.2445 
897.2222       1201.8769       1.3683e-07       -2.7172 
1201.8769       1609.9782       0.0000e+00       0.0000 
1201.8769       1609.9782       1.5824e-12       -0.0001 
1201.8769       1609.9782       2.0312e-09       -0.1135 
1201.8769       1609.9782       4.0609e-09       -0.2325 
1201.8769       1609.9782       6.0905e-09       -0.3566 
1201.8769       1609.9782       8.1202e-09       -0.4857 
1201.8769       1609.9782       1.0150e-08       -0.6194 
1201.8769       1609.9782       1.2179e-08       -0.7576 
1201.8769       1609.9782       1.4209e-08       -0.9001 
1201.8769       1609.9782       1.6239e-08       -1.0466 
1201.8769       1609.9782       1.8268e-08       -1.1971 
1201.8769       1609.9782       2.0298e-08       -1.3513 
1201.8769       1609.9782       2.2328e-08       -1.5091 
1201.8769       1609.9782       2.4357e-08       -1.6704 
1201.8769       1609.9782       2.6387e-08       -1.8350 
1201.8769       1609.9782       2.8417e-08       -2.0029 
1201.8769       1609.9782       3.0446e-08       -2.1739 
1201.8769       1609.9782       3.2476e-08       -2.3479 
1201.8769       1609.9782       3.4506e-08       -2.5248 
1201.8769       1609.9782       3.6535e-08       -2.7046 
1609.9782       2156.6516       0.0000e+00       -0.7500 
1609.9782       2156.6516       3.3157e-09       -0.5675 
1609.9782       2156.6516       6.6313e-09       -0.4178 
1609.9782       2156.6516       9.9470e-09       -0.2961 
1609.9782       2156.6516       1.3263e-08       -0.1989 
1609.9782       2156.6516       1.6578e-08       -0.1234 
1609.9782       2156.6516       1.9894e-08       -0.0675 
1609.9782       2156.6516       2.3210e-08       -0.0292 
1609.9782       2156.6516       2.6525e-08       -0.0071 
1609.9782       2156.6516       2.9841e-08       0.0000 
1609.9782       2156.6516       3.7848e-08       -0.0380 
1609.9782       2156.6516       4.5854e-08       -0.1450 
1609.9782       2156.6516       5.3861e-08       -0.3118 
1609.9782       2156.6516       6.1867e-08       -0.5315 
1609.9782       2156.6516       6.9874e-08       -0.7987 
1609.9782       2156.6516       7.7880e-08       -1.1089 
1609.9782       2156.6516       8.5887e-08       -1.4583 
1609.9782       2156.6516       9.3893e-08       -1.8439 
1609.9782       2156.6516       1.0190e-07       -2.2629 
1609.9782       2156.6516       1.0991e-07       -2.7129 
2156.6516       2889.0164       0.0000e+00       0.0000 
2156.6516       2889.0164       4.7106e-12       -0.0002 
2156.6516       2889.0164       2.2950e-09       -0.0848 
2156.6516       2889.0164       4.5853e-09       -0.1827 
2156.6516       2889.0164       6.8755e-09       -0.2920 
2156.6516       2889.0164       9.1658e-09       -0.4110 
2156.6516       2889.0164       1.1456e-08       -0.5386 
2156.6516       2889.0164       1.3746e-08       -0.6739 
2156.6516       2889.0164       1.6037e-08       -0.8161 
2156.6516       2889.0164       1.8327e-08       -0.9646 
2156.6516       2889.0164       2.0617e-08       -1.1189 
2156.6516       2889.0164       2.2907e-08       -1.2784 
2156.6516       2889.0164       2.5198e-08       -1.4428 
2156.6516       2889.0164       2.7488e-08       -1.6117 
2156.6516       2889.0164       2.9778e-08       -1.7849 
2156.6516       2889.0164       3.2069e-08       -1.9620 
2156.6516       2889.0164       3.4359e-08       -2.1429 
2156.6516       2889.0164       3.6649e-08       -2.3273 
2156.6516       2889.0164       3.8939e-08       -2.5151 
2156.6516       2889.0164       4.1230e-08       -2.7060 
2889.0164       3869.9914       0.0000e+00       0.0000 
2889.0164       3869.9914       2.7523e-12       -0.0003 
2889.0164       3869.9914       1.5768e-09       -0.1476 
2889.0164       3869.9914       3.1508e-09       -0.2953 
2889.0164       3869.9914       4.7249e-09       -0.4434 
2889.0164       3869.9914       6.2989e-09       -0.5918 
2889.0164       3869.9914       7.8729e-09       -0.7406 
2889.0164       3869.9914       9.4470e-09       -0.8898 
2889.0164       3869.9914       1.1021e-08       -1.0393 
2889.0164       3869.9914       1.2595e-08       -1.1892 
2889.0164       3869.9914       1.4169e-08       -1.3394 
2889.0164       3869.9914       1.5743e-08       -1.4899 
2889.0164       3869.9914       1.7317e-08       -1.6408 
2889.0164       3869.9914       1.8891e-08       -1.7920 
2889.0164       3869.9914       2.0465e-08       -1.9435 
2889.0164       3869.9914       2.2039e-08       -2.0954 
2889.0164       3869.9914       2.3613e-08       -2.2475 
2889.0164       3869.9914       2.5187e-08       -2.4000 
2889.0164       3869.9914       2.6761e-08       -2.5528 
2889.0164       3869.9914       2.8335e-08       -2.7059 
3869.9914       5184.0598       0.0000e+00       0.0000 
3869.9914       5184.0598       1.6171e-12       -0.0001 
3869.9914       5184.0598       1.8520e-09       -0.1494 
3869.9914       5184.0598       3.7025e-09       -0.2987 
3869.9914       5184.0598       5.5529e-09       -0.4482 
3869.9914       5184.0598       7.4033e-09       -0.5978 
3869.9914       5184.0598       9.2537e-09       -0.7476 
3869.9914       5184.0598       1.1104e-08       -0.8975 
3869.9914       5184.0598       1.2955e-08       -1.0475 
3869.9914       5184.0598       1.4805e-08       -1.1976 
3869.9914       5184.0598       1.6655e-08       -1.3479 
3869.9914       5184.0598       1.8506e-08       -1.4983 
3869.9914       5184.0598       2.0356e-08       -1.6488 
3869.9914       5184.0598       2.2207e-08       -1.7995 
3869.9914       5184.0598       2.4057e-08       -1.9502 
3869.9914       5184.0598       2.5908e-08       -2.1011 
3869.9914       5184.0598       2.7758e-08       -2.2521 
3869.9914       5184.0598       2.9608e-08       -2.4033 
3869.9914       5184.0598       3.1459e-08       -2.5545 
3869.9914       5184.0598       3.3309e-08       -2.7059 
5184.0598       6944.3244       0.0000e+00       0.0000 
5184.0598       6944.3244       1.7179e-12       -0.0001 
5184.0598       6944.3244       2.7370e-09       -0.1343 
5184.0598       6944.3244       5.4723e-09       -0.2713 
5184.0598       6944.3244       8.2076e-09       -0.4108 
5184.0598       6944.3244       1.0943e-08       -0.5525 
5184.0598       6944.3244       1.3678e-08       -0.6964 
5184.0598       6944.3244       1.6413e-08       -0.8422 
5184.0598       6944.3244       1.9149e-08       -0.9898 
5184.0598       6944.3244       2.1884e-08       -1.1391 
5184.0598       6944.3244       2.4619e-08       -1.2900 
5184.0598       6944.3244       2.7355e-08       -1.4424 
5184.0598       6944.3244       3.0090e-08       -1.5962 
5184.0598       6944.3244       3.2825e-08       -1.7512 
5184.0598       6944.3244       3.5561e-08       -1.9076 
5184.0598       6944.3244       3.8296e-08       -2.0651 
5184.0598       6944.3244       4.1031e-08       -2.2237 
5184.0598       6944.3244       4.3766e-08       -2.3834 
5184.0598       6944.3244       4.6502e-08       -2.5440 
5184.0598       6944.3244       4.9237e-08       -2.7057 
6944.3244       9302.5069       0.0000e+00       0.0000 
6944.3244       9302.5069       1.3121e-12       -0.0000 
6944.3244       9302.5069       4.5206e-09       -0.0820 
6944.3244       9302.5069       9.0399e-09       -0.1794 
6944.3244       9302.5069       1.3559e-08       -0.2893 
6944.3244       9302.5069       1.8078e-08       -0.4098 
6944.3244       9302.5069       2.2598e-08       -0.5393 
6944.3244       9302.5069       2.7117e-08       -0.6766 
6944.3244       9302.5069       3.1636e-08       -0.8207 
6944.3244       9302.5069       3.6155e-08       -0.9709 
6944.3244       9302.5069       4.0675e-08       -1.1265 
6944.3244       9302.5069       4.5194e-08       -1.2869 
6944.3244       9302.5069       4.9713e-08       -1.4518 
6944.3244       9302.5069       5.4233e-08       -1.6207 
6944.3244       9302.5069       5.8752e-08       -1.7934 
6944.3244       9302.5069       6.3271e-08       -1.9695 
6944.3244       9302.5069       6.7790e-08       -2.1487 
6944.3244       9302.5069       7.2310e-08       -2.3310 
6944.3244       9302.5069       7.6829e-08       -2.5160 
6944.3244       9302.5069       8.1348e-08       -2.7036 
9302.5069       12461.2038       0.0000e+00       -0.0032 
9302.5069       12461.2038       9.1459e-13       -0.0032 
9302.5069       12461.2038       6.1505e-09       0.0000 
9302.5069       12461.2038       1.2300e-08       -0.0464 
9302.5069       12461.2038       1.8450e-08       -0.1264 
9302.5069       12461.2038       2.4599e-08       -0.2306 
9302.5069       12461.2038       3.0749e-08       -0.3532 
9302.5069       12461.2038       3.6899e-08       -0.4904 
9302.5069       12461.2038       4.3048e-08       -0.6393 
9302.5069       12461.2038       4.9198e-08       -0.7980 
9302.5069       12461.2038       5.5347e-08       -0.9649 
9302.5069       12461.2038       6.1497e-08       -1.1389 
9302.5069       12461.2038       6.7647e-08       -1.3191 
9302.5069       12461.2038       7.3796e-08       -1.5047 
9302.5069       12461.2038       7.9946e-08       -1.6951 
9302.5069       12461.2038       8.6096e-08       -1.8898 
9302.5069       12461.2038       9.2245e-08       -2.0884 
9302.5069       12461.2038       9.8395e-08       -2.2904 
9302.5069       12461.2038       1.0454e-07       -2.4958 
9302.5069       12461.2038       1.1069e-07       -2.7040 
12461.2038       16692.4468       0.0000e+00       0.0000 
12461.2038       16692.4468       5.7627e-13       -0.0000 
12461.2038       16692.4468       5.3936e-09       -0.1307 
12461.2038       16692.4468       1.0787e-08       -0.2649 
12461.2038       16692.4468       1.6180e-08       -0.4025 
12461.2038       16692.4468       2.1573e-08       -0.5429 
12461.2038       16692.4468       2.6966e-08       -0.6859 
12461.2038       16692.4468       3.2359e-08       -0.8314 
12461.2038       16692.4468       3.7752e-08       -0.9789 
12461.2038       16692.4468       4.3145e-08       -1.1285 
12461.2038       16692.4468       4.8538e-08       -1.2799 
12461.2038       16692.4468       5.3931e-08       -1.4329 
12461.2038       16692.4468       5.9324e-08       -1.5875 
12461.2038       16692.4468       6.4717e-08       -1.7436 
12461.2038       16692.4468       7.0110e-08       -1.9010 
12461.2038       16692.4468       7.5503e-08       -2.0596 
12461.2038       16692.4468       8.0896e-08       -2.2194 
12461.2038       16692.4468       8.6289e-08       -2.3803 
12461.2038       16692.4468       9.1682e-08       -2.5422 
12461.2038       16692.4468       9.7075e-08       -2.7051 
16692.4468       22360.9371       0.0000e+00       0.0000 
16692.4468       22360.9371       3.7818e-13       -0.0000 
16692.4468       22360.9371       5.5526e-09       -0.1503 
16692.4468       22360.9371       1.1105e-08       -0.3005 
16692.4468       22360.9371       1.6657e-08       -0.4508 
16692.4468       22360.9371       2.2209e-08       -0.6011 
16692.4468       22360.9371       2.7762e-08       -0.7514 
16692.4468       22360.9371       3.3314e-08       -0.9017 
16692.4468       22360.9371       3.8866e-08       -1.0520 
16692.4468       22360.9371       4.4418e-08       -1.2023 
16692.4468       22360.9371       4.9971e-08       -1.3526 
16692.4468       22360.9371       5.5523e-08       -1.5030 
16692.4468       22360.9371       6.1075e-08       -1.6533 
16692.4468       22360.9371       6.6627e-08       -1.8037 
16692.4468       22360.9371       7.2180e-08       -1.9540 
16692.4468       22360.9371       7.7732e-08       -2.1044 
16692.4468       22360.9371       8.3284e-08       -2.2547 
16692.4468       22360.9371       8.8836e-08       -2.4051 
16692.4468       22360.9371       9.4389e-08       -2.5555 
16692.4468       22360.9371       9.9941e-08       -2.7059 
22360.9371       29953.6672       0.0000e+00       0.0000 
22360.9371       29953.6672       2.4428e-13       -0.0000 
22360.9371       29953.6672       1.0269e-08       -0.1264 
22360.9371       29953.6672       2.0539e-08       -0.2572 
22360.9371       29953.6672       3.0808e-08       -0.3920 
22360.9371       29953.6672       4.1077e-08       -0.5303 
22360.9371       29953.6672       5.1346e-08       -0.6719 
22360.9371       29953.6672       6.1615e-08       -0.8163 
22360.9371       29953.6672       7.1884e-08       -0.9633 
22360.9371       29953.6672       8.2153e-08       -1.1127 
22360.9371       29953.6672       9.2422e-08       -1.2644 
22360.9371       29953.6672       1.0269e-07       -1.4181 
22360.9371       29953.6672       1.1296e-07       -1.5736 
22360.9371       29953.6672       1.2323e-07       -1.7309 
22360.9371       29953.6672       1.3350e-07       -1.8899 
22360.9371       29953.6672       1.4377e-07       -2.0504 
22360.9371       29953.6672       1.5404e-07       -2.2123 
22360.9371       29953.6672       1.6431e-07       -2.3755 
22360.9371       29953.6672       1.7458e-07       -2.5400 
22360.9371       29953.6672       1.8484e-07       -2.7057 
29953.6672       40124.5339       0.0000e+00       0.0000 
29953.6672       40124.5339       1.6089e-13       -0.0000 
29953.6672       40124.5339       9.4785e-09       -0.1503 
29953.6672       40124.5339       1.8957e-08       -0.3005 
29953.6672       40124.5339       2.8435e-08       -0.4508 
29953.6672       40124.5339       3.7914e-08       -0.6011 
29953.6672       40124.5339       4.7392e-08       -0.7514 
29953.6672       40124.5339       5.6870e-08       -0.9017 
29953.6672       40124.5339       6.6349e-08       -1.0520 
29953.6672       40124.5339       7.5827e-08       -1.2023 
29953.6672       40124.5339       8.5305e-08       -1.3526 
29953.6672       40124.5339       9.4784e-08       -1.5030 
29953.6672       40124.5339       1.0426e-07       -1.6533 
29953.6672       40124.5339       1.1374e-07       -1.8037 
29953.6672       40124.5339       1.2322e-07       -1.9540 
29953.6672       40124.5339       1.3270e-07       -2.1044 
29953.6672       40124.5339       1.4218e-07       -2.2547 
29953.6672       40124.5339       1.5165e-07       -2.4051 
29953.6672       40124.5339       1.6113e-07       -2.5555 
29953.6672       40124.5339       1.7061e-07       -2.7059 
40124.5339       53748.9519       0.0000e+00       -0.0000 
40124.5339       53748.9519       1.0521e-13       0.0000 
40124.5339       53748.9519       1.3176e-08       -0.1497 
40124.5339       53748.9519       2.6352e-08       -0.2995 
40124.5339       53748.9519       3.9527e-08       -0.4494 
40124.5339       53748.9519       5.2703e-08       -0.5994 
40124.5339       53748.9519       6.5879e-08       -0.7494 
40124.5339       53748.9519       7.9055e-08       -0.8995 
40124.5339       53748.9519       9.2231e-08       -1.0497 
40124.5339       53748.9519       1.0541e-07       -1.1999 
40124.5339       53748.9519       1.1858e-07       -1.3502 
40124.5339       53748.9519       1.3176e-07       -1.5006 
40124.5339       53748.9519       1.4493e-07       -1.6511 
40124.5339       53748.9519       1.5811e-07       -1.8016 
40124.5339       53748.9519       1.7129e-07       -1.9521 
40124.5339       53748.9519       1.8446e-07       -2.1028 
40124.5339       53748.9519       1.9764e-07       -2.2534 
40124.5339       53748.9519       2.1081e-07       -2.4042 
40124.5339       53748.9519       2.2399e-07       -2.5550 
40124.5339       53748.9519       2.3716e-07       -2.7059 
53748.9519       72001.2440       0.0000e+00       0.0000 
53748.9519       72001.2440       6.8488e-14       -0.0000 
53748.9519       72001.2440       1.6458e-08       -0.1503 
53748.9519       72001.2440       3.2916e-08       -0.3007 
53748.9519       72001.2440       4.9374e-08       -0.4510 
53748.9519       72001.2440       6.5832e-08       -0.6013 
53748.9519       72001.2440       8.2290e-08       -0.7516 
53748.9519       72001.2440       9.8748e-08       -0.9020 
53748.9519       72001.2440       1.1521e-07       -1.0523 
53748.9519       72001.2440       1.3166e-07       -1.2026 
53748.9519       72001.2440       1.4812e-07       -1.3529 
53748.9519       72001.2440       1.6458e-07       -1.5033 
53748.9519       72001.2440       1.8104e-07       -1.6536 
53748.9519       72001.2440       1.9750e-07       -1.8039 
53748.9519       72001.2440       2.1395e-07       -1.9543 
53748.9519       72001.2440       2.3041e-07       -2.1046 
53748.9519       72001.2440       2.4687e-07       -2.2549 
53748.9519       72001.2440       2.6333e-07       -2.4052 
53748.9519       72001.2440       2.7979e-07       -2.5556 
53748.9519       72001.2440       2.9625e-07       -2.7059 
72001.2440       96449.5043       0.0000e+00       -0.0000 
72001.2440       96449.5043       4.4570e-14       0.0000 
72001.2440       96449.5043       2.2126e-08       -0.1503 
72001.2440       96449.5043       4.4253e-08       -0.3007 
72001.2440       96449.5043       6.6379e-08       -0.4510 
72001.2440       96449.5043       8.8505e-08       -0.6013 
72001.2440       96449.5043       1.1063e-07       -0.7516 
72001.2440       96449.5043       1.3276e-07       -0.9020 
72001.2440       96449.5043       1.5488e-07       -1.0523 
72001.2440       96449.5043       1.7701e-07       -1.2026 
72001.2440       96449.5043       1.9914e-07       -1.3529 
72001.2440       96449.5043       2.2126e-07       -1.5033 
72001.2440       96449.5043       2.4339e-07       -1.6536 
72001.2440       96449.5043       2.6552e-07       -1.8039 
72001.2440       96449.5043       2.8764e-07       -1.9543 
72001.2440       96449.5043       3.0977e-07       -2.1046 
72001.2440       96449.5043       3.3189e-07       -2.2549 
72001.2440       96449.5043       3.5402e-07       -2.4052 
72001.2440       96449.5043       3.7615e-07       -2.5556 
72001.2440       96449.5043       3.9827e-07       -2.7059 
96449.5043       129199.2522       0.0000e+00       -0.0000 
96449.5043       129199.2522       2.9005e-14       0.0000 
96449.5043       129199.2522       4.1181e-08       -0.1132 
96449.5043       129199.2522       8.2361e-08       -0.2343 
96449.5043       129199.2522       1.2354e-07       -0.3621 
96449.5043       129199.2522       1.6472e-07       -0.4957 
96449.5043       129199.2522       2.0590e-07       -0.6343 
96449.5043       129199.2522       2.4708e-07       -0.7772 
96449.5043       129199.2522       2.8826e-07       -0.9240 
96449.5043       129199.2522       3.2945e-07       -1.0741 
96449.5043       129199.2522       3.7063e-07       -1.2274 
96449.5043       129199.2522       4.1181e-07       -1.3833 
96449.5043       129199.2522       4.5299e-07       -1.5418 
96449.5043       129199.2522       4.9417e-07       -1.7025 
96449.5043       129199.2522       5.3535e-07       -1.8652 
96449.5043       129199.2522       5.7653e-07       -2.0298 
96449.5043       129199.2522       6.1771e-07       -2.1962 
96449.5043       129199.2522       6.5889e-07       -2.3641 
96449.5043       129199.2522       7.0007e-07       -2.5335 
96449.5043       129199.2522       7.4125e-07       -2.7043 
129199.2522       173069.2852       0.0000e+00       -0.0000 
129199.2522       173069.2852       1.8871e-14       0.0000 
129199.2522       173069.2852       4.0191e-08       -0.1503 
129199.2522       173069.2852       8.0382e-08       -0.3007 
129199.2522       173069.2852       1.2057e-07       -0.4510 
129199.2522       173069.2852       1.6076e-07       -0.6013 
129199.2522       173069.2852       2.0095e-07       -0.7516 
129199.2522       173069.2852       2.4115e-07       -0.9020 
129199.2522       173069.2852       2.8134e-07       -1.0523 
129199.2522       173069.2852       3.2153e-07       -1.2026 
129199.2522       173069.2852       3.6172e-07       -1.3529 
129199.2522       173069.2852       4.0191e-07       -1.5033 
129199.2522       173069.2852       4.4210e-07       -1.6536 
129199.2522       173069.2852       4.8229e-07       -1.8039 
129199.2522       173069.2852       5.2248e-07       -1.9543 
129199.2522       173069.2852       5.6267e-07       -2.1046 
129199.2522       173069.2852       6.0286e-07       -2.2549 
129199.2522       173069.2852       6.4305e-07       -2.4052 
129199.2522       173069.2852       6.8324e-07       -2.5556 
129199.2522       173069.2852       7.2344e-07       -2.7059 
173069.2852       231840.8711       0.0000e+00       -0.0000 
173069.2852       231840.8711       1.2279e-14       0.0000 
173069.2852       231840.8711       5.4097e-08       -0.1503 
173069.2852       231840.8711       1.0819e-07       -0.3007 
173069.2852       231840.8711       1.6229e-07       -0.4510 
173069.2852       231840.8711       2.1639e-07       -0.6013 
173069.2852       231840.8711       2.7048e-07       -0.7516 
173069.2852       231840.8711       3.2458e-07       -0.9020 
173069.2852       231840.8711       3.7868e-07       -1.0523 
173069.2852       231840.8711       4.3277e-07       -1.2026 
173069.2852       231840.8711       4.8687e-07       -1.3529 
173069.2852       231840.8711       5.4097e-07       -1.5033 
173069.2852       231840.8711       5.9506e-07       -1.6536 
173069.2852       231840.8711       6.4916e-07       -1.8039 
173069.2852       231840.8711       7.0326e-07       -1.9543 
173069.2852       231840.8711       7.5735e-07       -2.1046 
173069.2852       231840.8711       8.1145e-07       -2.2549 
173069.2852       231840.8711       8.6555e-07       -2.4052 
173069.2852       231840.8711       9.1964e-07       -2.5556 
173069.2852       231840.8711       9.7374e-07       -2.7059 
231840.8711       310563.2050       0.0000e+00       -0.0000 
231840.8711       310563.2050       7.9881e-15       0.0000 
231840.8711       310563.2050       7.2742e-08       -0.1503 
231840.8711       310563.2050       1.4548e-07       -0.3007 
231840.8711       310563.2050       2.1823e-07       -0.4510 
231840.8711       310563.2050       2.9097e-07       -0.6013 
231840.8711       310563.2050       3.6371e-07       -0.7516 
231840.8711       310563.2050       4.3645e-07       -0.9020 
231840.8711       310563.2050       5.0919e-07       -1.0523 
231840.8711       310563.2050       5.8194e-07       -1.2026 
231840.8711       310563.2050       6.5468e-07       -1.3529 
231840.8711       310563.2050       7.2742e-07       -1.5033 
231840.8711       310563.2050       8.0016e-07       -1.6536 
231840.8711       310563.2050       8.7290e-07       -1.8039 
231840.8711       310563.2050       9.4565e-07       -1.9543 
231840.8711       310563.2050       1.0184e-06       -2.1046 
231840.8711       310563.2050       1.0911e-06       -2.2549 
231840.8711       310563.2050       1.1639e-06       -2.4052 
231840.8711       310563.2050       1.2366e-06       -2.5556 
231840.8711       310563.2050       1.3094e-06       -2.7059 
310563.2050       416015.9675       0.0000e+00       -0.0000 
310563.2050       416015.9675       5.1971e-15       0.0000 
310563.2050       416015.9675       9.8436e-08       -0.1503 
310563.2050       416015.9675       1.9687e-07       -0.3007 
310563.2050       416015.9675       2.9531e-07       -0.4510 
310563.2050       416015.9675       3.9374e-07       -0.6013 
310563.2050       416015.9675       4.9218e-07       -0.7516 
310563.2050       416015.9675       5.9062e-07       -0.9020 
310563.2050       416015.9675       6.8905e-07       -1.0523 
310563.2050       416015.9675       7.8749e-07       -1.2026 
310563.2050       416015.9675       8.8593e-07       -1.3529 
310563.2050       416015.9675       9.8436e-07       -1.5033 
310563.2050       416015.9675       1.0828e-06       -1.6536 
310563.2050       416015.9675       1.1812e-06       -1.8039 
310563.2050       416015.9675       1.2797e-06       -1.9543 
310563.2050       416015.9675       1.3781e-06       -2.1046 
310563.2050       416015.9675       1.4765e-06       -2.2549 
310563.2050       416015.9675       1.5750e-06       -2.4052 
310563.2050       416015.9675       1.6734e-06       -2.5556 
310563.2050       416015.9675       1.7719e-06       -2.7059 
416015.9675       557275.5639       0.0000e+00       -0.0000 
416015.9675       557275.5639       3.3813e-15       0.0000 
416015.9675       557275.5639       1.3429e-07       -0.1503 
416015.9675       557275.5639       2.6859e-07       -0.3007 
416015.9675       557275.5639       4.0288e-07       -0.4510 
416015.9675       557275.5639       5.3717e-07       -0.6013 
416015.9675       557275.5639       6.7146e-07       -0.7516 
416015.9675       557275.5639       8.0576e-07       -0.9020 
416015.9675       557275.5639       9.4005e-07       -1.0523 
416015.9675       557275.5639       1.0743e-06       -1.2026 
416015.9675       557275.5639       1.2086e-06       -1.3529 
416015.9675       557275.5639       1.3429e-06       -1.5033 
416015.9675       557275.5639       1.4772e-06       -1.6536 
416015.9675       557275.5639       1.6115e-06       -1.8039 
416015.9675       557275.5639       1.7458e-06       -1.9543 
416015.9675       557275.5639       1.8801e-06       -2.1046 
416015.9675       557275.5639       2.0144e-06       -2.2549 
416015.9675       557275.5639       2.1487e-06       -2.4052 
416015.9675       557275.5639       2.2830e-06       -2.5556 
416015.9675       557275.5639       2.4173e-06       -2.7059 
557275.5639       746517.5120       0.0000e+00       -0.0000 
557275.5639       746517.5120       2.2000e-15       0.0000 
557275.5639       746517.5120       1.8509e-07       -0.1503 
557275.5639       746517.5120       3.7019e-07       -0.3007 
557275.5639       746517.5120       5.5528e-07       -0.4510 
557275.5639       746517.5120       7.4038e-07       -0.6013 
557275.5639       746517.5120       9.2547e-07       -0.7516 
557275.5639       746517.5120       1.1106e-06       -0.9020 
557275.5639       746517.5120       1.2957e-06       -1.0523 
557275.5639       746517.5120       1.4808e-06       -1.2026 
557275.5639       746517.5120       1.6659e-06       -1.3529 
557275.5639       746517.5120       1.8509e-06       -1.5033 
557275.5639       746517.5120       2.0360e-06       -1.6536 
557275.5639       746517.5120       2.2211e-06       -1.8039 
557275.5639       746517.5120       2.4062e-06       -1.9543 
557275.5639       746517.5120       2.5913e-06       -2.1046 
557275.5639       746517.5120       2.7764e-06       -2.2549 
557275.5639       746517.5120       2.9615e-06       -2.4052 
557275.5639       746517.5120       3.1466e-06       -2.5556 
557275.5639       746517.5120       3.3317e-06       -2.7059 
746517.5120       1000000.0000       0.0000e+00       -0.0000 
746517.5120       1000000.0000       1.4312e-15       0.0000 
746517.5120       1000000.0000       2.6814e-07       -0.1503 
746517.5120       1000000.0000       5.3629e-07       -0.3007 
746517.5120       1000000.0000       8.0443e-07       -0.4510 
746517.5120       1000000.0000       1.0726e-06       -0.6013 
746517.5120       1000000.0000       1.3407e-06       -0.7516 
746517.5120       1000000.0000       1.6089e-06       -0.9020 
746517.5120       1000000.0000       1.8770e-06       -1.0523 
746517.5120       1000000.0000       2.1451e-06       -1.2026 
746517.5120       1000000.0000       2.4133e-06       -1.3529 
746517.5120       1000000.0000       2.6814e-06       -1.5033 
746517.5120       1000000.0000       2.9496e-06       -1.6536 
746517.5120       1000000.0000       3.2177e-06       -1.8039 
746517.5120       1000000.0000       3.4859e-06       -1.9543 
746517.5120       1000000.0000       3.7540e-06       -2.1046 
746517.5120       1000000.0000       4.0221e-06       -2.2549 
746517.5120       1000000.0000       4.2903e-06       -2.4052 
746517.5120       1000000.0000       4.5584e-06       -2.5556 
746517.5120       1000000.0000       4.8266e-06       -2.7059 
