#Leo_5  Log10(Jfactor)=17.650   sigmaJ=0.970 
#[0]emin(MeV) [1]emax(MeV) [2]eflux(MeV/cm^2/s) [3]deltaLogLike 
500.0000       669.7766       0.0000e+00       -0.5031 
500.0000       669.7766       4.8788e-09       -0.3938 
500.0000       669.7766       9.7577e-09       -0.2987 
500.0000       669.7766       1.4636e-08       -0.2174 
500.0000       669.7766       1.9515e-08       -0.1495 
500.0000       669.7766       2.4394e-08       -0.0948 
500.0000       669.7766       2.9273e-08       -0.0527 
500.0000       669.7766       3.4152e-08       -0.0231 
500.0000       669.7766       3.9031e-08       -0.0056 
500.0000       669.7766       4.3909e-08       0.0000 
500.0000       669.7766       5.5288e-08       -0.0315 
500.0000       669.7766       6.6666e-08       -0.1229 
500.0000       669.7766       7.8045e-08       -0.2714 
500.0000       669.7766       8.9423e-08       -0.4744 
500.0000       669.7766       1.0080e-07       -0.7294 
500.0000       669.7766       1.1218e-07       -1.0344 
500.0000       669.7766       1.2356e-07       -1.3874 
500.0000       669.7766       1.3494e-07       -1.7866 
500.0000       669.7766       1.4632e-07       -2.2303 
500.0000       669.7766       1.5769e-07       -2.7169 
669.7766       897.2222       0.0000e+00       -0.2703 
669.7766       897.2222       2.4652e-08       0.0000 
669.7766       897.2222       2.9675e-08       -0.0101 
669.7766       897.2222       3.4698e-08       -0.0401 
669.7766       897.2222       3.9720e-08       -0.0891 
669.7766       897.2222       4.4743e-08       -0.1563 
669.7766       897.2222       4.9766e-08       -0.2411 
669.7766       897.2222       5.4788e-08       -0.3428 
669.7766       897.2222       5.9811e-08       -0.4609 
669.7766       897.2222       6.4834e-08       -0.5948 
669.7766       897.2222       6.9856e-08       -0.7440 
669.7766       897.2222       7.4879e-08       -0.9079 
669.7766       897.2222       7.9902e-08       -1.0862 
669.7766       897.2222       8.4925e-08       -1.2784 
669.7766       897.2222       8.9947e-08       -1.4840 
669.7766       897.2222       9.4970e-08       -1.7029 
669.7766       897.2222       9.9993e-08       -1.9345 
669.7766       897.2222       1.0502e-07       -2.1784 
669.7766       897.2222       1.1004e-07       -2.4346 
669.7766       897.2222       1.1506e-07       -2.7025 
897.2222       1201.8769       0.0000e+00       -0.5525 
897.2222       1201.8769       3.6325e-09       -0.4291 
897.2222       1201.8769       7.2650e-09       -0.3233 
897.2222       1201.8769       1.0898e-08       -0.2340 
897.2222       1201.8769       1.4530e-08       -0.1604 
897.2222       1201.8769       1.8163e-08       -0.1014 
897.2222       1201.8769       2.1795e-08       -0.0566 
897.2222       1201.8769       2.5428e-08       -0.0251 
897.2222       1201.8769       2.9060e-08       -0.0064 
897.2222       1201.8769       3.2693e-08       0.0000 
897.2222       1201.8769       4.1534e-08       -0.0327 
897.2222       1201.8769       5.0376e-08       -0.1291 
897.2222       1201.8769       5.9218e-08       -0.2842 
897.2222       1201.8769       6.8060e-08       -0.4936 
897.2222       1201.8769       7.6902e-08       -0.7536 
897.2222       1201.8769       8.5744e-08       -1.0610 
897.2222       1201.8769       9.4585e-08       -1.4131 
897.2222       1201.8769       1.0343e-07       -1.8074 
897.2222       1201.8769       1.1227e-07       -2.2415 
897.2222       1201.8769       1.2111e-07       -2.7136 
1201.8769       1609.9782       0.0000e+00       0.0000 
1201.8769       1609.9782       1.0233e-13       -0.0000 
1201.8769       1609.9782       2.9904e-09       -0.0912 
1201.8769       1609.9782       5.9806e-09       -0.1907 
1201.8769       1609.9782       8.9708e-09       -0.2983 
1201.8769       1609.9782       1.1961e-08       -0.4136 
1201.8769       1609.9782       1.4951e-08       -0.5362 
1201.8769       1609.9782       1.7942e-08       -0.6661 
1201.8769       1609.9782       2.0932e-08       -0.8028 
1201.8769       1609.9782       2.3922e-08       -0.9462 
1201.8769       1609.9782       2.6912e-08       -1.0960 
1201.8769       1609.9782       2.9903e-08       -1.2522 
1201.8769       1609.9782       3.2893e-08       -1.4143 
1201.8769       1609.9782       3.5883e-08       -1.5824 
1201.8769       1609.9782       3.8873e-08       -1.7561 
1201.8769       1609.9782       4.1864e-08       -1.9354 
1201.8769       1609.9782       4.4854e-08       -2.1201 
1201.8769       1609.9782       4.7844e-08       -2.3100 
1201.8769       1609.9782       5.0834e-08       -2.5051 
1201.8769       1609.9782       5.3825e-08       -2.7051 
1609.9782       2156.6516       0.0000e+00       -1.4570 
1609.9782       2156.6516       4.7562e-09       -1.0954 
1609.9782       2156.6516       9.5123e-09       -0.8012 
1609.9782       2156.6516       1.4268e-08       -0.5641 
1609.9782       2156.6516       1.9025e-08       -0.3763 
1609.9782       2156.6516       2.3781e-08       -0.2317 
1609.9782       2156.6516       2.8537e-08       -0.1254 
1609.9782       2156.6516       3.3293e-08       -0.0534 
1609.9782       2156.6516       3.8049e-08       -0.0125 
1609.9782       2156.6516       4.2805e-08       0.0000 
1609.9782       2156.6516       5.0981e-08       -0.0380 
1609.9782       2156.6516       5.9156e-08       -0.1431 
1609.9782       2156.6516       6.7332e-08       -0.3077 
1609.9782       2156.6516       7.5507e-08       -0.5254 
1609.9782       2156.6516       8.3683e-08       -0.7912 
1609.9782       2156.6516       9.1858e-08       -1.1008 
1609.9782       2156.6516       1.0003e-07       -1.4504 
1609.9782       2156.6516       1.0821e-07       -1.8370 
1609.9782       2156.6516       1.1638e-07       -2.2578 
1609.9782       2156.6516       1.2456e-07       -2.7106 
2156.6516       2889.0164       0.0000e+00       0.0000 
2156.6516       2889.0164       1.0721e-10       -0.0001 
2156.6516       2889.0164       3.3201e-09       -0.0225 
2156.6516       2889.0164       6.5331e-09       -0.0755 
2156.6516       2889.0164       9.7460e-09       -0.1525 
2156.6516       2889.0164       1.2959e-08       -0.2489 
2156.6516       2889.0164       1.6172e-08       -0.3616 
2156.6516       2889.0164       1.9385e-08       -0.4883 
2156.6516       2889.0164       2.2598e-08       -0.6272 
2156.6516       2889.0164       2.5811e-08       -0.7770 
2156.6516       2889.0164       2.9024e-08       -0.9366 
2156.6516       2889.0164       3.2236e-08       -1.1051 
2156.6516       2889.0164       3.5449e-08       -1.2817 
2156.6516       2889.0164       3.8662e-08       -1.4659 
2156.6516       2889.0164       4.1875e-08       -1.6570 
2156.6516       2889.0164       4.5088e-08       -1.8547 
2156.6516       2889.0164       4.8301e-08       -2.0584 
2156.6516       2889.0164       5.1514e-08       -2.2680 
2156.6516       2889.0164       5.4727e-08       -2.4830 
2156.6516       2889.0164       5.7940e-08       -2.7032 
2889.0164       3869.9914       0.0000e+00       0.0000 
2889.0164       3869.9914       4.7144e-15       -0.0000 
2889.0164       3869.9914       2.2004e-09       -0.1231 
2889.0164       3869.9914       4.4007e-09       -0.2505 
2889.0164       3869.9914       6.6011e-09       -0.3820 
2889.0164       3869.9914       8.8015e-09       -0.5172 
2889.0164       3869.9914       1.1002e-08       -0.6559 
2889.0164       3869.9914       1.3202e-08       -0.7979 
2889.0164       3869.9914       1.5403e-08       -0.9431 
2889.0164       3869.9914       1.7603e-08       -1.0912 
2889.0164       3869.9914       1.9803e-08       -1.2420 
2889.0164       3869.9914       2.2004e-08       -1.3955 
2889.0164       3869.9914       2.4204e-08       -1.5516 
2889.0164       3869.9914       2.6404e-08       -1.7100 
2889.0164       3869.9914       2.8605e-08       -1.8707 
2889.0164       3869.9914       3.0805e-08       -2.0336 
2889.0164       3869.9914       3.3006e-08       -2.1986 
2889.0164       3869.9914       3.5206e-08       -2.3657 
2889.0164       3869.9914       3.7406e-08       -2.5346 
2889.0164       3869.9914       3.9607e-08       -2.7054 
3869.9914       5184.0598       0.0000e+00       -0.3819 
3869.9914       5184.0598       1.8384e-08       0.0000 
3869.9914       5184.0598       2.2759e-08       -0.0152 
3869.9914       5184.0598       2.7134e-08       -0.0577 
3869.9914       5184.0598       3.1510e-08       -0.1237 
3869.9914       5184.0598       3.5885e-08       -0.2101 
3869.9914       5184.0598       4.0260e-08       -0.3146 
3869.9914       5184.0598       4.4635e-08       -0.4351 
3869.9914       5184.0598       4.9010e-08       -0.5699 
3869.9914       5184.0598       5.3386e-08       -0.7177 
3869.9914       5184.0598       5.7761e-08       -0.8771 
3869.9914       5184.0598       6.2136e-08       -1.0473 
3869.9914       5184.0598       6.6511e-08       -1.2272 
3869.9914       5184.0598       7.0886e-08       -1.4161 
3869.9914       5184.0598       7.5262e-08       -1.6134 
3869.9914       5184.0598       7.9637e-08       -1.8184 
3869.9914       5184.0598       8.4012e-08       -2.0307 
3869.9914       5184.0598       8.8387e-08       -2.2496 
3869.9914       5184.0598       9.2762e-08       -2.4748 
3869.9914       5184.0598       9.7138e-08       -2.7060 
5184.0598       6944.3244       0.0000e+00       -0.0000 
5184.0598       6944.3244       5.5984e-13       0.0000 
5184.0598       6944.3244       3.2460e-09       -0.1024 
5184.0598       6944.3244       6.4915e-09       -0.2151 
5184.0598       6944.3244       9.7370e-09       -0.3363 
5184.0598       6944.3244       1.2982e-08       -0.4649 
5184.0598       6944.3244       1.6228e-08       -0.5999 
5184.0598       6944.3244       1.9473e-08       -0.7404 
5184.0598       6944.3244       2.2719e-08       -0.8858 
5184.0598       6944.3244       2.5964e-08       -1.0356 
5184.0598       6944.3244       2.9210e-08       -1.1894 
5184.0598       6944.3244       3.2455e-08       -1.3467 
5184.0598       6944.3244       3.5701e-08       -1.5073 
5184.0598       6944.3244       3.8946e-08       -1.6710 
5184.0598       6944.3244       4.2192e-08       -1.8374 
5184.0598       6944.3244       4.5437e-08       -2.0063 
5184.0598       6944.3244       4.8683e-08       -2.1776 
5184.0598       6944.3244       5.1928e-08       -2.3512 
5184.0598       6944.3244       5.5174e-08       -2.5268 
5184.0598       6944.3244       5.8419e-08       -2.7043 
6944.3244       9302.5069       0.0000e+00       -0.2568 
6944.3244       9302.5069       1.1521e-08       0.0000 
6944.3244       9302.5069       1.6237e-08       -0.0253 
6944.3244       9302.5069       2.0952e-08       -0.0871 
6944.3244       9302.5069       2.5667e-08       -0.1752 
6944.3244       9302.5069       3.0383e-08       -0.2832 
6944.3244       9302.5069       3.5098e-08       -0.4068 
6944.3244       9302.5069       3.9813e-08       -0.5431 
6944.3244       9302.5069       4.4529e-08       -0.6899 
6944.3244       9302.5069       4.9244e-08       -0.8456 
6944.3244       9302.5069       5.3959e-08       -1.0089 
6944.3244       9302.5069       5.8674e-08       -1.1788 
6944.3244       9302.5069       6.3390e-08       -1.3546 
6944.3244       9302.5069       6.8105e-08       -1.5355 
6944.3244       9302.5069       7.2820e-08       -1.7211 
6944.3244       9302.5069       7.7536e-08       -1.9109 
6944.3244       9302.5069       8.2251e-08       -2.1044 
6944.3244       9302.5069       8.6966e-08       -2.3014 
6944.3244       9302.5069       9.1682e-08       -2.5016 
6944.3244       9302.5069       9.6397e-08       -2.7048 
9302.5069       12461.2038       0.0000e+00       -0.5519 
9302.5069       12461.2038       2.3044e-09       -0.3841 
9302.5069       12461.2038       4.6087e-09       -0.2644 
9302.5069       12461.2038       6.9131e-09       -0.1773 
9302.5069       12461.2038       9.2174e-09       -0.1136 
9302.5069       12461.2038       1.1522e-08       -0.0676 
9302.5069       12461.2038       1.3826e-08       -0.0357 
9302.5069       12461.2038       1.6131e-08       -0.0150 
9302.5069       12461.2038       1.8435e-08       -0.0036 
9302.5069       12461.2038       2.0739e-08       0.0000 
9302.5069       12461.2038       3.2244e-08       -0.0666 
9302.5069       12461.2038       4.3749e-08       -0.2255 
9302.5069       12461.2038       5.5254e-08       -0.4419 
9302.5069       12461.2038       6.6758e-08       -0.6985 
9302.5069       12461.2038       7.8263e-08       -0.9849 
9302.5069       12461.2038       8.9768e-08       -1.2946 
9302.5069       12461.2038       1.0127e-07       -1.6232 
9302.5069       12461.2038       1.1278e-07       -1.9674 
9302.5069       12461.2038       1.2428e-07       -2.3249 
9302.5069       12461.2038       1.3579e-07       -2.6939 
12461.2038       16692.4468       0.0000e+00       -0.0000 
12461.2038       16692.4468       1.0476e-15       0.0000 
12461.2038       16692.4468       5.1166e-09       -0.1465 
12461.2038       16692.4468       1.0233e-08       -0.2935 
12461.2038       16692.4468       1.5350e-08       -0.4410 
12461.2038       16692.4468       2.0466e-08       -0.5890 
12461.2038       16692.4468       2.5583e-08       -0.7374 
12461.2038       16692.4468       3.0700e-08       -0.8864 
12461.2038       16692.4468       3.5816e-08       -1.0358 
12461.2038       16692.4468       4.0933e-08       -1.1856 
12461.2038       16692.4468       4.6050e-08       -1.3359 
12461.2038       16692.4468       5.1166e-08       -1.4866 
12461.2038       16692.4468       5.6283e-08       -1.6377 
12461.2038       16692.4468       6.1399e-08       -1.7891 
12461.2038       16692.4468       6.6516e-08       -1.9410 
12461.2038       16692.4468       7.1633e-08       -2.0933 
12461.2038       16692.4468       7.6749e-08       -2.2459 
12461.2038       16692.4468       8.1866e-08       -2.3988 
12461.2038       16692.4468       8.6983e-08       -2.5522 
12461.2038       16692.4468       9.2099e-08       -2.7058 
16692.4468       22360.9371       0.0000e+00       -0.0000 
16692.4468       22360.9371       6.5594e-16       0.0000 
16692.4468       22360.9371       5.7967e-09       -0.1501 
16692.4468       22360.9371       1.1593e-08       -0.3001 
16692.4468       22360.9371       1.7390e-08       -0.4503 
16692.4468       22360.9371       2.3187e-08       -0.6004 
16692.4468       22360.9371       2.8983e-08       -0.7506 
16692.4468       22360.9371       3.4780e-08       -0.9008 
16692.4468       22360.9371       4.0577e-08       -1.0511 
16692.4468       22360.9371       4.6374e-08       -1.2014 
16692.4468       22360.9371       5.2170e-08       -1.3517 
16692.4468       22360.9371       5.7967e-08       -1.5020 
16692.4468       22360.9371       6.3764e-08       -1.6524 
16692.4468       22360.9371       6.9560e-08       -1.8028 
16692.4468       22360.9371       7.5357e-08       -1.9532 
16692.4468       22360.9371       8.1154e-08       -2.1037 
16692.4468       22360.9371       8.6950e-08       -2.2542 
16692.4468       22360.9371       9.2747e-08       -2.4047 
16692.4468       22360.9371       9.8544e-08       -2.5553 
16692.4468       22360.9371       1.0434e-07       -2.7059 
22360.9371       29953.6672       0.0000e+00       0.0000 
22360.9371       29953.6672       4.1476e-16       -0.0000 
22360.9371       29953.6672       7.4709e-09       -0.1503 
22360.9371       29953.6672       1.4942e-08       -0.3005 
22360.9371       29953.6672       2.2413e-08       -0.4508 
22360.9371       29953.6672       2.9884e-08       -0.6011 
22360.9371       29953.6672       3.7355e-08       -0.7514 
22360.9371       29953.6672       4.4826e-08       -0.9017 
22360.9371       29953.6672       5.2297e-08       -1.0520 
22360.9371       29953.6672       5.9767e-08       -1.2023 
22360.9371       29953.6672       6.7238e-08       -1.3526 
22360.9371       29953.6672       7.4709e-08       -1.5029 
22360.9371       29953.6672       8.2180e-08       -1.6533 
22360.9371       29953.6672       8.9651e-08       -1.8036 
22360.9371       29953.6672       9.7122e-08       -1.9540 
22360.9371       29953.6672       1.0459e-07       -2.1044 
22360.9371       29953.6672       1.1206e-07       -2.2547 
22360.9371       29953.6672       1.1953e-07       -2.4051 
22360.9371       29953.6672       1.2701e-07       -2.5555 
22360.9371       29953.6672       1.3448e-07       -2.7059 
29953.6672       40124.5339       0.0000e+00       0.0000 
29953.6672       40124.5339       4.2552e-14       -0.0000 
29953.6672       40124.5339       1.5860e-08       -0.0824 
29953.6672       40124.5339       3.1720e-08       -0.1812 
29953.6672       40124.5339       4.7581e-08       -0.2933 
29953.6672       40124.5339       6.3441e-08       -0.4160 
29953.6672       40124.5339       7.9301e-08       -0.5477 
29953.6672       40124.5339       9.5161e-08       -0.6869 
29953.6672       40124.5339       1.1102e-07       -0.8327 
29953.6672       40124.5339       1.2688e-07       -0.9841 
29953.6672       40124.5339       1.4274e-07       -1.1405 
29953.6672       40124.5339       1.5860e-07       -1.3013 
29953.6672       40124.5339       1.7446e-07       -1.4661 
29953.6672       40124.5339       1.9032e-07       -1.6344 
29953.6672       40124.5339       2.0618e-07       -1.8059 
29953.6672       40124.5339       2.2204e-07       -1.9803 
29953.6672       40124.5339       2.3790e-07       -2.1575 
29953.6672       40124.5339       2.5376e-07       -2.3371 
29953.6672       40124.5339       2.6962e-07       -2.5190 
29953.6672       40124.5339       2.8548e-07       -2.7030 
40124.5339       53748.9519       0.0000e+00       0.0000 
40124.5339       53748.9519       2.0713e-16       -0.0000 
40124.5339       53748.9519       1.2417e-08       -0.1503 
40124.5339       53748.9519       2.4833e-08       -0.3007 
40124.5339       53748.9519       3.7250e-08       -0.4510 
40124.5339       53748.9519       4.9666e-08       -0.6013 
40124.5339       53748.9519       6.2083e-08       -0.7516 
40124.5339       53748.9519       7.4499e-08       -0.9020 
40124.5339       53748.9519       8.6916e-08       -1.0523 
40124.5339       53748.9519       9.9332e-08       -1.2026 
40124.5339       53748.9519       1.1175e-07       -1.3529 
40124.5339       53748.9519       1.2417e-07       -1.5033 
40124.5339       53748.9519       1.3658e-07       -1.6536 
40124.5339       53748.9519       1.4900e-07       -1.8039 
40124.5339       53748.9519       1.6141e-07       -1.9543 
40124.5339       53748.9519       1.7383e-07       -2.1046 
40124.5339       53748.9519       1.8625e-07       -2.2549 
40124.5339       53748.9519       1.9866e-07       -2.4052 
40124.5339       53748.9519       2.1108e-07       -2.5556 
40124.5339       53748.9519       2.2350e-07       -2.7059 
53748.9519       72001.2440       0.0000e+00       0.0000 
53748.9519       72001.2440       1.4607e-16       -0.0000 
53748.9519       72001.2440       1.6674e-08       -0.1503 
53748.9519       72001.2440       3.3348e-08       -0.3007 
53748.9519       72001.2440       5.0022e-08       -0.4510 
53748.9519       72001.2440       6.6696e-08       -0.6013 
53748.9519       72001.2440       8.3370e-08       -0.7516 
53748.9519       72001.2440       1.0004e-07       -0.9020 
53748.9519       72001.2440       1.1672e-07       -1.0523 
53748.9519       72001.2440       1.3339e-07       -1.2026 
53748.9519       72001.2440       1.5007e-07       -1.3529 
53748.9519       72001.2440       1.6674e-07       -1.5033 
53748.9519       72001.2440       1.8341e-07       -1.6536 
53748.9519       72001.2440       2.0009e-07       -1.8039 
53748.9519       72001.2440       2.1676e-07       -1.9543 
53748.9519       72001.2440       2.3344e-07       -2.1046 
53748.9519       72001.2440       2.5011e-07       -2.2549 
53748.9519       72001.2440       2.6678e-07       -2.4052 
53748.9519       72001.2440       2.8346e-07       -2.5556 
53748.9519       72001.2440       3.0013e-07       -2.7059 
72001.2440       96449.5043       0.0000e+00       -0.7848 
72001.2440       96449.5043       1.4237e-08       -0.5179 
72001.2440       96449.5043       2.8474e-08       -0.3442 
72001.2440       96449.5043       4.2711e-08       -0.2249 
72001.2440       96449.5043       5.6948e-08       -0.1412 
72001.2440       96449.5043       7.1185e-08       -0.0827 
72001.2440       96449.5043       8.5421e-08       -0.0430 
72001.2440       96449.5043       9.9658e-08       -0.0178 
72001.2440       96449.5043       1.1390e-07       -0.0042 
72001.2440       96449.5043       1.2813e-07       0.0000 
72001.2440       96449.5043       1.9724e-07       -0.0723 
72001.2440       96449.5043       2.6635e-07       -0.2399 
72001.2440       96449.5043       3.3545e-07       -0.4632 
72001.2440       96449.5043       4.0456e-07       -0.7233 
72001.2440       96449.5043       4.7367e-07       -1.0096 
72001.2440       96449.5043       5.4278e-07       -1.3155 
72001.2440       96449.5043       6.1188e-07       -1.6367 
72001.2440       96449.5043       6.8099e-07       -1.9703 
72001.2440       96449.5043       7.5010e-07       -2.3140 
72001.2440       96449.5043       8.1921e-07       -2.6662 
96449.5043       129199.2522       0.0000e+00       0.0000 
96449.5043       129199.2522       7.0940e-11       -0.0003 
96449.5043       129199.2522       3.4139e-08       -0.1472 
96449.5043       129199.2522       6.8208e-08       -0.2945 
96449.5043       129199.2522       1.0228e-07       -0.4424 
96449.5043       129199.2522       1.3634e-07       -0.5906 
96449.5043       129199.2522       1.7041e-07       -0.7394 
96449.5043       129199.2522       2.0448e-07       -0.8885 
96449.5043       129199.2522       2.3855e-07       -1.0381 
96449.5043       129199.2522       2.7262e-07       -1.1880 
96449.5043       129199.2522       3.0669e-07       -1.3383 
96449.5043       129199.2522       3.4075e-07       -1.4890 
96449.5043       129199.2522       3.7482e-07       -1.6400 
96449.5043       129199.2522       4.0889e-07       -1.7914 
96449.5043       129199.2522       4.4296e-07       -1.9430 
96449.5043       129199.2522       4.7703e-07       -2.0950 
96449.5043       129199.2522       5.1110e-07       -2.2473 
96449.5043       129199.2522       5.4516e-07       -2.3999 
96449.5043       129199.2522       5.7923e-07       -2.5527 
96449.5043       129199.2522       6.1330e-07       -2.7058 
129199.2522       173069.2852       0.0000e+00       0.0000 
129199.2522       173069.2852       5.0025e-11       -0.0002 
129199.2522       173069.2852       4.3993e-08       -0.1493 
129199.2522       173069.2852       8.7937e-08       -0.2985 
129199.2522       173069.2852       1.3188e-07       -0.4480 
129199.2522       173069.2852       1.7582e-07       -0.5976 
129199.2522       173069.2852       2.1977e-07       -0.7473 
129199.2522       173069.2852       2.6371e-07       -0.8972 
129199.2522       173069.2852       3.0765e-07       -1.0472 
129199.2522       173069.2852       3.5160e-07       -1.1973 
129199.2522       173069.2852       3.9554e-07       -1.3476 
129199.2522       173069.2852       4.3948e-07       -1.4980 
129199.2522       173069.2852       4.8343e-07       -1.6486 
129199.2522       173069.2852       5.2737e-07       -1.7993 
129199.2522       173069.2852       5.7131e-07       -1.9501 
129199.2522       173069.2852       6.1526e-07       -2.1010 
129199.2522       173069.2852       6.5920e-07       -2.2521 
129199.2522       173069.2852       7.0314e-07       -2.4032 
129199.2522       173069.2852       7.4709e-07       -2.5545 
129199.2522       173069.2852       7.9103e-07       -2.7059 
173069.2852       231840.8711       0.0000e+00       0.0000 
173069.2852       231840.8711       3.5284e-11       -0.0001 
173069.2852       231840.8711       5.4904e-08       -0.1504 
173069.2852       231840.8711       1.0977e-07       -0.3007 
173069.2852       231840.8711       1.6464e-07       -0.4511 
173069.2852       231840.8711       2.1951e-07       -0.6014 
173069.2852       231840.8711       2.7438e-07       -0.7517 
173069.2852       231840.8711       3.2924e-07       -0.9020 
173069.2852       231840.8711       3.8411e-07       -1.0523 
173069.2852       231840.8711       4.3898e-07       -1.2027 
173069.2852       231840.8711       4.9385e-07       -1.3530 
173069.2852       231840.8711       5.4872e-07       -1.5033 
173069.2852       231840.8711       6.0359e-07       -1.6536 
173069.2852       231840.8711       6.5845e-07       -1.8040 
173069.2852       231840.8711       7.1332e-07       -1.9543 
173069.2852       231840.8711       7.6819e-07       -2.1046 
173069.2852       231840.8711       8.2306e-07       -2.2549 
173069.2852       231840.8711       8.7793e-07       -2.4053 
173069.2852       231840.8711       9.3280e-07       -2.5556 
173069.2852       231840.8711       9.8766e-07       -2.7059 
231840.8711       310563.2050       0.0000e+00       0.0000 
231840.8711       310563.2050       2.4875e-11       -0.0001 
231840.8711       310563.2050       7.3849e-08       -0.1504 
231840.8711       310563.2050       1.4767e-07       -0.3007 
231840.8711       310563.2050       2.2150e-07       -0.4510 
231840.8711       310563.2050       2.9532e-07       -0.6013 
231840.8711       310563.2050       3.6915e-07       -0.7517 
231840.8711       310563.2050       4.4297e-07       -0.9020 
231840.8711       310563.2050       5.1680e-07       -1.0523 
231840.8711       310563.2050       5.9062e-07       -1.2026 
231840.8711       310563.2050       6.6444e-07       -1.3530 
231840.8711       310563.2050       7.3827e-07       -1.5033 
231840.8711       310563.2050       8.1209e-07       -1.6536 
231840.8711       310563.2050       8.8592e-07       -1.8039 
231840.8711       310563.2050       9.5974e-07       -1.9543 
231840.8711       310563.2050       1.0336e-06       -2.1046 
231840.8711       310563.2050       1.1074e-06       -2.2549 
231840.8711       310563.2050       1.1812e-06       -2.4052 
231840.8711       310563.2050       1.2550e-06       -2.5556 
231840.8711       310563.2050       1.3289e-06       -2.7059 
310563.2050       416015.9675       0.0000e+00       0.0000 
310563.2050       416015.9675       1.7538e-11       -0.0000 
310563.2050       416015.9675       1.0001e-07       -0.1504 
310563.2050       416015.9675       2.0001e-07       -0.3007 
310563.2050       416015.9675       3.0001e-07       -0.4510 
310563.2050       416015.9675       4.0000e-07       -0.6013 
310563.2050       416015.9675       5.0000e-07       -0.7517 
310563.2050       416015.9675       5.9999e-07       -0.9020 
310563.2050       416015.9675       6.9999e-07       -1.0523 
310563.2050       416015.9675       7.9999e-07       -1.2026 
310563.2050       416015.9675       8.9998e-07       -1.3530 
310563.2050       416015.9675       9.9998e-07       -1.5033 
310563.2050       416015.9675       1.1000e-06       -1.6536 
310563.2050       416015.9675       1.2000e-06       -1.8039 
310563.2050       416015.9675       1.3000e-06       -1.9543 
310563.2050       416015.9675       1.4000e-06       -2.1046 
310563.2050       416015.9675       1.5000e-06       -2.2549 
310563.2050       416015.9675       1.6000e-06       -2.4052 
310563.2050       416015.9675       1.7000e-06       -2.5556 
310563.2050       416015.9675       1.7999e-06       -2.7059 
416015.9675       557275.5639       0.0000e+00       0.0000 
416015.9675       557275.5639       1.2365e-11       -0.0000 
416015.9675       557275.5639       1.3633e-07       -0.1503 
416015.9675       557275.5639       2.7265e-07       -0.3007 
416015.9675       557275.5639       4.0897e-07       -0.4510 
416015.9675       557275.5639       5.4529e-07       -0.6013 
416015.9675       557275.5639       6.8161e-07       -0.7516 
416015.9675       557275.5639       8.1793e-07       -0.9020 
416015.9675       557275.5639       9.5425e-07       -1.0523 
416015.9675       557275.5639       1.0906e-06       -1.2026 
416015.9675       557275.5639       1.2269e-06       -1.3530 
416015.9675       557275.5639       1.3632e-06       -1.5033 
416015.9675       557275.5639       1.4995e-06       -1.6536 
416015.9675       557275.5639       1.6359e-06       -1.8039 
416015.9675       557275.5639       1.7722e-06       -1.9543 
416015.9675       557275.5639       1.9085e-06       -2.1046 
416015.9675       557275.5639       2.0448e-06       -2.2549 
416015.9675       557275.5639       2.1811e-06       -2.4052 
416015.9675       557275.5639       2.3175e-06       -2.5556 
416015.9675       557275.5639       2.4538e-06       -2.7059 
557275.5639       746517.5120       0.0000e+00       0.0000 
557275.5639       746517.5120       8.7175e-12       -0.0000 
557275.5639       746517.5120       1.8812e-07       -0.1503 
557275.5639       746517.5120       3.7623e-07       -0.3007 
557275.5639       746517.5120       5.6435e-07       -0.4510 
557275.5639       746517.5120       7.5246e-07       -0.6013 
557275.5639       746517.5120       9.4057e-07       -0.7516 
557275.5639       746517.5120       1.1287e-06       -0.9020 
557275.5639       746517.5120       1.3168e-06       -1.0523 
557275.5639       746517.5120       1.5049e-06       -1.2026 
557275.5639       746517.5120       1.6930e-06       -1.3530 
557275.5639       746517.5120       1.8811e-06       -1.5033 
557275.5639       746517.5120       2.0692e-06       -1.6536 
557275.5639       746517.5120       2.2574e-06       -1.8039 
557275.5639       746517.5120       2.4455e-06       -1.9543 
557275.5639       746517.5120       2.6336e-06       -2.1046 
557275.5639       746517.5120       2.8217e-06       -2.2549 
557275.5639       746517.5120       3.0098e-06       -2.4052 
557275.5639       746517.5120       3.1979e-06       -2.5556 
557275.5639       746517.5120       3.3860e-06       -2.7059 
746517.5120       1000000.0000       0.0000e+00       0.0000 
746517.5120       1000000.0000       6.1451e-12       -0.0000 
746517.5120       1000000.0000       2.7257e-07       -0.1503 
746517.5120       1000000.0000       5.4513e-07       -0.3007 
746517.5120       1000000.0000       8.1769e-07       -0.4510 
746517.5120       1000000.0000       1.0903e-06       -0.6013 
746517.5120       1000000.0000       1.3628e-06       -0.7516 
746517.5120       1000000.0000       1.6354e-06       -0.9020 
746517.5120       1000000.0000       1.9079e-06       -1.0523 
746517.5120       1000000.0000       2.1805e-06       -1.2026 
746517.5120       1000000.0000       2.4531e-06       -1.3530 
746517.5120       1000000.0000       2.7256e-06       -1.5033 
746517.5120       1000000.0000       2.9982e-06       -1.6536 
746517.5120       1000000.0000       3.2708e-06       -1.8039 
746517.5120       1000000.0000       3.5433e-06       -1.9543 
746517.5120       1000000.0000       3.8159e-06       -2.1046 
746517.5120       1000000.0000       4.0884e-06       -2.2549 
746517.5120       1000000.0000       4.3610e-06       -2.4052 
746517.5120       1000000.0000       4.6336e-06       -2.5556 
746517.5120       1000000.0000       4.9061e-06       -2.7059 
