#Columba_1  Log10(Jfactor)=17.600   sigmaJ=0.600 
#[0]emin(MeV) [1]emax(MeV) [2]eflux(MeV/cm^2/s) [3]deltaLogLike 
500.0000       669.7766       0.0000e+00       -0.0302 
500.0000       669.7766       9.4339e-09       0.0000 
500.0000       669.7766       1.4704e-08       -0.0113 
500.0000       669.7766       1.9975e-08       -0.0417 
500.0000       669.7766       2.5245e-08       -0.0908 
500.0000       669.7766       3.0516e-08       -0.1578 
500.0000       669.7766       3.5786e-08       -0.2421 
500.0000       669.7766       4.1057e-08       -0.3433 
500.0000       669.7766       4.6328e-08       -0.4609 
500.0000       669.7766       5.1598e-08       -0.5943 
500.0000       669.7766       5.6869e-08       -0.7432 
500.0000       669.7766       6.2139e-08       -0.9071 
500.0000       669.7766       6.7410e-08       -1.0857 
500.0000       669.7766       7.2680e-08       -1.2785 
500.0000       669.7766       7.7951e-08       -1.4853 
500.0000       669.7766       8.3221e-08       -1.7057 
500.0000       669.7766       8.8492e-08       -1.9394 
500.0000       669.7766       9.3762e-08       -2.1860 
500.0000       669.7766       9.9033e-08       -2.4454 
500.0000       669.7766       1.0430e-07       -2.7172 
669.7766       897.2222       0.0000e+00       -0.1338 
669.7766       897.2222       1.4275e-08       0.0000 
669.7766       897.2222       1.8395e-08       -0.0109 
669.7766       897.2222       2.2514e-08       -0.0420 
669.7766       897.2222       2.6634e-08       -0.0922 
669.7766       897.2222       3.0754e-08       -0.1609 
669.7766       897.2222       3.4874e-08       -0.2471 
669.7766       897.2222       3.8994e-08       -0.3501 
669.7766       897.2222       4.3114e-08       -0.4694 
669.7766       897.2222       4.7233e-08       -0.6042 
669.7766       897.2222       5.1353e-08       -0.7541 
669.7766       897.2222       5.5473e-08       -0.9184 
669.7766       897.2222       5.9593e-08       -1.0968 
669.7766       897.2222       6.3713e-08       -1.2887 
669.7766       897.2222       6.7832e-08       -1.4937 
669.7766       897.2222       7.1952e-08       -1.7114 
669.7766       897.2222       7.6072e-08       -1.9415 
669.7766       897.2222       8.0192e-08       -2.1835 
669.7766       897.2222       8.4312e-08       -2.4372 
669.7766       897.2222       8.8432e-08       -2.7022 
897.2222       1201.8769       0.0000e+00       -0.0606 
897.2222       1201.8769       8.0450e-09       0.0000 
897.2222       1201.8769       1.1575e-08       -0.0131 
897.2222       1201.8769       1.5105e-08       -0.0477 
897.2222       1201.8769       1.8635e-08       -0.1024 
897.2222       1201.8769       2.2165e-08       -0.1759 
897.2222       1201.8769       2.5695e-08       -0.2669 
897.2222       1201.8769       2.9225e-08       -0.3746 
897.2222       1201.8769       3.2754e-08       -0.4979 
897.2222       1201.8769       3.6284e-08       -0.6360 
897.2222       1201.8769       3.9814e-08       -0.7884 
897.2222       1201.8769       4.3344e-08       -0.9541 
897.2222       1201.8769       4.6874e-08       -1.1328 
897.2222       1201.8769       5.0404e-08       -1.3237 
897.2222       1201.8769       5.3934e-08       -1.5265 
897.2222       1201.8769       5.7464e-08       -1.7406 
897.2222       1201.8769       6.0994e-08       -1.9657 
897.2222       1201.8769       6.4524e-08       -2.2013 
897.2222       1201.8769       6.8054e-08       -2.4470 
897.2222       1201.8769       7.1583e-08       -2.7025 
1201.8769       1609.9782       0.0000e+00       -1.8033 
1201.8769       1609.9782       4.3698e-09       -1.3596 
1201.8769       1609.9782       8.7396e-09       -0.9977 
1201.8769       1609.9782       1.3109e-08       -0.7052 
1201.8769       1609.9782       1.7479e-08       -0.4727 
1201.8769       1609.9782       2.1849e-08       -0.2929 
1201.8769       1609.9782       2.6219e-08       -0.1601 
1201.8769       1609.9782       3.0589e-08       -0.0695 
1201.8769       1609.9782       3.4959e-08       -0.0172 
1201.8769       1609.9782       3.9328e-08       0.0000 
1201.8769       1609.9782       4.5951e-08       -0.0346 
1201.8769       1609.9782       5.2574e-08       -0.1353 
1201.8769       1609.9782       5.9197e-08       -0.2955 
1201.8769       1609.9782       6.5820e-08       -0.5096 
1201.8769       1609.9782       7.2442e-08       -0.7731 
1201.8769       1609.9782       7.9065e-08       -1.0821 
1201.8769       1609.9782       8.5688e-08       -1.4330 
1201.8769       1609.9782       9.2311e-08       -1.8231 
1201.8769       1609.9782       9.8934e-08       -2.2497 
1201.8769       1609.9782       1.0556e-07       -2.7103 
1609.9782       2156.6516       0.0000e+00       -0.3038 
1609.9782       2156.6516       1.5646e-08       0.0000 
1609.9782       2156.6516       1.9258e-08       -0.0125 
1609.9782       2156.6516       2.2870e-08       -0.0484 
1609.9782       2156.6516       2.6481e-08       -0.1055 
1609.9782       2156.6516       3.0093e-08       -0.1821 
1609.9782       2156.6516       3.3705e-08       -0.2766 
1609.9782       2156.6516       3.7317e-08       -0.3876 
1609.9782       2156.6516       4.0929e-08       -0.5140 
1609.9782       2156.6516       4.4541e-08       -0.6549 
1609.9782       2156.6516       4.8153e-08       -0.8094 
1609.9782       2156.6516       5.1765e-08       -0.9766 
1609.9782       2156.6516       5.5377e-08       -1.1560 
1609.9782       2156.6516       5.8988e-08       -1.3468 
1609.9782       2156.6516       6.2600e-08       -1.5486 
1609.9782       2156.6516       6.6212e-08       -1.7607 
1609.9782       2156.6516       6.9824e-08       -1.9828 
1609.9782       2156.6516       7.3436e-08       -2.2144 
1609.9782       2156.6516       7.7048e-08       -2.4551 
1609.9782       2156.6516       8.0660e-08       -2.7045 
2156.6516       2889.0164       0.0000e+00       0.0000 
2156.6516       2889.0164       1.1589e-14       -0.0000 
2156.6516       2889.0164       1.8802e-09       -0.1008 
2156.6516       2889.0164       3.7603e-09       -0.2101 
2156.6516       2889.0164       5.6405e-09       -0.3271 
2156.6516       2889.0164       7.5206e-09       -0.4511 
2156.6516       2889.0164       9.4008e-09       -0.5817 
2156.6516       2889.0164       1.1281e-08       -0.7183 
2156.6516       2889.0164       1.3161e-08       -0.8604 
2156.6516       2889.0164       1.5041e-08       -1.0078 
2156.6516       2889.0164       1.6921e-08       -1.1600 
2156.6516       2889.0164       1.8802e-08       -1.3167 
2156.6516       2889.0164       2.0682e-08       -1.4776 
2156.6516       2889.0164       2.2562e-08       -1.6427 
2156.6516       2889.0164       2.4442e-08       -1.8115 
2156.6516       2889.0164       2.6322e-08       -1.9839 
2156.6516       2889.0164       2.8202e-08       -2.1597 
2156.6516       2889.0164       3.0082e-08       -2.3388 
2156.6516       2889.0164       3.1963e-08       -2.5209 
2156.6516       2889.0164       3.3843e-08       -2.7060 
2889.0164       3869.9914       0.0000e+00       -0.4420 
2889.0164       3869.9914       1.3645e-08       0.0000 
2889.0164       3869.9914       1.6724e-08       -0.0145 
2889.0164       3869.9914       1.9802e-08       -0.0564 
2889.0164       3869.9914       2.2880e-08       -0.1219 
2889.0164       3869.9914       2.5959e-08       -0.2079 
2889.0164       3869.9914       2.9037e-08       -0.3120 
2889.0164       3869.9914       3.2115e-08       -0.4321 
2889.0164       3869.9914       3.5194e-08       -0.5666 
2889.0164       3869.9914       3.8272e-08       -0.7142 
2889.0164       3869.9914       4.1350e-08       -0.8734 
2889.0164       3869.9914       4.4429e-08       -1.0435 
2889.0164       3869.9914       4.7507e-08       -1.2234 
2889.0164       3869.9914       5.0585e-08       -1.4124 
2889.0164       3869.9914       5.3664e-08       -1.6098 
2889.0164       3869.9914       5.6742e-08       -1.8150 
2889.0164       3869.9914       5.9820e-08       -2.0276 
2889.0164       3869.9914       6.2899e-08       -2.2469 
2889.0164       3869.9914       6.5977e-08       -2.4726 
2889.0164       3869.9914       6.9055e-08       -2.7044 
3869.9914       5184.0598       0.0000e+00       0.0000 
3869.9914       5184.0598       5.1133e-13       -0.0000 
3869.9914       5184.0598       2.0434e-09       -0.1385 
3869.9914       5184.0598       4.0863e-09       -0.2788 
3869.9914       5184.0598       6.1293e-09       -0.4206 
3869.9914       5184.0598       8.1722e-09       -0.5640 
3869.9914       5184.0598       1.0215e-08       -0.7089 
3869.9914       5184.0598       1.2258e-08       -0.8552 
3869.9914       5184.0598       1.4301e-08       -1.0029 
3869.9914       5184.0598       1.6344e-08       -1.1519 
3869.9914       5184.0598       1.8387e-08       -1.3022 
3869.9914       5184.0598       2.0430e-08       -1.4538 
3869.9914       5184.0598       2.2473e-08       -1.6065 
3869.9914       5184.0598       2.4515e-08       -1.7603 
3869.9914       5184.0598       2.6558e-08       -1.9153 
3869.9914       5184.0598       2.8601e-08       -2.0714 
3869.9914       5184.0598       3.0644e-08       -2.2285 
3869.9914       5184.0598       3.2687e-08       -2.3866 
3869.9914       5184.0598       3.4730e-08       -2.5456 
3869.9914       5184.0598       3.6773e-08       -2.7057 
5184.0598       6944.3244       0.0000e+00       -0.0865 
5184.0598       6944.3244       8.0132e-09       0.0000 
5184.0598       6944.3244       1.1995e-08       -0.0173 
5184.0598       6944.3244       1.5977e-08       -0.0645 
5184.0598       6944.3244       1.9958e-08       -0.1363 
5184.0598       6944.3244       2.3940e-08       -0.2291 
5184.0598       6944.3244       2.7922e-08       -0.3396 
5184.0598       6944.3244       3.1903e-08       -0.4656 
5184.0598       6944.3244       3.5885e-08       -0.6051 
5184.0598       6944.3244       3.9867e-08       -0.7564 
5184.0598       6944.3244       4.3848e-08       -0.9183 
5184.0598       6944.3244       4.7830e-08       -1.0897 
5184.0598       6944.3244       5.1812e-08       -1.2695 
5184.0598       6944.3244       5.5793e-08       -1.4571 
5184.0598       6944.3244       5.9775e-08       -1.6518 
5184.0598       6944.3244       6.3757e-08       -1.8528 
5184.0598       6944.3244       6.7738e-08       -2.0598 
5184.0598       6944.3244       7.1720e-08       -2.2722 
5184.0598       6944.3244       7.5702e-08       -2.4896 
5184.0598       6944.3244       7.9683e-08       -2.7118 
6944.3244       9302.5069       0.0000e+00       -0.0207 
6944.3244       9302.5069       4.7799e-09       0.0000 
6944.3244       9302.5069       9.7374e-09       -0.0179 
6944.3244       9302.5069       1.4695e-08       -0.0671 
6944.3244       9302.5069       1.9652e-08       -0.1416 
6944.3244       9302.5069       2.4610e-08       -0.2369 
6944.3244       9302.5069       2.9567e-08       -0.3498 
6944.3244       9302.5069       3.4525e-08       -0.4778 
6944.3244       9302.5069       3.9482e-08       -0.6190 
6944.3244       9302.5069       4.4439e-08       -0.7716 
6944.3244       9302.5069       4.9397e-08       -0.9345 
6944.3244       9302.5069       5.4354e-08       -1.1065 
6944.3244       9302.5069       5.9312e-08       -1.2867 
6944.3244       9302.5069       6.4269e-08       -1.4743 
6944.3244       9302.5069       6.9226e-08       -1.6687 
6944.3244       9302.5069       7.4184e-08       -1.8693 
6944.3244       9302.5069       7.9141e-08       -2.0756 
6944.3244       9302.5069       8.4099e-08       -2.2872 
6944.3244       9302.5069       8.9056e-08       -2.5036 
6944.3244       9302.5069       9.4014e-08       -2.7245 
9302.5069       12461.2038       0.0000e+00       -0.3746 
9302.5069       12461.2038       1.3305e-08       0.0000 
9302.5069       12461.2038       1.8276e-08       -0.0258 
9302.5069       12461.2038       2.3247e-08       -0.0898 
9302.5069       12461.2038       2.8218e-08       -0.1805 
9302.5069       12461.2038       3.3188e-08       -0.2911 
9302.5069       12461.2038       3.8159e-08       -0.4171 
9302.5069       12461.2038       4.3130e-08       -0.5553 
9302.5069       12461.2038       4.8101e-08       -0.7037 
9302.5069       12461.2038       5.3072e-08       -0.8604 
9302.5069       12461.2038       5.8042e-08       -1.0242 
9302.5069       12461.2038       6.3013e-08       -1.1942 
9302.5069       12461.2038       6.7984e-08       -1.3694 
9302.5069       12461.2038       7.2955e-08       -1.5494 
9302.5069       12461.2038       7.7926e-08       -1.7335 
9302.5069       12461.2038       8.2896e-08       -1.9213 
9302.5069       12461.2038       8.7867e-08       -2.1124 
9302.5069       12461.2038       9.2838e-08       -2.3066 
9302.5069       12461.2038       9.7809e-08       -2.5035 
9302.5069       12461.2038       1.0278e-07       -2.7030 
12461.2038       16692.4468       0.0000e+00       -0.0000 
12461.2038       16692.4468       1.2653e-15       0.0000 
12461.2038       16692.4468       3.7457e-09       -0.1502 
12461.2038       16692.4468       7.4915e-09       -0.3003 
12461.2038       16692.4468       1.1237e-08       -0.4505 
12461.2038       16692.4468       1.4983e-08       -0.6007 
12461.2038       16692.4468       1.8729e-08       -0.7510 
12461.2038       16692.4468       2.2474e-08       -0.9012 
12461.2038       16692.4468       2.6220e-08       -1.0515 
12461.2038       16692.4468       2.9966e-08       -1.2018 
12461.2038       16692.4468       3.3712e-08       -1.3521 
12461.2038       16692.4468       3.7457e-08       -1.5025 
12461.2038       16692.4468       4.1203e-08       -1.6528 
12461.2038       16692.4468       4.4949e-08       -1.8032 
12461.2038       16692.4468       4.8694e-08       -1.9536 
12461.2038       16692.4468       5.2440e-08       -2.1040 
12461.2038       16692.4468       5.6186e-08       -2.2545 
12461.2038       16692.4468       5.9932e-08       -2.4049 
12461.2038       16692.4468       6.3677e-08       -2.5554 
12461.2038       16692.4468       6.7423e-08       -2.7059 
16692.4468       22360.9371       0.0000e+00       -0.0000 
16692.4468       22360.9371       1.1486e-15       0.0000 
16692.4468       22360.9371       4.8387e-09       -0.1503 
16692.4468       22360.9371       9.6774e-09       -0.3006 
16692.4468       22360.9371       1.4516e-08       -0.4509 
16692.4468       22360.9371       1.9355e-08       -0.6012 
16692.4468       22360.9371       2.4194e-08       -0.7515 
16692.4468       22360.9371       2.9032e-08       -0.9018 
16692.4468       22360.9371       3.3871e-08       -1.0521 
16692.4468       22360.9371       3.8710e-08       -1.2024 
16692.4468       22360.9371       4.3548e-08       -1.3527 
16692.4468       22360.9371       4.8387e-08       -1.5031 
16692.4468       22360.9371       5.3226e-08       -1.6534 
16692.4468       22360.9371       5.8065e-08       -1.8037 
16692.4468       22360.9371       6.2903e-08       -1.9541 
16692.4468       22360.9371       6.7742e-08       -2.1044 
16692.4468       22360.9371       7.2581e-08       -2.2548 
16692.4468       22360.9371       7.7420e-08       -2.4052 
16692.4468       22360.9371       8.2258e-08       -2.5555 
16692.4468       22360.9371       8.7097e-08       -2.7059 
22360.9371       29953.6672       0.0000e+00       -0.0000 
22360.9371       29953.6672       2.4129e-14       0.0000 
22360.9371       29953.6672       6.3095e-09       -0.1503 
22360.9371       29953.6672       1.2619e-08       -0.3006 
22360.9371       29953.6672       1.8928e-08       -0.4510 
22360.9371       29953.6672       2.5238e-08       -0.6013 
22360.9371       29953.6672       3.1547e-08       -0.7516 
22360.9371       29953.6672       3.7857e-08       -0.9020 
22360.9371       29953.6672       4.4166e-08       -1.0523 
22360.9371       29953.6672       5.0476e-08       -1.2026 
22360.9371       29953.6672       5.6785e-08       -1.3529 
22360.9371       29953.6672       6.3094e-08       -1.5033 
22360.9371       29953.6672       6.9404e-08       -1.6536 
22360.9371       29953.6672       7.5713e-08       -1.8039 
22360.9371       29953.6672       8.2023e-08       -1.9543 
22360.9371       29953.6672       8.8332e-08       -2.1046 
22360.9371       29953.6672       9.4642e-08       -2.2549 
22360.9371       29953.6672       1.0095e-07       -2.4052 
22360.9371       29953.6672       1.0726e-07       -2.5556 
22360.9371       29953.6672       1.1357e-07       -2.7059 
29953.6672       40124.5339       0.0000e+00       0.0000 
29953.6672       40124.5339       5.0743e-16       -0.0000 
29953.6672       40124.5339       8.4001e-09       -0.1503 
29953.6672       40124.5339       1.6800e-08       -0.3006 
29953.6672       40124.5339       2.5200e-08       -0.4509 
29953.6672       40124.5339       3.3601e-08       -0.6013 
29953.6672       40124.5339       4.2001e-08       -0.7516 
29953.6672       40124.5339       5.0401e-08       -0.9019 
29953.6672       40124.5339       5.8801e-08       -1.0522 
29953.6672       40124.5339       6.7201e-08       -1.2025 
29953.6672       40124.5339       7.5601e-08       -1.3529 
29953.6672       40124.5339       8.4001e-08       -1.5032 
29953.6672       40124.5339       9.2401e-08       -1.6535 
29953.6672       40124.5339       1.0080e-07       -1.8039 
29953.6672       40124.5339       1.0920e-07       -1.9542 
29953.6672       40124.5339       1.1760e-07       -2.1045 
29953.6672       40124.5339       1.2600e-07       -2.2549 
29953.6672       40124.5339       1.3440e-07       -2.4052 
29953.6672       40124.5339       1.4280e-07       -2.5556 
29953.6672       40124.5339       1.5120e-07       -2.7059 
40124.5339       53748.9519       0.0000e+00       0.0000 
40124.5339       53748.9519       3.8548e-16       -0.0000 
40124.5339       53748.9519       1.1062e-08       -0.1503 
40124.5339       53748.9519       2.2124e-08       -0.3006 
40124.5339       53748.9519       3.3186e-08       -0.4510 
40124.5339       53748.9519       4.4248e-08       -0.6013 
40124.5339       53748.9519       5.5310e-08       -0.7516 
40124.5339       53748.9519       6.6372e-08       -0.9019 
40124.5339       53748.9519       7.7434e-08       -1.0523 
40124.5339       53748.9519       8.8495e-08       -1.2026 
40124.5339       53748.9519       9.9557e-08       -1.3529 
40124.5339       53748.9519       1.1062e-07       -1.5033 
40124.5339       53748.9519       1.2168e-07       -1.6536 
40124.5339       53748.9519       1.3274e-07       -1.8039 
40124.5339       53748.9519       1.4381e-07       -1.9542 
40124.5339       53748.9519       1.5487e-07       -2.1046 
40124.5339       53748.9519       1.6593e-07       -2.2549 
40124.5339       53748.9519       1.7699e-07       -2.4052 
40124.5339       53748.9519       1.8805e-07       -2.5556 
40124.5339       53748.9519       1.9911e-07       -2.7059 
53748.9519       72001.2440       0.0000e+00       0.0000 
53748.9519       72001.2440       2.8887e-16       -0.0000 
53748.9519       72001.2440       1.6433e-08       -0.1476 
53748.9519       72001.2440       3.2865e-08       -0.2956 
53748.9519       72001.2440       4.9298e-08       -0.4440 
53748.9519       72001.2440       6.5731e-08       -0.5928 
53748.9519       72001.2440       8.2163e-08       -0.7418 
53748.9519       72001.2440       9.8596e-08       -0.8912 
53748.9519       72001.2440       1.1503e-07       -1.0409 
53748.9519       72001.2440       1.3146e-07       -1.1909 
53748.9519       72001.2440       1.4789e-07       -1.3413 
53748.9519       72001.2440       1.6433e-07       -1.4919 
53748.9519       72001.2440       1.8076e-07       -1.6427 
53748.9519       72001.2440       1.9719e-07       -1.7939 
53748.9519       72001.2440       2.1362e-07       -1.9452 
53748.9519       72001.2440       2.3006e-07       -2.0969 
53748.9519       72001.2440       2.4649e-07       -2.2488 
53748.9519       72001.2440       2.6292e-07       -2.4009 
53748.9519       72001.2440       2.7936e-07       -2.5533 
53748.9519       72001.2440       2.9579e-07       -2.7058 
72001.2440       96449.5043       0.0000e+00       0.0000 
72001.2440       96449.5043       2.2295e-16       -0.0000 
72001.2440       96449.5043       1.9926e-08       -0.1503 
72001.2440       96449.5043       3.9852e-08       -0.3007 
72001.2440       96449.5043       5.9778e-08       -0.4510 
72001.2440       96449.5043       7.9704e-08       -0.6013 
72001.2440       96449.5043       9.9630e-08       -0.7516 
72001.2440       96449.5043       1.1956e-07       -0.9020 
72001.2440       96449.5043       1.3948e-07       -1.0523 
72001.2440       96449.5043       1.5941e-07       -1.2026 
72001.2440       96449.5043       1.7933e-07       -1.3529 
72001.2440       96449.5043       1.9926e-07       -1.5033 
72001.2440       96449.5043       2.1919e-07       -1.6536 
72001.2440       96449.5043       2.3911e-07       -1.8039 
72001.2440       96449.5043       2.5904e-07       -1.9543 
72001.2440       96449.5043       2.7896e-07       -2.1046 
72001.2440       96449.5043       2.9889e-07       -2.2549 
72001.2440       96449.5043       3.1882e-07       -2.4052 
72001.2440       96449.5043       3.3874e-07       -2.5556 
72001.2440       96449.5043       3.5867e-07       -2.7059 
96449.5043       129199.2522       0.0000e+00       0.0000 
96449.5043       129199.2522       1.6454e-10       -0.0009 
96449.5043       129199.2522       2.7167e-08       -0.1512 
96449.5043       129199.2522       5.4169e-08       -0.3014 
96449.5043       129199.2522       8.1171e-08       -0.4517 
96449.5043       129199.2522       1.0817e-07       -0.6020 
96449.5043       129199.2522       1.3517e-07       -0.7523 
96449.5043       129199.2522       1.6218e-07       -0.9025 
96449.5043       129199.2522       1.8918e-07       -1.0528 
96449.5043       129199.2522       2.1618e-07       -1.2031 
96449.5043       129199.2522       2.4318e-07       -1.3534 
96449.5043       129199.2522       2.7018e-07       -1.5036 
96449.5043       129199.2522       2.9719e-07       -1.6539 
96449.5043       129199.2522       3.2419e-07       -1.8042 
96449.5043       129199.2522       3.5119e-07       -1.9545 
96449.5043       129199.2522       3.7819e-07       -2.1048 
96449.5043       129199.2522       4.0519e-07       -2.2550 
96449.5043       129199.2522       4.3220e-07       -2.4053 
96449.5043       129199.2522       4.5920e-07       -2.5556 
96449.5043       129199.2522       4.8620e-07       -2.7059 
129199.2522       173069.2852       0.0000e+00       0.0000 
129199.2522       173069.2852       1.2535e-10       -0.0005 
129199.2522       173069.2852       3.6365e-08       -0.1508 
129199.2522       173069.2852       7.2604e-08       -0.3011 
129199.2522       173069.2852       1.0884e-07       -0.4514 
129199.2522       173069.2852       1.4508e-07       -0.6017 
129199.2522       173069.2852       1.8132e-07       -0.7520 
129199.2522       173069.2852       2.1756e-07       -0.9023 
129199.2522       173069.2852       2.5380e-07       -1.0526 
129199.2522       173069.2852       2.9004e-07       -1.2029 
129199.2522       173069.2852       3.2628e-07       -1.3532 
129199.2522       173069.2852       3.6252e-07       -1.5035 
129199.2522       173069.2852       3.9876e-07       -1.6538 
129199.2522       173069.2852       4.3500e-07       -1.8041 
129199.2522       173069.2852       4.7124e-07       -1.9544 
129199.2522       173069.2852       5.0748e-07       -2.1047 
129199.2522       173069.2852       5.4371e-07       -2.2550 
129199.2522       173069.2852       5.7995e-07       -2.4053 
129199.2522       173069.2852       6.1619e-07       -2.5556 
129199.2522       173069.2852       6.5243e-07       -2.7059 
173069.2852       231840.8711       0.0000e+00       0.0000 
173069.2852       231840.8711       9.5375e-11       -0.0003 
173069.2852       231840.8711       4.8726e-08       -0.1506 
173069.2852       231840.8711       9.7356e-08       -0.3009 
173069.2852       231840.8711       1.4599e-07       -0.4512 
173069.2852       231840.8711       1.9462e-07       -0.6015 
173069.2852       231840.8711       2.4325e-07       -0.7518 
173069.2852       231840.8711       2.9188e-07       -0.9022 
173069.2852       231840.8711       3.4051e-07       -1.0525 
173069.2852       231840.8711       3.8914e-07       -1.2028 
173069.2852       231840.8711       4.3777e-07       -1.3531 
173069.2852       231840.8711       4.8640e-07       -1.5034 
173069.2852       231840.8711       5.3503e-07       -1.6537 
173069.2852       231840.8711       5.8366e-07       -1.8040 
173069.2852       231840.8711       6.3229e-07       -1.9543 
173069.2852       231840.8711       6.8092e-07       -2.1046 
173069.2852       231840.8711       7.2955e-07       -2.2550 
173069.2852       231840.8711       7.7818e-07       -2.4053 
173069.2852       231840.8711       8.2681e-07       -2.5556 
173069.2852       231840.8711       8.7544e-07       -2.7059 
231840.8711       310563.2050       0.0000e+00       0.0000 
231840.8711       310563.2050       7.2517e-11       -0.0002 
231840.8711       310563.2050       6.5501e-08       -0.1505 
231840.8711       310563.2050       1.3093e-07       -0.3008 
231840.8711       310563.2050       1.9636e-07       -0.4511 
231840.8711       310563.2050       2.6179e-07       -0.6014 
231840.8711       310563.2050       3.2722e-07       -0.7518 
231840.8711       310563.2050       3.9265e-07       -0.9021 
231840.8711       310563.2050       4.5807e-07       -1.0524 
231840.8711       310563.2050       5.2350e-07       -1.2027 
231840.8711       310563.2050       5.8893e-07       -1.3530 
231840.8711       310563.2050       6.5436e-07       -1.5033 
231840.8711       310563.2050       7.1979e-07       -1.6537 
231840.8711       310563.2050       7.8522e-07       -1.8040 
231840.8711       310563.2050       8.5065e-07       -1.9543 
231840.8711       310563.2050       9.1608e-07       -2.1046 
231840.8711       310563.2050       9.8151e-07       -2.2549 
231840.8711       310563.2050       1.0469e-06       -2.4053 
231840.8711       310563.2050       1.1124e-06       -2.5556 
231840.8711       310563.2050       1.1778e-06       -2.7059 
310563.2050       416015.9675       0.0000e+00       0.0000 
310563.2050       416015.9675       5.5109e-11       -0.0001 
310563.2050       416015.9675       8.8470e-08       -0.1504 
310563.2050       416015.9675       1.7688e-07       -0.3007 
310563.2050       416015.9675       2.6530e-07       -0.4511 
310563.2050       416015.9675       3.5371e-07       -0.6014 
310563.2050       416015.9675       4.4213e-07       -0.7517 
310563.2050       416015.9675       5.3054e-07       -0.9020 
310563.2050       416015.9675       6.1896e-07       -1.0523 
310563.2050       416015.9675       7.0737e-07       -1.2027 
310563.2050       416015.9675       7.9579e-07       -1.3530 
310563.2050       416015.9675       8.8420e-07       -1.5033 
310563.2050       416015.9675       9.7262e-07       -1.6536 
310563.2050       416015.9675       1.0610e-06       -1.8040 
310563.2050       416015.9675       1.1494e-06       -1.9543 
310563.2050       416015.9675       1.2379e-06       -2.1046 
310563.2050       416015.9675       1.3263e-06       -2.2549 
310563.2050       416015.9675       1.4147e-06       -2.4053 
310563.2050       416015.9675       1.5031e-06       -2.5556 
310563.2050       416015.9675       1.5915e-06       -2.7059 
416015.9675       557275.5639       0.0000e+00       0.0000 
416015.9675       557275.5639       4.1880e-11       -0.0001 
416015.9675       557275.5639       1.2026e-07       -0.1504 
416015.9675       557275.5639       2.4048e-07       -0.3007 
416015.9675       557275.5639       3.6070e-07       -0.4510 
416015.9675       557275.5639       4.8093e-07       -0.6013 
416015.9675       557275.5639       6.0115e-07       -0.7517 
416015.9675       557275.5639       7.2137e-07       -0.9020 
416015.9675       557275.5639       8.4159e-07       -1.0523 
416015.9675       557275.5639       9.6181e-07       -1.2026 
416015.9675       557275.5639       1.0820e-06       -1.3530 
416015.9675       557275.5639       1.2023e-06       -1.5033 
416015.9675       557275.5639       1.3225e-06       -1.6536 
416015.9675       557275.5639       1.4427e-06       -1.8039 
416015.9675       557275.5639       1.5629e-06       -1.9543 
416015.9675       557275.5639       1.6831e-06       -2.1046 
416015.9675       557275.5639       1.8034e-06       -2.2549 
416015.9675       557275.5639       1.9236e-06       -2.4052 
416015.9675       557275.5639       2.0438e-06       -2.5556 
416015.9675       557275.5639       2.1640e-06       -2.7059 
557275.5639       746517.5120       0.0000e+00       0.0000 
557275.5639       746517.5120       3.1825e-11       -0.0000 
557275.5639       746517.5120       1.6842e-07       -0.1503 
557275.5639       746517.5120       3.3681e-07       -0.3005 
557275.5639       746517.5120       5.0520e-07       -0.4508 
557275.5639       746517.5120       6.7359e-07       -0.6011 
557275.5639       746517.5120       8.4198e-07       -0.7514 
557275.5639       746517.5120       1.0104e-06       -0.9016 
557275.5639       746517.5120       1.1788e-06       -1.0519 
557275.5639       746517.5120       1.3471e-06       -1.2023 
557275.5639       746517.5120       1.5155e-06       -1.3526 
557275.5639       746517.5120       1.6839e-06       -1.5029 
557275.5639       746517.5120       1.8523e-06       -1.6533 
557275.5639       746517.5120       2.0207e-06       -1.8036 
557275.5639       746517.5120       2.1891e-06       -1.9540 
557275.5639       746517.5120       2.3575e-06       -2.1043 
557275.5639       746517.5120       2.5259e-06       -2.2547 
557275.5639       746517.5120       2.6943e-06       -2.4051 
557275.5639       746517.5120       2.8626e-06       -2.5555 
557275.5639       746517.5120       3.0310e-06       -2.7059 
746517.5120       1000000.0000       0.0000e+00       0.0000 
746517.5120       1000000.0000       2.4180e-11       -0.0000 
746517.5120       1000000.0000       2.3880e-07       -0.1503 
746517.5120       1000000.0000       4.7757e-07       -0.3007 
746517.5120       1000000.0000       7.1635e-07       -0.4510 
746517.5120       1000000.0000       9.5512e-07       -0.6013 
746517.5120       1000000.0000       1.1939e-06       -0.7516 
746517.5120       1000000.0000       1.4327e-06       -0.9020 
746517.5120       1000000.0000       1.6714e-06       -1.0523 
746517.5120       1000000.0000       1.9102e-06       -1.2026 
746517.5120       1000000.0000       2.1490e-06       -1.3529 
746517.5120       1000000.0000       2.3878e-06       -1.5033 
746517.5120       1000000.0000       2.6265e-06       -1.6536 
746517.5120       1000000.0000       2.8653e-06       -1.8039 
746517.5120       1000000.0000       3.1041e-06       -1.9543 
746517.5120       1000000.0000       3.3429e-06       -2.1046 
746517.5120       1000000.0000       3.5816e-06       -2.2549 
746517.5120       1000000.0000       3.8204e-06       -2.4052 
746517.5120       1000000.0000       4.0592e-06       -2.5556 
746517.5120       1000000.0000       4.2980e-06       -2.7059 
