#Fornax  Log10(Jfactor)=18.090   sigmaJ=0.100 
#[0]emin(MeV) [1]emax(MeV) [2]eflux(MeV/cm^2/s) [3]deltaLogLike 
500.0000       669.7766       0.0000e+00       -0.1067 
500.0000       669.7766       1.7047e-08       0.0000 
500.0000       669.7766       2.2378e-08       -0.0088 
500.0000       669.7766       2.7709e-08       -0.0366 
500.0000       669.7766       3.3040e-08       -0.0829 
500.0000       669.7766       3.8371e-08       -0.1471 
500.0000       669.7766       4.3702e-08       -0.2288 
500.0000       669.7766       4.9033e-08       -0.3273 
500.0000       669.7766       5.4364e-08       -0.4425 
500.0000       669.7766       5.9696e-08       -0.5737 
500.0000       669.7766       6.5027e-08       -0.7207 
500.0000       669.7766       7.0358e-08       -0.8831 
500.0000       669.7766       7.5689e-08       -1.0605 
500.0000       669.7766       8.1020e-08       -1.2526 
500.0000       669.7766       8.6351e-08       -1.4591 
500.0000       669.7766       9.1682e-08       -1.6797 
500.0000       669.7766       9.7013e-08       -1.9141 
500.0000       669.7766       1.0234e-07       -2.1620 
500.0000       669.7766       1.0767e-07       -2.4232 
500.0000       669.7766       1.1301e-07       -2.6973 
669.7766       897.2222       0.0000e+00       0.0000 
669.7766       897.2222       3.2572e-13       -0.0000 
669.7766       897.2222       3.2035e-09       -0.0721 
669.7766       897.2222       6.4067e-09       -0.1549 
669.7766       897.2222       9.6099e-09       -0.2481 
669.7766       897.2222       1.2813e-08       -0.3513 
669.7766       897.2222       1.6016e-08       -0.4643 
669.7766       897.2222       1.9219e-08       -0.5866 
669.7766       897.2222       2.2423e-08       -0.7181 
669.7766       897.2222       2.5626e-08       -0.8585 
669.7766       897.2222       2.8829e-08       -1.0075 
669.7766       897.2222       3.2032e-08       -1.1649 
669.7766       897.2222       3.5235e-08       -1.3305 
669.7766       897.2222       3.8438e-08       -1.5039 
669.7766       897.2222       4.1642e-08       -1.6853 
669.7766       897.2222       4.4845e-08       -1.8742 
669.7766       897.2222       4.8048e-08       -2.0705 
669.7766       897.2222       5.1251e-08       -2.2740 
669.7766       897.2222       5.4454e-08       -2.4847 
669.7766       897.2222       5.7657e-08       -2.7023 
897.2222       1201.8769       0.0000e+00       -0.0000 
897.2222       1201.8769       1.7450e-13       0.0000 
897.2222       1201.8769       2.3971e-09       -0.0755 
897.2222       1201.8769       4.7941e-09       -0.1627 
897.2222       1201.8769       7.1910e-09       -0.2608 
897.2222       1201.8769       9.5880e-09       -0.3690 
897.2222       1201.8769       1.1985e-08       -0.4867 
897.2222       1201.8769       1.4382e-08       -0.6135 
897.2222       1201.8769       1.6779e-08       -0.7487 
897.2222       1201.8769       1.9176e-08       -0.8921 
897.2222       1201.8769       2.1573e-08       -1.0432 
897.2222       1201.8769       2.3970e-08       -1.2016 
897.2222       1201.8769       2.6367e-08       -1.3671 
897.2222       1201.8769       2.8764e-08       -1.5393 
897.2222       1201.8769       3.1161e-08       -1.7180 
897.2222       1201.8769       3.3558e-08       -1.9029 
897.2222       1201.8769       3.5954e-08       -2.0938 
897.2222       1201.8769       3.8351e-08       -2.2904 
897.2222       1201.8769       4.0748e-08       -2.4927 
897.2222       1201.8769       4.3145e-08       -2.7003 
1201.8769       1609.9782       0.0000e+00       -1.1855 
1201.8769       1609.9782       3.4789e-09       -0.8995 
1201.8769       1609.9782       6.9578e-09       -0.6634 
1201.8769       1609.9782       1.0437e-08       -0.4708 
1201.8769       1609.9782       1.3916e-08       -0.3166 
1201.8769       1609.9782       1.7394e-08       -0.1966 
1201.8769       1609.9782       2.0873e-08       -0.1076 
1201.8769       1609.9782       2.4352e-08       -0.0466 
1201.8769       1609.9782       2.7831e-08       -0.0114 
1201.8769       1609.9782       3.1310e-08       0.0000 
1201.8769       1609.9782       3.7777e-08       -0.0361 
1201.8769       1609.9782       4.4245e-08       -0.1392 
1201.8769       1609.9782       5.0712e-08       -0.3018 
1201.8769       1609.9782       5.7180e-08       -0.5182 
1201.8769       1609.9782       6.3647e-08       -0.7834 
1201.8769       1609.9782       7.0115e-08       -1.0931 
1201.8769       1609.9782       7.6582e-08       -1.4440 
1201.8769       1609.9782       8.3050e-08       -1.8331 
1201.8769       1609.9782       8.9518e-08       -2.2576 
1201.8769       1609.9782       9.5985e-08       -2.7153 
1609.9782       2156.6516       0.0000e+00       -0.6146 
1609.9782       2156.6516       2.0103e-09       -0.4662 
1609.9782       2156.6516       4.0206e-09       -0.3435 
1609.9782       2156.6516       6.0309e-09       -0.2433 
1609.9782       2156.6516       8.0412e-09       -0.1631 
1609.9782       2156.6516       1.0051e-08       -0.1008 
1609.9782       2156.6516       1.2062e-08       -0.0547 
1609.9782       2156.6516       1.4072e-08       -0.0233 
1609.9782       2156.6516       1.6082e-08       -0.0054 
1609.9782       2156.6516       1.8093e-08       0.0000 
1609.9782       2156.6516       2.3628e-08       -0.0420 
1609.9782       2156.6516       2.9164e-08       -0.1561 
1609.9782       2156.6516       3.4699e-08       -0.3311 
1609.9782       2156.6516       4.0235e-08       -0.5582 
1609.9782       2156.6516       4.5771e-08       -0.8310 
1609.9782       2156.6516       5.1306e-08       -1.1442 
1609.9782       2156.6516       5.6842e-08       -1.4934 
1609.9782       2156.6516       6.2377e-08       -1.8751 
1609.9782       2156.6516       6.7913e-08       -2.2864 
1609.9782       2156.6516       7.3449e-08       -2.7247 
2156.6516       2889.0164       0.0000e+00       0.0000 
2156.6516       2889.0164       2.0633e-12       -0.0001 
2156.6516       2889.0164       1.6674e-09       -0.1210 
2156.6516       2889.0164       3.3327e-09       -0.2465 
2156.6516       2889.0164       4.9980e-09       -0.3763 
2156.6516       2889.0164       6.6634e-09       -0.5100 
2156.6516       2889.0164       8.3287e-09       -0.6476 
2156.6516       2889.0164       9.9940e-09       -0.7887 
2156.6516       2889.0164       1.1659e-08       -0.9332 
2156.6516       2889.0164       1.3325e-08       -1.0810 
2156.6516       2889.0164       1.4990e-08       -1.2317 
2156.6516       2889.0164       1.6655e-08       -1.3854 
2156.6516       2889.0164       1.8321e-08       -1.5419 
2156.6516       2889.0164       1.9986e-08       -1.7010 
2156.6516       2889.0164       2.1651e-08       -1.8627 
2156.6516       2889.0164       2.3317e-08       -2.0268 
2156.6516       2889.0164       2.4982e-08       -2.1932 
2156.6516       2889.0164       2.6647e-08       -2.3619 
2156.6516       2889.0164       2.8313e-08       -2.5328 
2156.6516       2889.0164       2.9978e-08       -2.7057 
2889.0164       3869.9914       0.0000e+00       -0.0000 
2889.0164       3869.9914       7.8232e-14       0.0000 
2889.0164       3869.9914       2.8577e-09       -0.0443 
2889.0164       3869.9914       5.7153e-09       -0.1095 
2889.0164       3869.9914       8.5730e-09       -0.1930 
2889.0164       3869.9914       1.1431e-08       -0.2923 
2889.0164       3869.9914       1.4288e-08       -0.4057 
2889.0164       3869.9914       1.7146e-08       -0.5317 
2889.0164       3869.9914       2.0004e-08       -0.6690 
2889.0164       3869.9914       2.2861e-08       -0.8165 
2889.0164       3869.9914       2.5719e-08       -0.9734 
2889.0164       3869.9914       2.8576e-08       -1.1389 
2889.0164       3869.9914       3.1434e-08       -1.3123 
2889.0164       3869.9914       3.4292e-08       -1.4929 
2889.0164       3869.9914       3.7149e-08       -1.6803 
2889.0164       3869.9914       4.0007e-08       -1.8740 
2889.0164       3869.9914       4.2865e-08       -2.0737 
2889.0164       3869.9914       4.5722e-08       -2.2788 
2889.0164       3869.9914       4.8580e-08       -2.4892 
2889.0164       3869.9914       5.1437e-08       -2.7044 
3869.9914       5184.0598       0.0000e+00       -0.0000 
3869.9914       5184.0598       2.7498e-13       0.0000 
3869.9914       5184.0598       1.8152e-09       -0.1434 
3869.9914       5184.0598       3.6301e-09       -0.2877 
3869.9914       5184.0598       5.4450e-09       -0.4330 
3869.9914       5184.0598       7.2599e-09       -0.5791 
3869.9914       5184.0598       9.0748e-09       -0.7261 
3869.9914       5184.0598       1.0890e-08       -0.8739 
3869.9914       5184.0598       1.2705e-08       -1.0226 
3869.9914       5184.0598       1.4519e-08       -1.1720 
3869.9914       5184.0598       1.6334e-08       -1.3222 
3869.9914       5184.0598       1.8149e-08       -1.4732 
3869.9914       5184.0598       1.9964e-08       -1.6249 
3869.9914       5184.0598       2.1779e-08       -1.7773 
3869.9914       5184.0598       2.3594e-08       -1.9304 
3869.9914       5184.0598       2.5409e-08       -2.0842 
3869.9914       5184.0598       2.7224e-08       -2.2387 
3869.9914       5184.0598       2.9039e-08       -2.3938 
3869.9914       5184.0598       3.0854e-08       -2.5495 
3869.9914       5184.0598       3.2668e-08       -2.7059 
5184.0598       6944.3244       0.0000e+00       -0.0295 
5184.0598       6944.3244       3.4439e-09       0.0000 
5184.0598       6944.3244       6.8379e-09       -0.0239 
5184.0598       6944.3244       1.0232e-08       -0.0836 
5184.0598       6944.3244       1.3626e-08       -0.1697 
5184.0598       6944.3244       1.7020e-08       -0.2760 
5184.0598       6944.3244       2.0414e-08       -0.3985 
5184.0598       6944.3244       2.3808e-08       -0.5342 
5184.0598       6944.3244       2.7202e-08       -0.6810 
5184.0598       6944.3244       3.0596e-08       -0.8373 
5184.0598       6944.3244       3.3990e-08       -1.0017 
5184.0598       6944.3244       3.7384e-08       -1.1733 
5184.0598       6944.3244       4.0778e-08       -1.3513 
5184.0598       6944.3244       4.4172e-08       -1.5349 
5184.0598       6944.3244       4.7566e-08       -1.7235 
5184.0598       6944.3244       5.0960e-08       -1.9167 
5184.0598       6944.3244       5.4354e-08       -2.1142 
5184.0598       6944.3244       5.7748e-08       -2.3154 
5184.0598       6944.3244       6.1142e-08       -2.5202 
5184.0598       6944.3244       6.4536e-08       -2.7283 
6944.3244       9302.5069       0.0000e+00       -0.0351 
6944.3244       9302.5069       5.1970e-09       0.0000 
6944.3244       9302.5069       1.0001e-08       -0.0227 
6944.3244       9302.5069       1.4806e-08       -0.0812 
6944.3244       9302.5069       1.9610e-08       -0.1660 
6944.3244       9302.5069       2.4414e-08       -0.2713 
6944.3244       9302.5069       2.9218e-08       -0.3928 
6944.3244       9302.5069       3.4023e-08       -0.5277 
6944.3244       9302.5069       3.8827e-08       -0.6740 
6944.3244       9302.5069       4.3631e-08       -0.8300 
6944.3244       9302.5069       4.8436e-08       -0.9945 
6944.3244       9302.5069       5.3240e-08       -1.1663 
6944.3244       9302.5069       5.8044e-08       -1.3448 
6944.3244       9302.5069       6.2849e-08       -1.5293 
6944.3244       9302.5069       6.7653e-08       -1.7192 
6944.3244       9302.5069       7.2457e-08       -1.9140 
6944.3244       9302.5069       7.7261e-08       -2.1132 
6944.3244       9302.5069       8.2066e-08       -2.3166 
6944.3244       9302.5069       8.6870e-08       -2.5239 
6944.3244       9302.5069       9.1674e-08       -2.7347 
9302.5069       12461.2038       0.0000e+00       -0.6545 
9302.5069       12461.2038       1.6369e-09       -0.4426 
9302.5069       12461.2038       3.2738e-09       -0.2986 
9302.5069       12461.2038       4.9106e-09       -0.1971 
9302.5069       12461.2038       6.5475e-09       -0.1247 
9302.5069       12461.2038       8.1844e-09       -0.0735 
9302.5069       12461.2038       9.8213e-09       -0.0383 
9302.5069       12461.2038       1.1458e-08       -0.0159 
9302.5069       12461.2038       1.3095e-08       -0.0037 
9302.5069       12461.2038       1.4732e-08       0.0000 
9302.5069       12461.2038       2.3184e-08       -0.0735 
9302.5069       12461.2038       3.1636e-08       -0.2431 
9302.5069       12461.2038       4.0088e-08       -0.4683 
9302.5069       12461.2038       4.8540e-08       -0.7298 
9302.5069       12461.2038       5.6992e-08       -1.0169 
9302.5069       12461.2038       6.5444e-08       -1.3231 
9302.5069       12461.2038       7.3896e-08       -1.6442 
9302.5069       12461.2038       8.2348e-08       -1.9771 
9302.5069       12461.2038       9.0800e-08       -2.3196 
9302.5069       12461.2038       9.9253e-08       -2.6702 
12461.2038       16692.4468       0.0000e+00       -0.0000 
12461.2038       16692.4468       6.8515e-14       0.0000 
12461.2038       16692.4468       4.6095e-09       -0.1451 
12461.2038       16692.4468       9.2190e-09       -0.2910 
12461.2038       16692.4468       1.3828e-08       -0.4375 
12461.2038       16692.4468       1.8438e-08       -0.5848 
12461.2038       16692.4468       2.3047e-08       -0.7327 
12461.2038       16692.4468       2.7657e-08       -0.8812 
12461.2038       16692.4468       3.2266e-08       -1.0302 
12461.2038       16692.4468       3.6876e-08       -1.1799 
12461.2038       16692.4468       4.1485e-08       -1.3302 
12461.2038       16692.4468       4.6095e-08       -1.4810 
12461.2038       16692.4468       5.0704e-08       -1.6324 
12461.2038       16692.4468       5.5314e-08       -1.7843 
12461.2038       16692.4468       5.9923e-08       -1.9367 
12461.2038       16692.4468       6.4532e-08       -2.0896 
12461.2038       16692.4468       6.9142e-08       -2.2429 
12461.2038       16692.4468       7.3751e-08       -2.3968 
12461.2038       16692.4468       7.8361e-08       -2.5511 
12461.2038       16692.4468       8.2970e-08       -2.7059 
16692.4468       22360.9371       0.0000e+00       0.0000 
16692.4468       22360.9371       3.9817e-13       -0.0000 
16692.4468       22360.9371       5.0889e-09       -0.1501 
16692.4468       22360.9371       1.0177e-08       -0.3003 
16692.4468       22360.9371       1.5266e-08       -0.4504 
16692.4468       22360.9371       2.0354e-08       -0.6006 
16692.4468       22360.9371       2.5443e-08       -0.7508 
16692.4468       22360.9371       3.0531e-08       -0.9011 
16692.4468       22360.9371       3.5620e-08       -1.0513 
16692.4468       22360.9371       4.0708e-08       -1.2016 
16692.4468       22360.9371       4.5797e-08       -1.3519 
16692.4468       22360.9371       5.0885e-08       -1.5023 
16692.4468       22360.9371       5.5974e-08       -1.6526 
16692.4468       22360.9371       6.1062e-08       -1.8030 
16692.4468       22360.9371       6.6151e-08       -1.9535 
16692.4468       22360.9371       7.1239e-08       -2.1039 
16692.4468       22360.9371       7.6328e-08       -2.2544 
16692.4468       22360.9371       8.1416e-08       -2.4048 
16692.4468       22360.9371       8.6505e-08       -2.5554 
16692.4468       22360.9371       9.1593e-08       -2.7059 
22360.9371       29953.6672       0.0000e+00       0.0000 
22360.9371       29953.6672       2.1797e-16       -0.0000 
22360.9371       29953.6672       6.6661e-09       -0.1501 
22360.9371       29953.6672       1.3332e-08       -0.3002 
22360.9371       29953.6672       1.9998e-08       -0.4503 
22360.9371       29953.6672       2.6664e-08       -0.6005 
22360.9371       29953.6672       3.3330e-08       -0.7507 
22360.9371       29953.6672       3.9996e-08       -0.9009 
22360.9371       29953.6672       4.6662e-08       -1.0511 
22360.9371       29953.6672       5.3328e-08       -1.2014 
22360.9371       29953.6672       5.9995e-08       -1.3517 
22360.9371       29953.6672       6.6661e-08       -1.5021 
22360.9371       29953.6672       7.3327e-08       -1.6525 
22360.9371       29953.6672       7.9993e-08       -1.8029 
22360.9371       29953.6672       8.6659e-08       -1.9533 
22360.9371       29953.6672       9.3325e-08       -2.1038 
22360.9371       29953.6672       9.9991e-08       -2.2543 
22360.9371       29953.6672       1.0666e-07       -2.4048 
22360.9371       29953.6672       1.1332e-07       -2.5553 
22360.9371       29953.6672       1.1999e-07       -2.7059 
29953.6672       40124.5339       0.0000e+00       -0.0000 
29953.6672       40124.5339       3.6989e-16       0.0000 
29953.6672       40124.5339       1.1488e-08       -0.1364 
29953.6672       40124.5339       2.2977e-08       -0.2747 
29953.6672       40124.5339       3.4465e-08       -0.4153 
29953.6672       40124.5339       4.5953e-08       -0.5576 
29953.6672       40124.5339       5.7442e-08       -0.7018 
29953.6672       40124.5339       6.8930e-08       -0.8477 
29953.6672       40124.5339       8.0418e-08       -0.9953 
29953.6672       40124.5339       9.1907e-08       -1.1443 
29953.6672       40124.5339       1.0340e-07       -1.2949 
29953.6672       40124.5339       1.1488e-07       -1.4468 
29953.6672       40124.5339       1.2637e-07       -1.6001 
29953.6672       40124.5339       1.3786e-07       -1.7546 
29953.6672       40124.5339       1.4935e-07       -1.9103 
29953.6672       40124.5339       1.6084e-07       -2.0673 
29953.6672       40124.5339       1.7233e-07       -2.2252 
29953.6672       40124.5339       1.8381e-07       -2.3843 
29953.6672       40124.5339       1.9530e-07       -2.5444 
29953.6672       40124.5339       2.0679e-07       -2.7054 
40124.5339       53748.9519       0.0000e+00       0.0000 
40124.5339       53748.9519       1.3648e-16       -0.0000 
40124.5339       53748.9519       1.1139e-08       -0.1503 
40124.5339       53748.9519       2.2279e-08       -0.3007 
40124.5339       53748.9519       3.3418e-08       -0.4510 
40124.5339       53748.9519       4.4558e-08       -0.6013 
40124.5339       53748.9519       5.5697e-08       -0.7516 
40124.5339       53748.9519       6.6837e-08       -0.9020 
40124.5339       53748.9519       7.7976e-08       -1.0523 
40124.5339       53748.9519       8.9116e-08       -1.2026 
40124.5339       53748.9519       1.0026e-07       -1.3529 
40124.5339       53748.9519       1.1139e-07       -1.5033 
40124.5339       53748.9519       1.2253e-07       -1.6536 
40124.5339       53748.9519       1.3367e-07       -1.8039 
40124.5339       53748.9519       1.4481e-07       -1.9543 
40124.5339       53748.9519       1.5595e-07       -2.1046 
40124.5339       53748.9519       1.6709e-07       -2.2549 
40124.5339       53748.9519       1.7823e-07       -2.4052 
40124.5339       53748.9519       1.8937e-07       -2.5556 
40124.5339       53748.9519       2.0051e-07       -2.7059 
53748.9519       72001.2440       0.0000e+00       0.0000 
53748.9519       72001.2440       9.6695e-11       -0.0010 
53748.9519       72001.2440       1.5023e-08       -0.1512 
53748.9519       72001.2440       2.9950e-08       -0.3015 
53748.9519       72001.2440       4.4876e-08       -0.4518 
53748.9519       72001.2440       5.9803e-08       -0.6021 
53748.9519       72001.2440       7.4729e-08       -0.7523 
53748.9519       72001.2440       8.9656e-08       -0.9026 
53748.9519       72001.2440       1.0458e-07       -1.0529 
53748.9519       72001.2440       1.1951e-07       -1.2032 
53748.9519       72001.2440       1.3444e-07       -1.3534 
53748.9519       72001.2440       1.4936e-07       -1.5037 
53748.9519       72001.2440       1.6429e-07       -1.6540 
53748.9519       72001.2440       1.7921e-07       -1.8043 
53748.9519       72001.2440       1.9414e-07       -1.9545 
53748.9519       72001.2440       2.0907e-07       -2.1048 
53748.9519       72001.2440       2.2399e-07       -2.2551 
53748.9519       72001.2440       2.3892e-07       -2.4054 
53748.9519       72001.2440       2.5385e-07       -2.5556 
53748.9519       72001.2440       2.6877e-07       -2.7059 
72001.2440       96449.5043       0.0000e+00       0.0000 
72001.2440       96449.5043       7.8975e-11       -0.0006 
72001.2440       96449.5043       2.0203e-08       -0.1509 
72001.2440       96449.5043       4.0328e-08       -0.3012 
72001.2440       96449.5043       6.0452e-08       -0.4515 
72001.2440       96449.5043       8.0576e-08       -0.6018 
72001.2440       96449.5043       1.0070e-07       -0.7521 
72001.2440       96449.5043       1.2083e-07       -0.9024 
72001.2440       96449.5043       1.4095e-07       -1.0526 
72001.2440       96449.5043       1.6107e-07       -1.2029 
72001.2440       96449.5043       1.8120e-07       -1.3532 
72001.2440       96449.5043       2.0132e-07       -1.5035 
72001.2440       96449.5043       2.2145e-07       -1.6538 
72001.2440       96449.5043       2.4157e-07       -1.8041 
72001.2440       96449.5043       2.6170e-07       -1.9544 
72001.2440       96449.5043       2.8182e-07       -2.1047 
72001.2440       96449.5043       3.0194e-07       -2.2550 
72001.2440       96449.5043       3.2207e-07       -2.4053 
72001.2440       96449.5043       3.4219e-07       -2.5556 
72001.2440       96449.5043       3.6232e-07       -2.7059 
96449.5043       129199.2522       0.0000e+00       0.0000 
96449.5043       129199.2522       6.1674e-11       -0.0003 
96449.5043       129199.2522       2.7272e-08       -0.1506 
96449.5043       129199.2522       5.4482e-08       -0.3010 
96449.5043       129199.2522       8.1692e-08       -0.4513 
96449.5043       129199.2522       1.0890e-07       -0.6016 
96449.5043       129199.2522       1.3611e-07       -0.7519 
96449.5043       129199.2522       1.6332e-07       -0.9022 
96449.5043       129199.2522       1.9053e-07       -1.0525 
96449.5043       129199.2522       2.1774e-07       -1.2028 
96449.5043       129199.2522       2.4495e-07       -1.3531 
96449.5043       129199.2522       2.7216e-07       -1.5034 
96449.5043       129199.2522       2.9937e-07       -1.6537 
96449.5043       129199.2522       3.2658e-07       -1.8040 
96449.5043       129199.2522       3.5379e-07       -1.9543 
96449.5043       129199.2522       3.8100e-07       -2.1047 
96449.5043       129199.2522       4.0821e-07       -2.2550 
96449.5043       129199.2522       4.3542e-07       -2.4053 
96449.5043       129199.2522       4.6263e-07       -2.5556 
96449.5043       129199.2522       4.8984e-07       -2.7059 
129199.2522       173069.2852       0.0000e+00       0.0000 
129199.2522       173069.2852       4.8462e-11       -0.0002 
129199.2522       173069.2852       3.6830e-08       -0.1505 
129199.2522       173069.2852       7.3611e-08       -0.3008 
129199.2522       173069.2852       1.1039e-07       -0.4511 
129199.2522       173069.2852       1.4717e-07       -0.6014 
129199.2522       173069.2852       1.8395e-07       -0.7518 
129199.2522       173069.2852       2.2074e-07       -0.9021 
129199.2522       173069.2852       2.5752e-07       -1.0524 
129199.2522       173069.2852       2.9430e-07       -1.2027 
129199.2522       173069.2852       3.3108e-07       -1.3530 
129199.2522       173069.2852       3.6786e-07       -1.5033 
129199.2522       173069.2852       4.0464e-07       -1.6536 
129199.2522       173069.2852       4.4142e-07       -1.8040 
129199.2522       173069.2852       4.7820e-07       -1.9543 
129199.2522       173069.2852       5.1498e-07       -2.1046 
129199.2522       173069.2852       5.5177e-07       -2.2549 
129199.2522       173069.2852       5.8855e-07       -2.4052 
129199.2522       173069.2852       6.2533e-07       -2.5556 
129199.2522       173069.2852       6.6211e-07       -2.7059 
173069.2852       231840.8711       0.0000e+00       0.0000 
173069.2852       231840.8711       3.7985e-11       -0.0001 
173069.2852       231840.8711       4.9327e-08       -0.1504 
173069.2852       231840.8711       9.8616e-08       -0.3007 
173069.2852       231840.8711       1.4790e-07       -0.4510 
173069.2852       231840.8711       1.9719e-07       -0.6014 
173069.2852       231840.8711       2.4648e-07       -0.7517 
173069.2852       231840.8711       2.9577e-07       -0.9020 
173069.2852       231840.8711       3.4506e-07       -1.0523 
173069.2852       231840.8711       3.9435e-07       -1.2027 
173069.2852       231840.8711       4.4364e-07       -1.3530 
173069.2852       231840.8711       4.9293e-07       -1.5033 
173069.2852       231840.8711       5.4222e-07       -1.6536 
173069.2852       231840.8711       5.9150e-07       -1.8039 
173069.2852       231840.8711       6.4079e-07       -1.9543 
173069.2852       231840.8711       6.9008e-07       -2.1046 
173069.2852       231840.8711       7.3937e-07       -2.2549 
173069.2852       231840.8711       7.8866e-07       -2.4052 
173069.2852       231840.8711       8.3795e-07       -2.5556 
173069.2852       231840.8711       8.8724e-07       -2.7059 
231840.8711       310563.2050       0.0000e+00       0.0000 
231840.8711       310563.2050       2.9656e-11       -0.0001 
231840.8711       310563.2050       6.6338e-08       -0.1504 
231840.8711       310563.2050       1.3265e-07       -0.3007 
231840.8711       310563.2050       1.9895e-07       -0.4510 
231840.8711       310563.2050       2.6526e-07       -0.6014 
231840.8711       310563.2050       3.3157e-07       -0.7517 
231840.8711       310563.2050       3.9788e-07       -0.9020 
231840.8711       310563.2050       4.6419e-07       -1.0523 
231840.8711       310563.2050       5.3049e-07       -1.2027 
231840.8711       310563.2050       5.9680e-07       -1.3530 
231840.8711       310563.2050       6.6311e-07       -1.5033 
231840.8711       310563.2050       7.2942e-07       -1.6536 
231840.8711       310563.2050       7.9573e-07       -1.8040 
231840.8711       310563.2050       8.6204e-07       -1.9543 
231840.8711       310563.2050       9.2834e-07       -2.1046 
231840.8711       310563.2050       9.9465e-07       -2.2549 
231840.8711       310563.2050       1.0610e-06       -2.4052 
231840.8711       310563.2050       1.1273e-06       -2.5556 
231840.8711       310563.2050       1.1936e-06       -2.7059 
310563.2050       416015.9675       0.0000e+00       0.0000 
310563.2050       416015.9675       2.3174e-11       -0.0000 
310563.2050       416015.9675       8.9688e-08       -0.1504 
310563.2050       416015.9675       1.7935e-07       -0.3007 
310563.2050       416015.9675       2.6902e-07       -0.4510 
310563.2050       416015.9675       3.5868e-07       -0.6013 
310563.2050       416015.9675       4.4835e-07       -0.7517 
310563.2050       416015.9675       5.3801e-07       -0.9020 
310563.2050       416015.9675       6.2768e-07       -1.0523 
310563.2050       416015.9675       7.1734e-07       -1.2026 
310563.2050       416015.9675       8.0701e-07       -1.3530 
310563.2050       416015.9675       8.9667e-07       -1.5033 
310563.2050       416015.9675       9.8634e-07       -1.6536 
310563.2050       416015.9675       1.0760e-06       -1.8039 
310563.2050       416015.9675       1.1657e-06       -1.9543 
310563.2050       416015.9675       1.2553e-06       -2.1046 
310563.2050       416015.9675       1.3450e-06       -2.2549 
310563.2050       416015.9675       1.4347e-06       -2.4052 
310563.2050       416015.9675       1.5243e-06       -2.5556 
310563.2050       416015.9675       1.6140e-06       -2.7059 
416015.9675       557275.5639       0.0000e+00       0.0000 
416015.9675       557275.5639       1.8084e-11       -0.0000 
416015.9675       557275.5639       1.2182e-07       -0.1503 
416015.9675       557275.5639       2.4362e-07       -0.3007 
416015.9675       557275.5639       3.6543e-07       -0.4510 
416015.9675       557275.5639       4.8723e-07       -0.6013 
416015.9675       557275.5639       6.0903e-07       -0.7516 
416015.9675       557275.5639       7.3083e-07       -0.9020 
416015.9675       557275.5639       8.5264e-07       -1.0523 
416015.9675       557275.5639       9.7444e-07       -1.2026 
416015.9675       557275.5639       1.0962e-06       -1.3529 
416015.9675       557275.5639       1.2180e-06       -1.5033 
416015.9675       557275.5639       1.3398e-06       -1.6536 
416015.9675       557275.5639       1.4616e-06       -1.8039 
416015.9675       557275.5639       1.5835e-06       -1.9543 
416015.9675       557275.5639       1.7053e-06       -2.1046 
416015.9675       557275.5639       1.8271e-06       -2.2549 
416015.9675       557275.5639       1.9489e-06       -2.4052 
416015.9675       557275.5639       2.0707e-06       -2.5556 
416015.9675       557275.5639       2.1925e-06       -2.7059 
557275.5639       746517.5120       0.0000e+00       -0.0000 
557275.5639       746517.5120       1.4110e-11       0.0000 
557275.5639       746517.5120       1.6723e-07       -0.1503 
557275.5639       746517.5120       3.3445e-07       -0.3006 
557275.5639       746517.5120       5.0166e-07       -0.4510 
557275.5639       746517.5120       6.6888e-07       -0.6013 
557275.5639       746517.5120       8.3609e-07       -0.7516 
557275.5639       746517.5120       1.0033e-06       -0.9020 
557275.5639       746517.5120       1.1705e-06       -1.0523 
557275.5639       746517.5120       1.3377e-06       -1.2026 
557275.5639       746517.5120       1.5050e-06       -1.3529 
557275.5639       746517.5120       1.6722e-06       -1.5033 
557275.5639       746517.5120       1.8394e-06       -1.6536 
557275.5639       746517.5120       2.0066e-06       -1.8039 
557275.5639       746517.5120       2.1738e-06       -1.9543 
557275.5639       746517.5120       2.3410e-06       -2.1046 
557275.5639       746517.5120       2.5082e-06       -2.2549 
557275.5639       746517.5120       2.6755e-06       -2.4053 
557275.5639       746517.5120       2.8427e-06       -2.5556 
557275.5639       746517.5120       3.0099e-06       -2.7059 
746517.5120       1000000.0000       0.0000e+00       0.0000 
746517.5120       1000000.0000       1.1007e-11       -0.0000 
746517.5120       1000000.0000       2.4135e-07       -0.1503 
746517.5120       1000000.0000       4.8270e-07       -0.3007 
746517.5120       1000000.0000       7.2404e-07       -0.4510 
746517.5120       1000000.0000       9.6539e-07       -0.6013 
746517.5120       1000000.0000       1.2067e-06       -0.7516 
746517.5120       1000000.0000       1.4481e-06       -0.9020 
746517.5120       1000000.0000       1.6894e-06       -1.0523 
746517.5120       1000000.0000       1.9308e-06       -1.2026 
746517.5120       1000000.0000       2.1721e-06       -1.3529 
746517.5120       1000000.0000       2.4134e-06       -1.5033 
746517.5120       1000000.0000       2.6548e-06       -1.6536 
746517.5120       1000000.0000       2.8961e-06       -1.8039 
746517.5120       1000000.0000       3.1375e-06       -1.9543 
746517.5120       1000000.0000       3.3788e-06       -2.1046 
746517.5120       1000000.0000       3.6202e-06       -2.2549 
746517.5120       1000000.0000       3.8615e-06       -2.4052 
746517.5120       1000000.0000       4.1029e-06       -2.5556 
746517.5120       1000000.0000       4.3442e-06       -2.7059 
