#Triangulum_2  Log10(Jfactor)=19.330   sigmaJ=0.600 
#[0]emin(MeV) [1]emax(MeV) [2]eflux(MeV/cm^2/s) [3]deltaLogLike 
500.0000       669.7766       0.0000e+00       -0.0018 
500.0000       669.7766       9.6871e-10       -0.0000 
500.0000       669.7766       7.4810e-09       0.0000 
500.0000       669.7766       1.3993e-08       -0.0204 
500.0000       669.7766       2.0506e-08       -0.0607 
500.0000       669.7766       2.7018e-08       -0.1202 
500.0000       669.7766       3.3530e-08       -0.1983 
500.0000       669.7766       4.0043e-08       -0.2945 
500.0000       669.7766       4.6555e-08       -0.4083 
500.0000       669.7766       5.3067e-08       -0.5393 
500.0000       669.7766       5.9580e-08       -0.6870 
500.0000       669.7766       6.6092e-08       -0.8509 
500.0000       669.7766       7.2604e-08       -1.0307 
500.0000       669.7766       7.9116e-08       -1.2260 
500.0000       669.7766       8.5629e-08       -1.4364 
500.0000       669.7766       9.2141e-08       -1.6617 
500.0000       669.7766       9.8653e-08       -1.9013 
500.0000       669.7766       1.0517e-07       -2.1551 
500.0000       669.7766       1.1168e-07       -2.4228 
500.0000       669.7766       1.1819e-07       -2.7040 
669.7766       897.2222       0.0000e+00       -0.0000 
669.7766       897.2222       2.6503e-13       0.0000 
669.7766       897.2222       4.2626e-09       -0.0422 
669.7766       897.2222       8.5249e-09       -0.0996 
669.7766       897.2222       1.2787e-08       -0.1716 
669.7766       897.2222       1.7050e-08       -0.2575 
669.7766       897.2222       2.1312e-08       -0.3569 
669.7766       897.2222       2.5574e-08       -0.4694 
669.7766       897.2222       2.9837e-08       -0.5945 
669.7766       897.2222       3.4099e-08       -0.7318 
669.7766       897.2222       3.8361e-08       -0.8809 
669.7766       897.2222       4.2624e-08       -1.0415 
669.7766       897.2222       4.6886e-08       -1.2132 
669.7766       897.2222       5.1148e-08       -1.3957 
669.7766       897.2222       5.5411e-08       -1.5888 
669.7766       897.2222       5.9673e-08       -1.7921 
669.7766       897.2222       6.3935e-08       -2.0054 
669.7766       897.2222       6.8198e-08       -2.2284 
669.7766       897.2222       7.2460e-08       -2.4609 
669.7766       897.2222       7.6722e-08       -2.7026 
897.2222       1201.8769       0.0000e+00       -0.3025 
897.2222       1201.8769       2.4917e-08       0.0000 
897.2222       1201.8769       2.9828e-08       -0.0096 
897.2222       1201.8769       3.4740e-08       -0.0393 
897.2222       1201.8769       3.9651e-08       -0.0882 
897.2222       1201.8769       4.4562e-08       -0.1556 
897.2222       1201.8769       4.9473e-08       -0.2406 
897.2222       1201.8769       5.4384e-08       -0.3426 
897.2222       1201.8769       5.9295e-08       -0.4610 
897.2222       1201.8769       6.4207e-08       -0.5952 
897.2222       1201.8769       6.9118e-08       -0.7446 
897.2222       1201.8769       7.4029e-08       -0.9088 
897.2222       1201.8769       7.8940e-08       -1.0873 
897.2222       1201.8769       8.3851e-08       -1.2796 
897.2222       1201.8769       8.8762e-08       -1.4854 
897.2222       1201.8769       9.3673e-08       -1.7043 
897.2222       1201.8769       9.8585e-08       -1.9358 
897.2222       1201.8769       1.0350e-07       -2.1797 
897.2222       1201.8769       1.0841e-07       -2.4356 
897.2222       1201.8769       1.1332e-07       -2.7033 
1201.8769       1609.9782       0.0000e+00       -0.0000 
1201.8769       1609.9782       2.6254e-14       0.0000 
1201.8769       1609.9782       1.9762e-09       -0.1046 
1201.8769       1609.9782       3.9523e-09       -0.2161 
1201.8769       1609.9782       5.9284e-09       -0.3342 
1201.8769       1609.9782       7.9045e-09       -0.4584 
1201.8769       1609.9782       9.8806e-09       -0.5885 
1201.8769       1609.9782       1.1857e-08       -0.7241 
1201.8769       1609.9782       1.3833e-08       -0.8650 
1201.8769       1609.9782       1.5809e-08       -1.0109 
1201.8769       1609.9782       1.7785e-08       -1.1617 
1201.8769       1609.9782       1.9761e-08       -1.3170 
1201.8769       1609.9782       2.1737e-08       -1.4767 
1201.8769       1609.9782       2.3714e-08       -1.6407 
1201.8769       1609.9782       2.5690e-08       -1.8087 
1201.8769       1609.9782       2.7666e-08       -1.9807 
1201.8769       1609.9782       2.9642e-08       -2.1564 
1201.8769       1609.9782       3.1618e-08       -2.3357 
1201.8769       1609.9782       3.3594e-08       -2.5186 
1201.8769       1609.9782       3.5570e-08       -2.7049 
1609.9782       2156.6516       0.0000e+00       -0.2174 
1609.9782       2156.6516       1.3699e-08       0.0000 
1609.9782       2156.6516       1.7335e-08       -0.0117 
1609.9782       2156.6516       2.0971e-08       -0.0469 
1609.9782       2156.6516       2.4606e-08       -0.1034 
1609.9782       2156.6516       2.8242e-08       -0.1796 
1609.9782       2156.6516       3.1878e-08       -0.2738 
1609.9782       2156.6516       3.5514e-08       -0.3848 
1609.9782       2156.6516       3.9150e-08       -0.5114 
1609.9782       2156.6516       4.2785e-08       -0.6526 
1609.9782       2156.6516       4.6421e-08       -0.8074 
1609.9782       2156.6516       5.0057e-08       -0.9751 
1609.9782       2156.6516       5.3693e-08       -1.1549 
1609.9782       2156.6516       5.7329e-08       -1.3462 
1609.9782       2156.6516       6.0964e-08       -1.5485 
1609.9782       2156.6516       6.4600e-08       -1.7611 
1609.9782       2156.6516       6.8236e-08       -1.9836 
1609.9782       2156.6516       7.1872e-08       -2.2155 
1609.9782       2156.6516       7.5508e-08       -2.4565 
1609.9782       2156.6516       7.9143e-08       -2.7061 
2156.6516       2889.0164       0.0000e+00       -0.0000 
2156.6516       2889.0164       6.1613e-14       0.0000 
2156.6516       2889.0164       1.9446e-09       -0.1285 
2156.6516       2889.0164       3.8891e-09       -0.2602 
2156.6516       2889.0164       5.8336e-09       -0.3949 
2156.6516       2889.0164       7.7781e-09       -0.5325 
2156.6516       2889.0164       9.7226e-09       -0.6727 
2156.6516       2889.0164       1.1667e-08       -0.8157 
2156.6516       2889.0164       1.3612e-08       -0.9611 
2156.6516       2889.0164       1.5556e-08       -1.1090 
2156.6516       2889.0164       1.7501e-08       -1.2593 
2156.6516       2889.0164       1.9445e-08       -1.4118 
2156.6516       2889.0164       2.1390e-08       -1.5666 
2156.6516       2889.0164       2.3334e-08       -1.7234 
2156.6516       2889.0164       2.5279e-08       -1.8823 
2156.6516       2889.0164       2.7223e-08       -2.0432 
2156.6516       2889.0164       2.9168e-08       -2.2060 
2156.6516       2889.0164       3.1112e-08       -2.3707 
2156.6516       2889.0164       3.3057e-08       -2.5372 
2156.6516       2889.0164       3.5001e-08       -2.7055 
2889.0164       3869.9914       0.0000e+00       0.0000 
2889.0164       3869.9914       2.1315e-15       -0.0000 
2889.0164       3869.9914       2.2046e-09       -0.1100 
2889.0164       3869.9914       4.4091e-09       -0.2277 
2889.0164       3869.9914       6.6137e-09       -0.3522 
2889.0164       3869.9914       8.8182e-09       -0.4827 
2889.0164       3869.9914       1.1023e-08       -0.6185 
2889.0164       3869.9914       1.3227e-08       -0.7592 
2889.0164       3869.9914       1.5432e-08       -0.9041 
2889.0164       3869.9914       1.7636e-08       -1.0531 
2889.0164       3869.9914       1.9841e-08       -1.2057 
2889.0164       3869.9914       2.2046e-08       -1.3616 
2889.0164       3869.9914       2.4250e-08       -1.5207 
2889.0164       3869.9914       2.6455e-08       -1.6827 
2889.0164       3869.9914       2.8659e-08       -1.8474 
2889.0164       3869.9914       3.0864e-08       -2.0147 
2889.0164       3869.9914       3.3068e-08       -2.1844 
2889.0164       3869.9914       3.5273e-08       -2.3564 
2889.0164       3869.9914       3.7477e-08       -2.5306 
2889.0164       3869.9914       3.9682e-08       -2.7068 
3869.9914       5184.0598       0.0000e+00       -0.4727 
3869.9914       5184.0598       1.4741e-08       0.0000 
3869.9914       5184.0598       1.8219e-08       -0.0160 
3869.9914       5184.0598       2.1698e-08       -0.0613 
3869.9914       5184.0598       2.5176e-08       -0.1313 
3869.9914       5184.0598       2.8654e-08       -0.2220 
3869.9914       5184.0598       3.2133e-08       -0.3308 
3869.9914       5184.0598       3.5611e-08       -0.4551 
3869.9914       5184.0598       3.9090e-08       -0.5932 
3869.9914       5184.0598       4.2568e-08       -0.7434 
3869.9914       5184.0598       4.6046e-08       -0.9046 
3869.9914       5184.0598       4.9525e-08       -1.0755 
3869.9914       5184.0598       5.3003e-08       -1.2554 
3869.9914       5184.0598       5.6482e-08       -1.4433 
3869.9914       5184.0598       5.9960e-08       -1.6386 
3869.9914       5184.0598       6.3438e-08       -1.8407 
3869.9914       5184.0598       6.6917e-08       -2.0492 
3869.9914       5184.0598       7.0395e-08       -2.2634 
3869.9914       5184.0598       7.3874e-08       -2.4830 
3869.9914       5184.0598       7.7352e-08       -2.7077 
5184.0598       6944.3244       0.0000e+00       0.0000 
5184.0598       6944.3244       8.3737e-12       -0.0000 
5184.0598       6944.3244       5.0686e-09       -0.0223 
5184.0598       6944.3244       1.0129e-08       -0.0708 
5184.0598       6944.3244       1.5189e-08       -0.1416 
5184.0598       6944.3244       2.0249e-08       -0.2317 
5184.0598       6944.3244       2.5310e-08       -0.3387 
5184.0598       6944.3244       3.0370e-08       -0.4608 
5184.0598       6944.3244       3.5430e-08       -0.5963 
5184.0598       6944.3244       4.0491e-08       -0.7440 
5184.0598       6944.3244       4.5551e-08       -0.9027 
5184.0598       6944.3244       5.0611e-08       -1.0716 
5184.0598       6944.3244       5.5671e-08       -1.2497 
5184.0598       6944.3244       6.0732e-08       -1.4363 
5184.0598       6944.3244       6.5792e-08       -1.6310 
5184.0598       6944.3244       7.0852e-08       -1.8330 
5184.0598       6944.3244       7.5912e-08       -2.0420 
5184.0598       6944.3244       8.0973e-08       -2.2574 
5184.0598       6944.3244       8.6033e-08       -2.4790 
5184.0598       6944.3244       9.1093e-08       -2.7063 
6944.3244       9302.5069       0.0000e+00       0.0000 
6944.3244       9302.5069       3.1323e-14       -0.0000 
6944.3244       9302.5069       2.1850e-09       -0.1501 
6944.3244       9302.5069       4.3700e-09       -0.3003 
6944.3244       9302.5069       6.5550e-09       -0.4505 
6944.3244       9302.5069       8.7400e-09       -0.6007 
6944.3244       9302.5069       1.0925e-08       -0.7509 
6944.3244       9302.5069       1.3110e-08       -0.9011 
6944.3244       9302.5069       1.5295e-08       -1.0514 
6944.3244       9302.5069       1.7480e-08       -1.2017 
6944.3244       9302.5069       1.9665e-08       -1.3520 
6944.3244       9302.5069       2.1850e-08       -1.5024 
6944.3244       9302.5069       2.4035e-08       -1.6527 
6944.3244       9302.5069       2.6220e-08       -1.8031 
6944.3244       9302.5069       2.8405e-08       -1.9535 
6944.3244       9302.5069       3.0590e-08       -2.1040 
6944.3244       9302.5069       3.2775e-08       -2.2544 
6944.3244       9302.5069       3.4960e-08       -2.4049 
6944.3244       9302.5069       3.7145e-08       -2.5554 
6944.3244       9302.5069       3.9330e-08       -2.7059 
9302.5069       12461.2038       0.0000e+00       0.0000 
9302.5069       12461.2038       1.0218e-12       -0.0000 
9302.5069       12461.2038       3.8784e-09       -0.1446 
9302.5069       12461.2038       7.7559e-09       -0.2900 
9302.5069       12461.2038       1.1633e-08       -0.4361 
9302.5069       12461.2038       1.5511e-08       -0.5829 
9302.5069       12461.2038       1.9388e-08       -0.7304 
9302.5069       12461.2038       2.3266e-08       -0.8787 
9302.5069       12461.2038       2.7143e-08       -1.0276 
9302.5069       12461.2038       3.1020e-08       -1.1771 
9302.5069       12461.2038       3.4898e-08       -1.3273 
9302.5069       12461.2038       3.8775e-08       -1.4781 
9302.5069       12461.2038       4.2653e-08       -1.6296 
9302.5069       12461.2038       4.6530e-08       -1.7816 
9302.5069       12461.2038       5.0408e-08       -1.9343 
9302.5069       12461.2038       5.4285e-08       -2.0875 
9302.5069       12461.2038       5.8162e-08       -2.2412 
9302.5069       12461.2038       6.2040e-08       -2.3955 
9302.5069       12461.2038       6.5917e-08       -2.5504 
9302.5069       12461.2038       6.9795e-08       -2.7058 
12461.2038       16692.4468       0.0000e+00       -0.3231 
12461.2038       16692.4468       2.3611e-08       0.0000 
12461.2038       16692.4468       3.1163e-08       -0.0189 
12461.2038       16692.4468       3.8715e-08       -0.0712 
12461.2038       16692.4468       4.6268e-08       -0.1496 
12461.2038       16692.4468       5.3820e-08       -0.2491 
12461.2038       16692.4468       6.1372e-08       -0.3660 
12461.2038       16692.4468       6.8924e-08       -0.4973 
12461.2038       16692.4468       7.6476e-08       -0.6410 
12461.2038       16692.4468       8.4029e-08       -0.7954 
12461.2038       16692.4468       9.1581e-08       -0.9589 
12461.2038       16692.4468       9.9133e-08       -1.1307 
12461.2038       16692.4468       1.0669e-07       -1.3096 
12461.2038       16692.4468       1.1424e-07       -1.4949 
12461.2038       16692.4468       1.2179e-07       -1.6861 
12461.2038       16692.4468       1.2934e-07       -1.8824 
12461.2038       16692.4468       1.3689e-07       -2.0835 
12461.2038       16692.4468       1.4445e-07       -2.2890 
12461.2038       16692.4468       1.5200e-07       -2.4984 
12461.2038       16692.4468       1.5955e-07       -2.7114 
16692.4468       22360.9371       0.0000e+00       -1.9999 
16692.4468       22360.9371       3.5965e-09       -1.0086 
16692.4468       22360.9371       7.1930e-09       -0.6031 
16692.4468       22360.9371       1.0790e-08       -0.3714 
16692.4468       22360.9371       1.4386e-08       -0.2248 
16692.4468       22360.9371       1.7983e-08       -0.1286 
16692.4468       22360.9371       2.1579e-08       -0.0661 
16692.4468       22360.9371       2.5176e-08       -0.0275 
16692.4468       22360.9371       2.8772e-08       -0.0068 
16692.4468       22360.9371       3.2369e-08       0.0000 
16692.4468       22360.9371       4.7336e-08       -0.0715 
16692.4468       22360.9371       6.2303e-08       -0.2408 
16692.4468       22360.9371       7.7269e-08       -0.4666 
16692.4468       22360.9371       9.2236e-08       -0.7293 
16692.4468       22360.9371       1.0720e-07       -1.0182 
16692.4468       22360.9371       1.2217e-07       -1.3265 
16692.4468       22360.9371       1.3714e-07       -1.6501 
16692.4468       22360.9371       1.5210e-07       -1.9857 
16692.4468       22360.9371       1.6707e-07       -2.3313 
16692.4468       22360.9371       1.8204e-07       -2.6853 
22360.9371       29953.6672       0.0000e+00       -0.0000 
22360.9371       29953.6672       5.7252e-15       0.0000 
22360.9371       29953.6672       6.3909e-09       -0.1503 
22360.9371       29953.6672       1.2782e-08       -0.3006 
22360.9371       29953.6672       1.9173e-08       -0.4509 
22360.9371       29953.6672       2.5563e-08       -0.6012 
22360.9371       29953.6672       3.1954e-08       -0.7515 
22360.9371       29953.6672       3.8345e-08       -0.9019 
22360.9371       29953.6672       4.4736e-08       -1.0522 
22360.9371       29953.6672       5.1127e-08       -1.2025 
22360.9371       29953.6672       5.7518e-08       -1.3528 
22360.9371       29953.6672       6.3909e-08       -1.5032 
22360.9371       29953.6672       7.0299e-08       -1.6535 
22360.9371       29953.6672       7.6690e-08       -1.8038 
22360.9371       29953.6672       8.3081e-08       -1.9542 
22360.9371       29953.6672       8.9472e-08       -2.1045 
22360.9371       29953.6672       9.5863e-08       -2.2548 
22360.9371       29953.6672       1.0225e-07       -2.4052 
22360.9371       29953.6672       1.0864e-07       -2.5555 
22360.9371       29953.6672       1.1504e-07       -2.7059 
29953.6672       40124.5339       0.0000e+00       -0.0000 
29953.6672       40124.5339       9.3289e-15       0.0000 
29953.6672       40124.5339       8.2785e-09       -0.1503 
29953.6672       40124.5339       1.6557e-08       -0.3006 
29953.6672       40124.5339       2.4835e-08       -0.4510 
29953.6672       40124.5339       3.3114e-08       -0.6013 
29953.6672       40124.5339       4.1392e-08       -0.7516 
29953.6672       40124.5339       4.9671e-08       -0.9020 
29953.6672       40124.5339       5.7949e-08       -1.0523 
29953.6672       40124.5339       6.6228e-08       -1.2026 
29953.6672       40124.5339       7.4506e-08       -1.3529 
29953.6672       40124.5339       8.2785e-08       -1.5033 
29953.6672       40124.5339       9.1063e-08       -1.6536 
29953.6672       40124.5339       9.9342e-08       -1.8039 
29953.6672       40124.5339       1.0762e-07       -1.9542 
29953.6672       40124.5339       1.1590e-07       -2.1046 
29953.6672       40124.5339       1.2418e-07       -2.2549 
29953.6672       40124.5339       1.3246e-07       -2.4052 
29953.6672       40124.5339       1.4073e-07       -2.5556 
29953.6672       40124.5339       1.4901e-07       -2.7059 
40124.5339       53748.9519       0.0000e+00       -0.0000 
40124.5339       53748.9519       5.2184e-15       0.0000 
40124.5339       53748.9519       1.1031e-08       -0.1503 
40124.5339       53748.9519       2.2062e-08       -0.3006 
40124.5339       53748.9519       3.3093e-08       -0.4510 
40124.5339       53748.9519       4.4124e-08       -0.6013 
40124.5339       53748.9519       5.5156e-08       -0.7516 
40124.5339       53748.9519       6.6187e-08       -0.9019 
40124.5339       53748.9519       7.7218e-08       -1.0523 
40124.5339       53748.9519       8.8249e-08       -1.2026 
40124.5339       53748.9519       9.9280e-08       -1.3529 
40124.5339       53748.9519       1.1031e-07       -1.5033 
40124.5339       53748.9519       1.2134e-07       -1.6536 
40124.5339       53748.9519       1.3237e-07       -1.8039 
40124.5339       53748.9519       1.4340e-07       -1.9542 
40124.5339       53748.9519       1.5444e-07       -2.1046 
40124.5339       53748.9519       1.6547e-07       -2.2549 
40124.5339       53748.9519       1.7650e-07       -2.4052 
40124.5339       53748.9519       1.8753e-07       -2.5556 
40124.5339       53748.9519       1.9856e-07       -2.7059 
53748.9519       72001.2440       0.0000e+00       -0.0000 
53748.9519       72001.2440       6.6456e-15       0.0000 
53748.9519       72001.2440       1.6281e-08       -0.1489 
53748.9519       72001.2440       3.2563e-08       -0.2979 
53748.9519       72001.2440       4.8844e-08       -0.4472 
53748.9519       72001.2440       6.5125e-08       -0.5966 
53748.9519       72001.2440       8.1406e-08       -0.7463 
53748.9519       72001.2440       9.7688e-08       -0.8961 
53748.9519       72001.2440       1.1397e-07       -1.0460 
53748.9519       72001.2440       1.3025e-07       -1.1961 
53748.9519       72001.2440       1.4653e-07       -1.3464 
53748.9519       72001.2440       1.6281e-07       -1.4969 
53748.9519       72001.2440       1.7909e-07       -1.6475 
53748.9519       72001.2440       1.9538e-07       -1.7983 
53748.9519       72001.2440       2.1166e-07       -1.9492 
53748.9519       72001.2440       2.2794e-07       -2.1002 
53748.9519       72001.2440       2.4422e-07       -2.2514 
53748.9519       72001.2440       2.6050e-07       -2.4028 
53748.9519       72001.2440       2.7678e-07       -2.5543 
53748.9519       72001.2440       2.9306e-07       -2.7059 
72001.2440       96449.5043       0.0000e+00       -0.1125 
72001.2440       96449.5043       5.6397e-08       0.0000 
72001.2440       96449.5043       8.9807e-08       -0.0265 
72001.2440       96449.5043       1.2322e-07       -0.0916 
72001.2440       96449.5043       1.5663e-07       -0.1836 
72001.2440       96449.5043       1.9004e-07       -0.2955 
72001.2440       96449.5043       2.2345e-07       -0.4227 
72001.2440       96449.5043       2.5686e-07       -0.5620 
72001.2440       96449.5043       2.9027e-07       -0.7112 
72001.2440       96449.5043       3.2368e-07       -0.8685 
72001.2440       96449.5043       3.5709e-07       -1.0327 
72001.2440       96449.5043       3.9049e-07       -1.2029 
72001.2440       96449.5043       4.2390e-07       -1.3781 
72001.2440       96449.5043       4.5731e-07       -1.5577 
72001.2440       96449.5043       4.9072e-07       -1.7413 
72001.2440       96449.5043       5.2413e-07       -1.9284 
72001.2440       96449.5043       5.5754e-07       -2.1186 
72001.2440       96449.5043       5.9095e-07       -2.3116 
72001.2440       96449.5043       6.2436e-07       -2.5071 
72001.2440       96449.5043       6.5777e-07       -2.7049 
96449.5043       129199.2522       0.0000e+00       -0.0000 
96449.5043       129199.2522       4.2921e-15       0.0000 
96449.5043       129199.2522       2.6597e-08       -0.1503 
96449.5043       129199.2522       5.3193e-08       -0.3007 
96449.5043       129199.2522       7.9790e-08       -0.4510 
96449.5043       129199.2522       1.0639e-07       -0.6013 
96449.5043       129199.2522       1.3298e-07       -0.7516 
96449.5043       129199.2522       1.5958e-07       -0.9020 
96449.5043       129199.2522       1.8618e-07       -1.0523 
96449.5043       129199.2522       2.1277e-07       -1.2026 
96449.5043       129199.2522       2.3937e-07       -1.3530 
96449.5043       129199.2522       2.6597e-07       -1.5033 
96449.5043       129199.2522       2.9256e-07       -1.6536 
96449.5043       129199.2522       3.1916e-07       -1.8039 
96449.5043       129199.2522       3.4576e-07       -1.9543 
96449.5043       129199.2522       3.7235e-07       -2.1046 
96449.5043       129199.2522       3.9895e-07       -2.2549 
96449.5043       129199.2522       4.2554e-07       -2.4052 
96449.5043       129199.2522       4.5214e-07       -2.5556 
96449.5043       129199.2522       4.7874e-07       -2.7059 
129199.2522       173069.2852       0.0000e+00       0.0000 
129199.2522       173069.2852       2.7713e-14       -0.0000 
129199.2522       173069.2852       3.6099e-08       -0.1503 
129199.2522       173069.2852       7.2199e-08       -0.3006 
129199.2522       173069.2852       1.0830e-07       -0.4510 
129199.2522       173069.2852       1.4440e-07       -0.6013 
129199.2522       173069.2852       1.8050e-07       -0.7516 
129199.2522       173069.2852       2.1660e-07       -0.9019 
129199.2522       173069.2852       2.5270e-07       -1.0523 
129199.2522       173069.2852       2.8880e-07       -1.2026 
129199.2522       173069.2852       3.2490e-07       -1.3529 
129199.2522       173069.2852       3.6099e-07       -1.5033 
129199.2522       173069.2852       3.9709e-07       -1.6536 
129199.2522       173069.2852       4.3319e-07       -1.8039 
129199.2522       173069.2852       4.6929e-07       -1.9542 
129199.2522       173069.2852       5.0539e-07       -2.1046 
129199.2522       173069.2852       5.4149e-07       -2.2549 
129199.2522       173069.2852       5.7759e-07       -2.4052 
129199.2522       173069.2852       6.1369e-07       -2.5556 
129199.2522       173069.2852       6.4979e-07       -2.7059 
173069.2852       231840.8711       0.0000e+00       -0.0000 
173069.2852       231840.8711       5.0466e-15       0.0000 
173069.2852       231840.8711       4.8299e-08       -0.1503 
173069.2852       231840.8711       9.6599e-08       -0.3007 
173069.2852       231840.8711       1.4490e-07       -0.4510 
173069.2852       231840.8711       1.9320e-07       -0.6013 
173069.2852       231840.8711       2.4150e-07       -0.7516 
173069.2852       231840.8711       2.8980e-07       -0.9020 
173069.2852       231840.8711       3.3809e-07       -1.0523 
173069.2852       231840.8711       3.8639e-07       -1.2026 
173069.2852       231840.8711       4.3469e-07       -1.3529 
173069.2852       231840.8711       4.8299e-07       -1.5033 
173069.2852       231840.8711       5.3129e-07       -1.6536 
173069.2852       231840.8711       5.7959e-07       -1.8039 
173069.2852       231840.8711       6.2789e-07       -1.9543 
173069.2852       231840.8711       6.7619e-07       -2.1046 
173069.2852       231840.8711       7.2449e-07       -2.2549 
173069.2852       231840.8711       7.7279e-07       -2.4052 
173069.2852       231840.8711       8.2109e-07       -2.5556 
173069.2852       231840.8711       8.6939e-07       -2.7059 
231840.8711       310563.2050       0.0000e+00       -0.0000 
231840.8711       310563.2050       1.1361e-13       0.0000 
231840.8711       310563.2050       6.4764e-08       -0.1503 
231840.8711       310563.2050       1.2953e-07       -0.3006 
231840.8711       310563.2050       1.9429e-07       -0.4510 
231840.8711       310563.2050       2.5906e-07       -0.6013 
231840.8711       310563.2050       3.2382e-07       -0.7516 
231840.8711       310563.2050       3.8858e-07       -0.9020 
231840.8711       310563.2050       4.5335e-07       -1.0523 
231840.8711       310563.2050       5.1811e-07       -1.2026 
231840.8711       310563.2050       5.8287e-07       -1.3529 
231840.8711       310563.2050       6.4764e-07       -1.5033 
231840.8711       310563.2050       7.1240e-07       -1.6536 
231840.8711       310563.2050       7.7717e-07       -1.8039 
231840.8711       310563.2050       8.4193e-07       -1.9543 
231840.8711       310563.2050       9.0669e-07       -2.1046 
231840.8711       310563.2050       9.7146e-07       -2.2549 
231840.8711       310563.2050       1.0362e-06       -2.4052 
231840.8711       310563.2050       1.1010e-06       -2.5556 
231840.8711       310563.2050       1.1657e-06       -2.7059 
310563.2050       416015.9675       0.0000e+00       -0.0000 
310563.2050       416015.9675       6.5639e-15       0.0000 
310563.2050       416015.9675       8.7495e-08       -0.1503 
310563.2050       416015.9675       1.7499e-07       -0.3007 
310563.2050       416015.9675       2.6248e-07       -0.4510 
310563.2050       416015.9675       3.4998e-07       -0.6013 
310563.2050       416015.9675       4.3747e-07       -0.7516 
310563.2050       416015.9675       5.2497e-07       -0.9020 
310563.2050       416015.9675       6.1246e-07       -1.0523 
310563.2050       416015.9675       6.9996e-07       -1.2026 
310563.2050       416015.9675       7.8745e-07       -1.3529 
310563.2050       416015.9675       8.7495e-07       -1.5033 
310563.2050       416015.9675       9.6244e-07       -1.6536 
310563.2050       416015.9675       1.0499e-06       -1.8039 
310563.2050       416015.9675       1.1374e-06       -1.9543 
310563.2050       416015.9675       1.2249e-06       -2.1046 
310563.2050       416015.9675       1.3124e-06       -2.2549 
310563.2050       416015.9675       1.3999e-06       -2.4052 
310563.2050       416015.9675       1.4874e-06       -2.5556 
310563.2050       416015.9675       1.5749e-06       -2.7059 
416015.9675       557275.5639       0.0000e+00       0.0000 
416015.9675       557275.5639       2.7449e-12       -0.0000 
416015.9675       557275.5639       1.1907e-07       -0.1503 
416015.9675       557275.5639       2.3813e-07       -0.3007 
416015.9675       557275.5639       3.5720e-07       -0.4510 
416015.9675       557275.5639       4.7626e-07       -0.6013 
416015.9675       557275.5639       5.9533e-07       -0.7516 
416015.9675       557275.5639       7.1439e-07       -0.9020 
416015.9675       557275.5639       8.3346e-07       -1.0523 
416015.9675       557275.5639       9.5252e-07       -1.2026 
416015.9675       557275.5639       1.0716e-06       -1.3529 
416015.9675       557275.5639       1.1906e-06       -1.5033 
416015.9675       557275.5639       1.3097e-06       -1.6536 
416015.9675       557275.5639       1.4288e-06       -1.8039 
416015.9675       557275.5639       1.5478e-06       -1.9543 
416015.9675       557275.5639       1.6669e-06       -2.1046 
416015.9675       557275.5639       1.7860e-06       -2.2549 
416015.9675       557275.5639       1.9050e-06       -2.4052 
416015.9675       557275.5639       2.0241e-06       -2.5556 
416015.9675       557275.5639       2.1432e-06       -2.7059 
557275.5639       746517.5120       0.0000e+00       -0.0000 
557275.5639       746517.5120       4.7037e-14       0.0000 
557275.5639       746517.5120       1.6387e-07       -0.1503 
557275.5639       746517.5120       3.2775e-07       -0.3007 
557275.5639       746517.5120       4.9162e-07       -0.4510 
557275.5639       746517.5120       6.5550e-07       -0.6013 
557275.5639       746517.5120       8.1937e-07       -0.7516 
557275.5639       746517.5120       9.8325e-07       -0.9020 
557275.5639       746517.5120       1.1471e-06       -1.0523 
557275.5639       746517.5120       1.3110e-06       -1.2026 
557275.5639       746517.5120       1.4749e-06       -1.3529 
557275.5639       746517.5120       1.6387e-06       -1.5033 
557275.5639       746517.5120       1.8026e-06       -1.6536 
557275.5639       746517.5120       1.9665e-06       -1.8039 
557275.5639       746517.5120       2.1304e-06       -1.9543 
557275.5639       746517.5120       2.2942e-06       -2.1046 
557275.5639       746517.5120       2.4581e-06       -2.2549 
557275.5639       746517.5120       2.6220e-06       -2.4052 
557275.5639       746517.5120       2.7859e-06       -2.5556 
557275.5639       746517.5120       2.9497e-06       -2.7059 
746517.5120       1000000.0000       0.0000e+00       -0.0000 
746517.5120       1000000.0000       8.5809e-15       0.0000 
746517.5120       1000000.0000       2.3902e-07       -0.1503 
746517.5120       1000000.0000       4.7804e-07       -0.3007 
746517.5120       1000000.0000       7.1706e-07       -0.4510 
746517.5120       1000000.0000       9.5607e-07       -0.6013 
746517.5120       1000000.0000       1.1951e-06       -0.7516 
746517.5120       1000000.0000       1.4341e-06       -0.9020 
746517.5120       1000000.0000       1.6731e-06       -1.0523 
746517.5120       1000000.0000       1.9121e-06       -1.2026 
746517.5120       1000000.0000       2.1512e-06       -1.3529 
746517.5120       1000000.0000       2.3902e-06       -1.5033 
746517.5120       1000000.0000       2.6292e-06       -1.6536 
746517.5120       1000000.0000       2.8682e-06       -1.8039 
746517.5120       1000000.0000       3.1072e-06       -1.9543 
746517.5120       1000000.0000       3.3463e-06       -2.1046 
746517.5120       1000000.0000       3.5853e-06       -2.2549 
746517.5120       1000000.0000       3.8243e-06       -2.4052 
746517.5120       1000000.0000       4.0633e-06       -2.5556 
746517.5120       1000000.0000       4.3023e-06       -2.7059 
