#Phoenix_2  Log10(Jfactor)=18.300   sigmaJ=0.600 
#[0]emin(MeV) [1]emax(MeV) [2]eflux(MeV/cm^2/s) [3]deltaLogLike 
500.0000       669.7766       0.0000e+00       -0.0001 
500.0000       669.7766       3.6987e-15       0.0000 
500.0000       669.7766       1.7690e-09       -0.1266 
500.0000       669.7766       3.5380e-09       -0.2562 
500.0000       669.7766       5.3069e-09       -0.3888 
500.0000       669.7766       7.0759e-09       -0.5243 
500.0000       669.7766       8.8449e-09       -0.6627 
500.0000       669.7766       1.0614e-08       -0.8040 
500.0000       669.7766       1.2383e-08       -0.9480 
500.0000       669.7766       1.4152e-08       -1.0949 
500.0000       669.7766       1.5921e-08       -1.2444 
500.0000       669.7766       1.7690e-08       -1.3966 
500.0000       669.7766       1.9459e-08       -1.5514 
500.0000       669.7766       2.1228e-08       -1.7088 
500.0000       669.7766       2.2997e-08       -1.8688 
500.0000       669.7766       2.4766e-08       -2.0313 
500.0000       669.7766       2.6535e-08       -2.1963 
500.0000       669.7766       2.8304e-08       -2.3636 
500.0000       669.7766       3.0073e-08       -2.5335 
500.0000       669.7766       3.1842e-08       -2.7057 
669.7766       897.2222       0.0000e+00       -0.0000 
669.7766       897.2222       2.1343e-14       0.0000 
669.7766       897.2222       2.1908e-09       -0.1091 
669.7766       897.2222       4.3815e-09       -0.2238 
669.7766       897.2222       6.5723e-09       -0.3437 
669.7766       897.2222       8.7631e-09       -0.4688 
669.7766       897.2222       1.0954e-08       -0.5990 
669.7766       897.2222       1.3145e-08       -0.7341 
669.7766       897.2222       1.5335e-08       -0.8741 
669.7766       897.2222       1.7526e-08       -1.0188 
669.7766       897.2222       1.9717e-08       -1.1681 
669.7766       897.2222       2.1908e-08       -1.3220 
669.7766       897.2222       2.4098e-08       -1.4802 
669.7766       897.2222       2.6289e-08       -1.6429 
669.7766       897.2222       2.8480e-08       -1.8097 
669.7766       897.2222       3.0671e-08       -1.9808 
669.7766       897.2222       3.2861e-08       -2.1560 
669.7766       897.2222       3.5052e-08       -2.3351 
669.7766       897.2222       3.7243e-08       -2.5183 
669.7766       897.2222       3.9434e-08       -2.7054 
897.2222       1201.8769       0.0000e+00       -0.0000 
897.2222       1201.8769       1.7056e-14       0.0000 
897.2222       1201.8769       1.8785e-09       -0.1129 
897.2222       1201.8769       3.7570e-09       -0.2308 
897.2222       1201.8769       5.6354e-09       -0.3537 
897.2222       1201.8769       7.5139e-09       -0.4814 
897.2222       1201.8769       9.3924e-09       -0.6137 
897.2222       1201.8769       1.1271e-08       -0.7505 
897.2222       1201.8769       1.3149e-08       -0.8917 
897.2222       1201.8769       1.5028e-08       -1.0372 
897.2222       1201.8769       1.6906e-08       -1.1869 
897.2222       1201.8769       1.8785e-08       -1.3406 
897.2222       1201.8769       2.0663e-08       -1.4983 
897.2222       1201.8769       2.2542e-08       -1.6598 
897.2222       1201.8769       2.4420e-08       -1.8251 
897.2222       1201.8769       2.6299e-08       -1.9942 
897.2222       1201.8769       2.8177e-08       -2.1668 
897.2222       1201.8769       3.0055e-08       -2.3429 
897.2222       1201.8769       3.1934e-08       -2.5225 
897.2222       1201.8769       3.3812e-08       -2.7055 
1201.8769       1609.9782       0.0000e+00       -0.0000 
1201.8769       1609.9782       1.9764e-15       0.0000 
1201.8769       1609.9782       1.3615e-09       -0.1296 
1201.8769       1609.9782       2.7231e-09       -0.2621 
1201.8769       1609.9782       4.0846e-09       -0.3973 
1201.8769       1609.9782       5.4461e-09       -0.5352 
1201.8769       1609.9782       6.8077e-09       -0.6756 
1201.8769       1609.9782       8.1692e-09       -0.8186 
1201.8769       1609.9782       9.5307e-09       -0.9640 
1201.8769       1609.9782       1.0892e-08       -1.1118 
1201.8769       1609.9782       1.2254e-08       -1.2618 
1201.8769       1609.9782       1.3615e-08       -1.4141 
1201.8769       1609.9782       1.4977e-08       -1.5685 
1201.8769       1609.9782       1.6338e-08       -1.7250 
1201.8769       1609.9782       1.7700e-08       -1.8836 
1201.8769       1609.9782       1.9061e-08       -2.0442 
1201.8769       1609.9782       2.0423e-08       -2.2067 
1201.8769       1609.9782       2.1784e-08       -2.3711 
1201.8769       1609.9782       2.3146e-08       -2.5374 
1201.8769       1609.9782       2.4508e-08       -2.7055 
1609.9782       2156.6516       0.0000e+00       -0.0357 
1609.9782       2156.6516       3.7131e-09       0.0000 
1609.9782       2156.6516       6.1411e-09       -0.0138 
1609.9782       2156.6516       8.5690e-09       -0.0528 
1609.9782       2156.6516       1.0997e-08       -0.1143 
1609.9782       2156.6516       1.3425e-08       -0.1960 
1609.9782       2156.6516       1.5853e-08       -0.2958 
1609.9782       2156.6516       1.8281e-08       -0.4123 
1609.9782       2156.6516       2.0709e-08       -0.5440 
1609.9782       2156.6516       2.3137e-08       -0.6898 
1609.9782       2156.6516       2.5565e-08       -0.8484 
1609.9782       2156.6516       2.7993e-08       -1.0191 
1609.9782       2156.6516       3.0421e-08       -1.2010 
1609.9782       2156.6516       3.2849e-08       -1.3934 
1609.9782       2156.6516       3.5277e-08       -1.5957 
1609.9782       2156.6516       3.7705e-08       -1.8071 
1609.9782       2156.6516       4.0133e-08       -2.0273 
1609.9782       2156.6516       4.2561e-08       -2.2557 
1609.9782       2156.6516       4.4989e-08       -2.4919 
1609.9782       2156.6516       4.7417e-08       -2.7354 
2156.6516       2889.0164       0.0000e+00       0.0000 
2156.6516       2889.0164       5.4169e-13       -0.0000 
2156.6516       2889.0164       1.4623e-09       -0.1223 
2156.6516       2889.0164       2.9241e-09       -0.2490 
2156.6516       2889.0164       4.3858e-09       -0.3800 
2156.6516       2889.0164       5.8476e-09       -0.5148 
2156.6516       2889.0164       7.3093e-09       -0.6532 
2156.6516       2889.0164       8.7711e-09       -0.7951 
2156.6516       2889.0164       1.0233e-08       -0.9402 
2156.6516       2889.0164       1.1695e-08       -1.0883 
2156.6516       2889.0164       1.3156e-08       -1.2393 
2156.6516       2889.0164       1.4618e-08       -1.3930 
2156.6516       2889.0164       1.6080e-08       -1.5493 
2156.6516       2889.0164       1.7542e-08       -1.7080 
2156.6516       2889.0164       1.9003e-08       -1.8691 
2156.6516       2889.0164       2.0465e-08       -2.0324 
2156.6516       2889.0164       2.1927e-08       -2.1978 
2156.6516       2889.0164       2.3389e-08       -2.3653 
2156.6516       2889.0164       2.4850e-08       -2.5348 
2156.6516       2889.0164       2.6312e-08       -2.7061 
2889.0164       3869.9914       0.0000e+00       -0.0586 
2889.0164       3869.9914       4.6824e-09       0.0000 
2889.0164       3869.9914       7.4760e-09       -0.0162 
2889.0164       3869.9914       1.0270e-08       -0.0620 
2889.0164       3869.9914       1.3063e-08       -0.1326 
2889.0164       3869.9914       1.5857e-08       -0.2241 
2889.0164       3869.9914       1.8650e-08       -0.3338 
2889.0164       3869.9914       2.1444e-08       -0.4595 
2889.0164       3869.9914       2.4238e-08       -0.5992 
2889.0164       3869.9914       2.7031e-08       -0.7514 
2889.0164       3869.9914       2.9825e-08       -0.9150 
2889.0164       3869.9914       3.2618e-08       -1.0887 
2889.0164       3869.9914       3.5412e-08       -1.2718 
2889.0164       3869.9914       3.8206e-08       -1.4633 
2889.0164       3869.9914       4.0999e-08       -1.6627 
2889.0164       3869.9914       4.3793e-08       -1.8694 
2889.0164       3869.9914       4.6586e-08       -2.0828 
2889.0164       3869.9914       4.9380e-08       -2.3024 
2889.0164       3869.9914       5.2174e-08       -2.5279 
2889.0164       3869.9914       5.4967e-08       -2.7589 
3869.9914       5184.0598       0.0000e+00       0.0000 
3869.9914       5184.0598       9.0004e-12       -0.0001 
3869.9914       5184.0598       3.4637e-09       -0.0436 
3869.9914       5184.0598       6.9184e-09       -0.1072 
3869.9914       5184.0598       1.0373e-08       -0.1884 
3869.9914       5184.0598       1.3828e-08       -0.2853 
3869.9914       5184.0598       1.7283e-08       -0.3965 
3869.9914       5184.0598       2.0737e-08       -0.5204 
3869.9914       5184.0598       2.4192e-08       -0.6560 
3869.9914       5184.0598       2.7647e-08       -0.8023 
3869.9914       5184.0598       3.1102e-08       -0.9584 
3869.9914       5184.0598       3.4556e-08       -1.1236 
3869.9914       5184.0598       3.8011e-08       -1.2972 
3869.9914       5184.0598       4.1466e-08       -1.4786 
3869.9914       5184.0598       4.4920e-08       -1.6674 
3869.9914       5184.0598       4.8375e-08       -1.8630 
3869.9914       5184.0598       5.1830e-08       -2.0650 
3869.9914       5184.0598       5.5285e-08       -2.2731 
3869.9914       5184.0598       5.8739e-08       -2.4869 
3869.9914       5184.0598       6.2194e-08       -2.7061 
5184.0598       6944.3244       0.0000e+00       0.0000 
5184.0598       6944.3244       4.4818e-12       -0.0001 
5184.0598       6944.3244       3.0242e-09       -0.0968 
5184.0598       6944.3244       6.0439e-09       -0.2043 
5184.0598       6944.3244       9.0636e-09       -0.3211 
5184.0598       6944.3244       1.2083e-08       -0.4458 
5184.0598       6944.3244       1.5103e-08       -0.5777 
5184.0598       6944.3244       1.8123e-08       -0.7159 
5184.0598       6944.3244       2.1143e-08       -0.8597 
5184.0598       6944.3244       2.4162e-08       -1.0087 
5184.0598       6944.3244       2.7182e-08       -1.1623 
5184.0598       6944.3244       3.0202e-08       -1.3202 
5184.0598       6944.3244       3.3221e-08       -1.4820 
5184.0598       6944.3244       3.6241e-08       -1.6475 
5184.0598       6944.3244       3.9261e-08       -1.8164 
5184.0598       6944.3244       4.2281e-08       -1.9885 
5184.0598       6944.3244       4.5300e-08       -2.1635 
5184.0598       6944.3244       4.8320e-08       -2.3413 
5184.0598       6944.3244       5.1340e-08       -2.5217 
5184.0598       6944.3244       5.4359e-08       -2.7046 
6944.3244       9302.5069       0.0000e+00       0.0000 
6944.3244       9302.5069       3.4918e-12       -0.0001 
6944.3244       9302.5069       3.3032e-09       -0.0763 
6944.3244       9302.5069       6.6030e-09       -0.1718 
6944.3244       9302.5069       9.9027e-09       -0.2823 
6944.3244       9302.5069       1.3202e-08       -0.4046 
6944.3244       9302.5069       1.6502e-08       -0.5367 
6944.3244       9302.5069       1.9802e-08       -0.6768 
6944.3244       9302.5069       2.3102e-08       -0.8236 
6944.3244       9302.5069       2.6401e-08       -0.9763 
6944.3244       9302.5069       2.9701e-08       -1.1341 
6944.3244       9302.5069       3.3001e-08       -1.2962 
6944.3244       9302.5069       3.6301e-08       -1.4623 
6944.3244       9302.5069       3.9600e-08       -1.6318 
6944.3244       9302.5069       4.2900e-08       -1.8044 
6944.3244       9302.5069       4.6200e-08       -1.9798 
6944.3244       9302.5069       4.9500e-08       -2.1577 
6944.3244       9302.5069       5.2799e-08       -2.3380 
6944.3244       9302.5069       5.6099e-08       -2.5204 
6944.3244       9302.5069       5.9399e-08       -2.7047 
9302.5069       12461.2038       0.0000e+00       -0.0000 
9302.5069       12461.2038       3.7224e-13       0.0000 
9302.5069       12461.2038       2.7317e-09       -0.1501 
9302.5069       12461.2038       5.4630e-09       -0.3003 
9302.5069       12461.2038       8.1944e-09       -0.4505 
9302.5069       12461.2038       1.0926e-08       -0.6007 
9302.5069       12461.2038       1.3657e-08       -0.7509 
9302.5069       12461.2038       1.6388e-08       -0.9012 
9302.5069       12461.2038       1.9120e-08       -1.0515 
9302.5069       12461.2038       2.1851e-08       -1.2018 
9302.5069       12461.2038       2.4582e-08       -1.3521 
9302.5069       12461.2038       2.7314e-08       -1.5024 
9302.5069       12461.2038       3.0045e-08       -1.6528 
9302.5069       12461.2038       3.2776e-08       -1.8032 
9302.5069       12461.2038       3.5508e-08       -1.9536 
9302.5069       12461.2038       3.8239e-08       -2.1040 
9302.5069       12461.2038       4.0970e-08       -2.2544 
9302.5069       12461.2038       4.3702e-08       -2.4049 
9302.5069       12461.2038       4.6433e-08       -2.5554 
9302.5069       12461.2038       4.9164e-08       -2.7059 
12461.2038       16692.4468       0.0000e+00       0.0000 
12461.2038       16692.4468       3.3657e-12       -0.0001 
12461.2038       16692.4468       4.9633e-09       -0.1231 
12461.2038       16692.4468       9.9233e-09       -0.2511 
12461.2038       16692.4468       1.4883e-08       -0.3834 
12461.2038       16692.4468       1.9843e-08       -0.5197 
12461.2038       16692.4468       2.4803e-08       -0.6597 
12461.2038       16692.4468       2.9763e-08       -0.8029 
12461.2038       16692.4468       3.4723e-08       -0.9492 
12461.2038       16692.4468       3.9683e-08       -1.0983 
12461.2038       16692.4468       4.4643e-08       -1.2499 
12461.2038       16692.4468       4.9603e-08       -1.4039 
12461.2038       16692.4468       5.4563e-08       -1.5602 
12461.2038       16692.4468       5.9523e-08       -1.7184 
12461.2038       16692.4468       6.4483e-08       -1.8787 
12461.2038       16692.4468       6.9443e-08       -2.0407 
12461.2038       16692.4468       7.4403e-08       -2.2045 
12461.2038       16692.4468       7.9363e-08       -2.3698 
12461.2038       16692.4468       8.4323e-08       -2.5366 
12461.2038       16692.4468       8.9283e-08       -2.7049 
16692.4468       22360.9371       0.0000e+00       0.0000 
16692.4468       22360.9371       3.6668e-12       -0.0001 
16692.4468       22360.9371       4.7391e-09       -0.1503 
16692.4468       22360.9371       9.4746e-09       -0.3005 
16692.4468       22360.9371       1.4210e-08       -0.4508 
16692.4468       22360.9371       1.8946e-08       -0.6010 
16692.4468       22360.9371       2.3681e-08       -0.7513 
16692.4468       22360.9371       2.8417e-08       -0.9016 
16692.4468       22360.9371       3.3152e-08       -1.0519 
16692.4468       22360.9371       3.7888e-08       -1.2022 
16692.4468       22360.9371       4.2623e-08       -1.3525 
16692.4468       22360.9371       4.7358e-08       -1.5028 
16692.4468       22360.9371       5.2094e-08       -1.6532 
16692.4468       22360.9371       5.6829e-08       -1.8035 
16692.4468       22360.9371       6.1565e-08       -1.9539 
16692.4468       22360.9371       6.6300e-08       -2.1043 
16692.4468       22360.9371       7.1036e-08       -2.2546 
16692.4468       22360.9371       7.5771e-08       -2.4050 
16692.4468       22360.9371       8.0507e-08       -2.5555 
16692.4468       22360.9371       8.5242e-08       -2.7059 
22360.9371       29953.6672       0.0000e+00       0.0000 
22360.9371       29953.6672       3.7140e-12       -0.0001 
22360.9371       29953.6672       6.6605e-09       -0.1492 
22360.9371       29953.6672       1.3317e-08       -0.2984 
22360.9371       29953.6672       1.9974e-08       -0.4478 
22360.9371       29953.6672       2.6631e-08       -0.5974 
22360.9371       29953.6672       3.3288e-08       -0.7471 
22360.9371       29953.6672       3.9944e-08       -0.8969 
22360.9371       29953.6672       4.6601e-08       -1.0469 
22360.9371       29953.6672       5.3258e-08       -1.1971 
22360.9371       29953.6672       5.9915e-08       -1.3474 
22360.9371       29953.6672       6.6571e-08       -1.4978 
22360.9371       29953.6672       7.3228e-08       -1.6484 
22360.9371       29953.6672       7.9885e-08       -1.7991 
22360.9371       29953.6672       8.6542e-08       -1.9499 
22360.9371       29953.6672       9.3199e-08       -2.1008 
22360.9371       29953.6672       9.9855e-08       -2.2519 
22360.9371       29953.6672       1.0651e-07       -2.4031 
22360.9371       29953.6672       1.1317e-07       -2.5544 
22360.9371       29953.6672       1.1983e-07       -2.7059 
29953.6672       40124.5339       0.0000e+00       0.0000 
29953.6672       40124.5339       3.3864e-12       -0.0001 
29953.6672       40124.5339       8.2608e-09       -0.1503 
29953.6672       40124.5339       1.6518e-08       -0.3006 
29953.6672       40124.5339       2.4776e-08       -0.4508 
29953.6672       40124.5339       3.3033e-08       -0.6011 
29953.6672       40124.5339       4.1290e-08       -0.7514 
29953.6672       40124.5339       4.9548e-08       -0.9017 
29953.6672       40124.5339       5.7805e-08       -1.0520 
29953.6672       40124.5339       6.6062e-08       -1.2023 
29953.6672       40124.5339       7.4320e-08       -1.3526 
29953.6672       40124.5339       8.2577e-08       -1.5029 
29953.6672       40124.5339       9.0834e-08       -1.6533 
29953.6672       40124.5339       9.9092e-08       -1.8036 
29953.6672       40124.5339       1.0735e-07       -1.9540 
29953.6672       40124.5339       1.1561e-07       -2.1043 
29953.6672       40124.5339       1.2386e-07       -2.2547 
29953.6672       40124.5339       1.3212e-07       -2.4051 
29953.6672       40124.5339       1.4038e-07       -2.5555 
29953.6672       40124.5339       1.4864e-07       -2.7059 
40124.5339       53748.9519       0.0000e+00       0.0000 
40124.5339       53748.9519       3.3892e-12       -0.0000 
40124.5339       53748.9519       1.6358e-08       -0.0687 
40124.5339       53748.9519       3.2713e-08       -0.1596 
40124.5339       53748.9519       4.9068e-08       -0.2672 
40124.5339       53748.9519       6.5423e-08       -0.3879 
40124.5339       53748.9519       8.1778e-08       -0.5193 
40124.5339       53748.9519       9.8132e-08       -0.6593 
40124.5339       53748.9519       1.1449e-07       -0.8066 
40124.5339       53748.9519       1.3084e-07       -0.9601 
40124.5339       53748.9519       1.4720e-07       -1.1189 
40124.5339       53748.9519       1.6355e-07       -1.2824 
40124.5339       53748.9519       1.7991e-07       -1.4498 
40124.5339       53748.9519       1.9626e-07       -1.6209 
40124.5339       53748.9519       2.1262e-07       -1.7952 
40124.5339       53748.9519       2.2897e-07       -1.9723 
40124.5339       53748.9519       2.4533e-07       -2.1520 
40124.5339       53748.9519       2.6168e-07       -2.3341 
40124.5339       53748.9519       2.7804e-07       -2.5182 
40124.5339       53748.9519       2.9439e-07       -2.7044 
53748.9519       72001.2440       0.0000e+00       0.0000 
53748.9519       72001.2440       2.7277e-12       -0.0000 
53748.9519       72001.2440       1.4307e-08       -0.1503 
53748.9519       72001.2440       2.8612e-08       -0.3007 
53748.9519       72001.2440       4.2916e-08       -0.4510 
53748.9519       72001.2440       5.7221e-08       -0.6013 
53748.9519       72001.2440       7.1526e-08       -0.7516 
53748.9519       72001.2440       8.5830e-08       -0.9020 
53748.9519       72001.2440       1.0013e-07       -1.0523 
53748.9519       72001.2440       1.1444e-07       -1.2026 
53748.9519       72001.2440       1.2874e-07       -1.3529 
53748.9519       72001.2440       1.4305e-07       -1.5033 
53748.9519       72001.2440       1.5735e-07       -1.6536 
53748.9519       72001.2440       1.7166e-07       -1.8039 
53748.9519       72001.2440       1.8596e-07       -1.9543 
53748.9519       72001.2440       2.0027e-07       -2.1046 
53748.9519       72001.2440       2.1457e-07       -2.2549 
53748.9519       72001.2440       2.2888e-07       -2.4052 
53748.9519       72001.2440       2.4318e-07       -2.5556 
53748.9519       72001.2440       2.5749e-07       -2.7059 
72001.2440       96449.5043       0.0000e+00       0.0000 
72001.2440       96449.5043       2.4052e-12       -0.0000 
72001.2440       96449.5043       1.9235e-08       -0.1503 
72001.2440       96449.5043       3.8467e-08       -0.3007 
72001.2440       96449.5043       5.7699e-08       -0.4510 
72001.2440       96449.5043       7.6931e-08       -0.6013 
72001.2440       96449.5043       9.6163e-08       -0.7516 
72001.2440       96449.5043       1.1540e-07       -0.9020 
72001.2440       96449.5043       1.3463e-07       -1.0523 
72001.2440       96449.5043       1.5386e-07       -1.2026 
72001.2440       96449.5043       1.7309e-07       -1.3530 
72001.2440       96449.5043       1.9232e-07       -1.5033 
72001.2440       96449.5043       2.1156e-07       -1.6536 
72001.2440       96449.5043       2.3079e-07       -1.8039 
72001.2440       96449.5043       2.5002e-07       -1.9543 
72001.2440       96449.5043       2.6925e-07       -2.1046 
72001.2440       96449.5043       2.8848e-07       -2.2549 
72001.2440       96449.5043       3.0772e-07       -2.4052 
72001.2440       96449.5043       3.2695e-07       -2.5556 
72001.2440       96449.5043       3.4618e-07       -2.7059 
96449.5043       129199.2522       0.0000e+00       0.0000 
96449.5043       129199.2522       2.0901e-12       -0.0000 
96449.5043       129199.2522       2.6531e-08       -0.1502 
96449.5043       129199.2522       5.3059e-08       -0.3005 
96449.5043       129199.2522       7.9588e-08       -0.4507 
96449.5043       129199.2522       1.0612e-07       -0.6010 
96449.5043       129199.2522       1.3264e-07       -0.7512 
96449.5043       129199.2522       1.5917e-07       -0.9015 
96449.5043       129199.2522       1.8570e-07       -1.0518 
96449.5043       129199.2522       2.1223e-07       -1.2021 
96449.5043       129199.2522       2.3876e-07       -1.3525 
96449.5043       129199.2522       2.6529e-07       -1.5028 
96449.5043       129199.2522       2.9182e-07       -1.6531 
96449.5043       129199.2522       3.1834e-07       -1.8035 
96449.5043       129199.2522       3.4487e-07       -1.9539 
96449.5043       129199.2522       3.7140e-07       -2.1043 
96449.5043       129199.2522       3.9793e-07       -2.2546 
96449.5043       129199.2522       4.2446e-07       -2.4051 
96449.5043       129199.2522       4.5099e-07       -2.5555 
96449.5043       129199.2522       4.7752e-07       -2.7059 
129199.2522       173069.2852       0.0000e+00       -0.0000 
129199.2522       173069.2852       1.8207e-12       0.0000 
129199.2522       173069.2852       3.5098e-08       -0.1503 
129199.2522       173069.2852       7.0195e-08       -0.3006 
129199.2522       173069.2852       1.0529e-07       -0.4510 
129199.2522       173069.2852       1.4039e-07       -0.6013 
129199.2522       173069.2852       1.7548e-07       -0.7516 
129199.2522       173069.2852       2.1058e-07       -0.9019 
129199.2522       173069.2852       2.4568e-07       -1.0522 
129199.2522       173069.2852       2.8077e-07       -1.2026 
129199.2522       173069.2852       3.1587e-07       -1.3529 
129199.2522       173069.2852       3.5097e-07       -1.5032 
129199.2522       173069.2852       3.8606e-07       -1.6536 
129199.2522       173069.2852       4.2116e-07       -1.8039 
129199.2522       173069.2852       4.5626e-07       -1.9542 
129199.2522       173069.2852       4.9135e-07       -2.1045 
129199.2522       173069.2852       5.2645e-07       -2.2549 
129199.2522       173069.2852       5.6155e-07       -2.4052 
129199.2522       173069.2852       5.9664e-07       -2.5555 
129199.2522       173069.2852       6.3174e-07       -2.7059 
173069.2852       231840.8711       0.0000e+00       -0.0000 
173069.2852       231840.8711       1.5631e-12       0.0000 
173069.2852       231840.8711       4.7022e-08       -0.1503 
173069.2852       231840.8711       9.4042e-08       -0.3007 
173069.2852       231840.8711       1.4106e-07       -0.4510 
173069.2852       231840.8711       1.8808e-07       -0.6013 
173069.2852       231840.8711       2.3510e-07       -0.7516 
173069.2852       231840.8711       2.8212e-07       -0.9020 
173069.2852       231840.8711       3.2914e-07       -1.0523 
173069.2852       231840.8711       3.7616e-07       -1.2026 
173069.2852       231840.8711       4.2318e-07       -1.3529 
173069.2852       231840.8711       4.7020e-07       -1.5033 
173069.2852       231840.8711       5.1722e-07       -1.6536 
173069.2852       231840.8711       5.6424e-07       -1.8039 
173069.2852       231840.8711       6.1126e-07       -1.9542 
173069.2852       231840.8711       6.5828e-07       -2.1046 
173069.2852       231840.8711       7.0531e-07       -2.2549 
173069.2852       231840.8711       7.5233e-07       -2.4052 
173069.2852       231840.8711       7.9935e-07       -2.5555 
173069.2852       231840.8711       8.4637e-07       -2.7059 
231840.8711       310563.2050       0.0000e+00       -0.0000 
231840.8711       310563.2050       1.3328e-12       0.0000 
231840.8711       310563.2050       6.3242e-08       -0.1503 
231840.8711       310563.2050       1.2648e-07       -0.3007 
231840.8711       310563.2050       1.8972e-07       -0.4510 
231840.8711       310563.2050       2.5296e-07       -0.6013 
231840.8711       310563.2050       3.1620e-07       -0.7516 
231840.8711       310563.2050       3.7944e-07       -0.9019 
231840.8711       310563.2050       4.4268e-07       -1.0522 
231840.8711       310563.2050       5.0592e-07       -1.2026 
231840.8711       310563.2050       5.6916e-07       -1.3529 
231840.8711       310563.2050       6.3240e-07       -1.5032 
231840.8711       310563.2050       6.9564e-07       -1.6536 
231840.8711       310563.2050       7.5888e-07       -1.8039 
231840.8711       310563.2050       8.2212e-07       -1.9542 
231840.8711       310563.2050       8.8536e-07       -2.1045 
231840.8711       310563.2050       9.4860e-07       -2.2549 
231840.8711       310563.2050       1.0118e-06       -2.4052 
231840.8711       310563.2050       1.0751e-06       -2.5555 
231840.8711       310563.2050       1.1383e-06       -2.7058 
310563.2050       416015.9675       0.0000e+00       -0.0000 
310563.2050       416015.9675       1.1363e-12       0.0000 
310563.2050       416015.9675       8.5387e-08       -0.1503 
310563.2050       416015.9675       1.7077e-07       -0.3007 
310563.2050       416015.9675       2.5616e-07       -0.4510 
310563.2050       416015.9675       3.4154e-07       -0.6013 
310563.2050       416015.9675       4.2693e-07       -0.7516 
310563.2050       416015.9675       5.1232e-07       -0.9020 
310563.2050       416015.9675       5.9770e-07       -1.0523 
310563.2050       416015.9675       6.8309e-07       -1.2026 
310563.2050       416015.9675       7.6847e-07       -1.3529 
310563.2050       416015.9675       8.5386e-07       -1.5033 
310563.2050       416015.9675       9.3924e-07       -1.6536 
310563.2050       416015.9675       1.0246e-06       -1.8039 
310563.2050       416015.9675       1.1100e-06       -1.9542 
310563.2050       416015.9675       1.1954e-06       -2.1046 
310563.2050       416015.9675       1.2808e-06       -2.2549 
310563.2050       416015.9675       1.3662e-06       -2.4052 
310563.2050       416015.9675       1.4516e-06       -2.5556 
310563.2050       416015.9675       1.5369e-06       -2.7059 
416015.9675       557275.5639       0.0000e+00       -0.0000 
416015.9675       557275.5639       9.6774e-13       0.0000 
416015.9675       557275.5639       1.1604e-07       -0.1503 
416015.9675       557275.5639       2.3207e-07       -0.3007 
416015.9675       557275.5639       3.4811e-07       -0.4510 
416015.9675       557275.5639       4.6414e-07       -0.6013 
416015.9675       557275.5639       5.8018e-07       -0.7516 
416015.9675       557275.5639       6.9622e-07       -0.9020 
416015.9675       557275.5639       8.1225e-07       -1.0523 
416015.9675       557275.5639       9.2829e-07       -1.2026 
416015.9675       557275.5639       1.0443e-06       -1.3529 
416015.9675       557275.5639       1.1604e-06       -1.5033 
416015.9675       557275.5639       1.2764e-06       -1.6536 
416015.9675       557275.5639       1.3924e-06       -1.8039 
416015.9675       557275.5639       1.5085e-06       -1.9543 
416015.9675       557275.5639       1.6245e-06       -2.1046 
416015.9675       557275.5639       1.7405e-06       -2.2549 
416015.9675       557275.5639       1.8566e-06       -2.4052 
416015.9675       557275.5639       1.9726e-06       -2.5556 
416015.9675       557275.5639       2.0886e-06       -2.7059 
557275.5639       746517.5120       0.0000e+00       -0.0000 
557275.5639       746517.5120       8.2414e-13       0.0000 
557275.5639       746517.5120       1.5933e-07       -0.1503 
557275.5639       746517.5120       3.1865e-07       -0.3007 
557275.5639       746517.5120       4.7798e-07       -0.4510 
557275.5639       746517.5120       6.3731e-07       -0.6013 
557275.5639       746517.5120       7.9663e-07       -0.7516 
557275.5639       746517.5120       9.5596e-07       -0.9020 
557275.5639       746517.5120       1.1153e-06       -1.0523 
557275.5639       746517.5120       1.2746e-06       -1.2026 
557275.5639       746517.5120       1.4339e-06       -1.3529 
557275.5639       746517.5120       1.5933e-06       -1.5033 
557275.5639       746517.5120       1.7526e-06       -1.6536 
557275.5639       746517.5120       1.9119e-06       -1.8039 
557275.5639       746517.5120       2.0712e-06       -1.9543 
557275.5639       746517.5120       2.2306e-06       -2.1046 
557275.5639       746517.5120       2.3899e-06       -2.2549 
557275.5639       746517.5120       2.5492e-06       -2.4052 
557275.5639       746517.5120       2.7086e-06       -2.5556 
557275.5639       746517.5120       2.8679e-06       -2.7059 
746517.5120       1000000.0000       0.0000e+00       -0.0000 
746517.5120       1000000.0000       7.0154e-13       0.0000 
746517.5120       1000000.0000       2.3027e-07       -0.1503 
746517.5120       1000000.0000       4.6053e-07       -0.3007 
746517.5120       1000000.0000       6.9080e-07       -0.4510 
746517.5120       1000000.0000       9.2106e-07       -0.6013 
746517.5120       1000000.0000       1.1513e-06       -0.7516 
746517.5120       1000000.0000       1.3816e-06       -0.9020 
746517.5120       1000000.0000       1.6119e-06       -1.0523 
746517.5120       1000000.0000       1.8421e-06       -1.2026 
746517.5120       1000000.0000       2.0724e-06       -1.3529 
746517.5120       1000000.0000       2.3027e-06       -1.5033 
746517.5120       1000000.0000       2.5329e-06       -1.6536 
746517.5120       1000000.0000       2.7632e-06       -1.8039 
746517.5120       1000000.0000       2.9935e-06       -1.9543 
746517.5120       1000000.0000       3.2237e-06       -2.1046 
746517.5120       1000000.0000       3.4540e-06       -2.2549 
746517.5120       1000000.0000       3.6843e-06       -2.4052 
746517.5120       1000000.0000       3.9145e-06       -2.5556 
746517.5120       1000000.0000       4.1448e-06       -2.7059 
