#Sagittarius_2  Log10(Jfactor)=18.800   sigmaJ=1.360 
#[0]emin(MeV) [1]emax(MeV) [2]eflux(MeV/cm^2/s) [3]deltaLogLike 
500.0000       669.7766       0.0000e+00       0.0000 
500.0000       669.7766       2.3097e-11       -0.0002 
500.0000       669.7766       6.4281e-09       -0.0575 
500.0000       669.7766       1.2833e-08       -0.1268 
500.0000       669.7766       1.9238e-08       -0.2079 
500.0000       669.7766       2.5643e-08       -0.3006 
500.0000       669.7766       3.2048e-08       -0.4046 
500.0000       669.7766       3.8453e-08       -0.5197 
500.0000       669.7766       4.4858e-08       -0.6458 
500.0000       669.7766       5.1263e-08       -0.7826 
500.0000       669.7766       5.7668e-08       -0.9299 
500.0000       669.7766       6.4073e-08       -1.0876 
500.0000       669.7766       7.0478e-08       -1.2556 
500.0000       669.7766       7.6883e-08       -1.4335 
500.0000       669.7766       8.3288e-08       -1.6214 
500.0000       669.7766       8.9693e-08       -1.8190 
500.0000       669.7766       9.6098e-08       -2.0261 
500.0000       669.7766       1.0250e-07       -2.2427 
500.0000       669.7766       1.0891e-07       -2.4686 
500.0000       669.7766       1.1531e-07       -2.7036 
669.7766       897.2222       0.0000e+00       0.0000 
669.7766       897.2222       1.5895e-11       -0.0002 
669.7766       897.2222       5.0617e-09       -0.0741 
669.7766       897.2222       1.0107e-08       -0.1581 
669.7766       897.2222       1.5153e-08       -0.2518 
669.7766       897.2222       2.0199e-08       -0.3551 
669.7766       897.2222       2.5245e-08       -0.4679 
669.7766       897.2222       3.0291e-08       -0.5897 
669.7766       897.2222       3.5336e-08       -0.7206 
669.7766       897.2222       4.0382e-08       -0.8602 
669.7766       897.2222       4.5428e-08       -1.0085 
669.7766       897.2222       5.0474e-08       -1.1651 
669.7766       897.2222       5.5520e-08       -1.3301 
669.7766       897.2222       6.0565e-08       -1.5032 
669.7766       897.2222       6.5611e-08       -1.6843 
669.7766       897.2222       7.0657e-08       -1.8732 
669.7766       897.2222       7.5703e-08       -2.0698 
669.7766       897.2222       8.0748e-08       -2.2739 
669.7766       897.2222       8.5794e-08       -2.4855 
669.7766       897.2222       9.0840e-08       -2.7043 
897.2222       1201.8769       0.0000e+00       0.0000 
897.2222       1201.8769       4.1049e-13       -0.0000 
897.2222       1201.8769       2.1222e-09       -0.1340 
897.2222       1201.8769       4.2439e-09       -0.2701 
897.2222       1201.8769       6.3657e-09       -0.4082 
897.2222       1201.8769       8.4874e-09       -0.5483 
897.2222       1201.8769       1.0609e-08       -0.6904 
897.2222       1201.8769       1.2731e-08       -0.8344 
897.2222       1201.8769       1.4853e-08       -0.9804 
897.2222       1201.8769       1.6974e-08       -1.1283 
897.2222       1201.8769       1.9096e-08       -1.2780 
897.2222       1201.8769       2.1218e-08       -1.4296 
897.2222       1201.8769       2.3340e-08       -1.5830 
897.2222       1201.8769       2.5461e-08       -1.7382 
897.2222       1201.8769       2.7583e-08       -1.8952 
897.2222       1201.8769       2.9705e-08       -2.0539 
897.2222       1201.8769       3.1827e-08       -2.2143 
897.2222       1201.8769       3.3948e-08       -2.3765 
897.2222       1201.8769       3.6070e-08       -2.5403 
897.2222       1201.8769       3.8192e-08       -2.7058 
1201.8769       1609.9782       0.0000e+00       -0.4938 
1201.8769       1609.9782       3.4423e-08       0.0000 
1201.8769       1609.9782       3.9860e-08       -0.0105 
1201.8769       1609.9782       4.5298e-08       -0.0416 
1201.8769       1609.9782       5.0736e-08       -0.0920 
1201.8769       1609.9782       5.6174e-08       -0.1610 
1201.8769       1609.9782       6.1611e-08       -0.2476 
1201.8769       1609.9782       6.7049e-08       -0.3512 
1201.8769       1609.9782       7.2487e-08       -0.4710 
1201.8769       1609.9782       7.7925e-08       -0.6064 
1201.8769       1609.9782       8.3362e-08       -0.7567 
1201.8769       1609.9782       8.8800e-08       -0.9215 
1201.8769       1609.9782       9.4238e-08       -1.1003 
1201.8769       1609.9782       9.9676e-08       -1.2924 
1201.8769       1609.9782       1.0511e-07       -1.4976 
1201.8769       1609.9782       1.1055e-07       -1.7153 
1201.8769       1609.9782       1.1599e-07       -1.9452 
1201.8769       1609.9782       1.2143e-07       -2.1870 
1201.8769       1609.9782       1.2686e-07       -2.4402 
1201.8769       1609.9782       1.3230e-07       -2.7045 
1609.9782       2156.6516       0.0000e+00       0.0000 
1609.9782       2156.6516       5.6788e-12       -0.0003 
1609.9782       2156.6516       2.1912e-09       -0.1292 
1609.9782       2156.6516       4.3766e-09       -0.2609 
1609.9782       2156.6516       6.5621e-09       -0.3955 
1609.9782       2156.6516       8.7476e-09       -0.5327 
1609.9782       2156.6516       1.0933e-08       -0.6727 
1609.9782       2156.6516       1.3119e-08       -0.8152 
1609.9782       2156.6516       1.5304e-08       -0.9602 
1609.9782       2156.6516       1.7489e-08       -1.1077 
1609.9782       2156.6516       1.9675e-08       -1.2576 
1609.9782       2156.6516       2.1860e-08       -1.4098 
1609.9782       2156.6516       2.4046e-08       -1.5643 
1609.9782       2156.6516       2.6231e-08       -1.7210 
1609.9782       2156.6516       2.8417e-08       -1.8800 
1609.9782       2156.6516       3.0602e-08       -2.0410 
1609.9782       2156.6516       3.2788e-08       -2.2041 
1609.9782       2156.6516       3.4973e-08       -2.3693 
1609.9782       2156.6516       3.7159e-08       -2.5365 
1609.9782       2156.6516       3.9344e-08       -2.7056 
2156.6516       2889.0164       0.0000e+00       -0.3945 
2156.6516       2889.0164       2.3991e-08       0.0000 
2156.6516       2889.0164       2.8750e-08       -0.0124 
2156.6516       2889.0164       3.3508e-08       -0.0477 
2156.6516       2889.0164       3.8267e-08       -0.1041 
2156.6516       2889.0164       4.3026e-08       -0.1799 
2156.6516       2889.0164       4.7784e-08       -0.2736 
2156.6516       2889.0164       5.2543e-08       -0.3840 
2156.6516       2889.0164       5.7301e-08       -0.5100 
2156.6516       2889.0164       6.2060e-08       -0.6505 
2156.6516       2889.0164       6.6818e-08       -0.8049 
2156.6516       2889.0164       7.1577e-08       -0.9722 
2156.6516       2889.0164       7.6335e-08       -1.1518 
2156.6516       2889.0164       8.1094e-08       -1.3431 
2156.6516       2889.0164       8.5852e-08       -1.5454 
2156.6516       2889.0164       9.0611e-08       -1.7584 
2156.6516       2889.0164       9.5369e-08       -1.9814 
2156.6516       2889.0164       1.0013e-07       -2.2140 
2156.6516       2889.0164       1.0489e-07       -2.4559 
2156.6516       2889.0164       1.0965e-07       -2.7067 
2889.0164       3869.9914       0.0000e+00       0.0000 
2889.0164       3869.9914       9.3964e-12       -0.0003 
2889.0164       3869.9914       2.6591e-09       -0.0899 
2889.0164       3869.9914       5.3087e-09       -0.1920 
2889.0164       3869.9914       7.9584e-09       -0.3046 
2889.0164       3869.9914       1.0608e-08       -0.4264 
2889.0164       3869.9914       1.3258e-08       -0.5562 
2889.0164       3869.9914       1.5907e-08       -0.6931 
2889.0164       3869.9914       1.8557e-08       -0.8364 
2889.0164       3869.9914       2.1207e-08       -0.9853 
2889.0164       3869.9914       2.3856e-08       -1.1395 
2889.0164       3869.9914       2.6506e-08       -1.2985 
2889.0164       3869.9914       2.9156e-08       -1.4619 
2889.0164       3869.9914       3.1805e-08       -1.6294 
2889.0164       3869.9914       3.4455e-08       -1.8006 
2889.0164       3869.9914       3.7105e-08       -1.9755 
2889.0164       3869.9914       3.9754e-08       -2.1536 
2889.0164       3869.9914       4.2404e-08       -2.3349 
2889.0164       3869.9914       4.5054e-08       -2.5192 
2889.0164       3869.9914       4.7703e-08       -2.7063 
3869.9914       5184.0598       0.0000e+00       -0.5609 
3869.9914       5184.0598       3.0086e-09       -0.4222 
3869.9914       5184.0598       6.0171e-09       -0.3091 
3869.9914       5184.0598       9.0257e-09       -0.2177 
3869.9914       5184.0598       1.2034e-08       -0.1453 
3869.9914       5184.0598       1.5043e-08       -0.0895 
3869.9914       5184.0598       1.8051e-08       -0.0485 
3869.9914       5184.0598       2.1060e-08       -0.0207 
3869.9914       5184.0598       2.4068e-08       -0.0049 
3869.9914       5184.0598       2.7077e-08       0.0000 
3869.9914       5184.0598       3.6302e-08       -0.0442 
3869.9914       5184.0598       4.5527e-08       -0.1632 
3869.9914       5184.0598       5.4752e-08       -0.3432 
3869.9914       5184.0598       6.3977e-08       -0.5742 
3869.9914       5184.0598       7.3202e-08       -0.8489 
3869.9914       5184.0598       8.2426e-08       -1.1615 
3869.9914       5184.0598       9.1651e-08       -1.5073 
3869.9914       5184.0598       1.0088e-07       -1.8828 
3869.9914       5184.0598       1.1010e-07       -2.2847 
3869.9914       5184.0598       1.1933e-07       -2.7106 
5184.0598       6944.3244       0.0000e+00       -0.3823 
5184.0598       6944.3244       1.8953e-08       0.0000 
5184.0598       6944.3244       2.4579e-08       -0.0186 
5184.0598       6944.3244       3.0205e-08       -0.0686 
5184.0598       6944.3244       3.5831e-08       -0.1434 
5184.0598       6944.3244       4.1457e-08       -0.2386 
5184.0598       6944.3244       4.7083e-08       -0.3509 
5184.0598       6944.3244       5.2709e-08       -0.4778 
5184.0598       6944.3244       5.8335e-08       -0.6175 
5184.0598       6944.3244       6.3961e-08       -0.7685 
5184.0598       6944.3244       6.9587e-08       -0.9296 
5184.0598       6944.3244       7.5213e-08       -1.0997 
5184.0598       6944.3244       8.0839e-08       -1.2781 
5184.0598       6944.3244       8.6465e-08       -1.4640 
5184.0598       6944.3244       9.2091e-08       -1.6569 
5184.0598       6944.3244       9.7717e-08       -1.8563 
5184.0598       6944.3244       1.0334e-07       -2.0616 
5184.0598       6944.3244       1.0897e-07       -2.2726 
5184.0598       6944.3244       1.1459e-07       -2.4887 
5184.0598       6944.3244       1.2022e-07       -2.7098 
6944.3244       9302.5069       0.0000e+00       0.0000 
6944.3244       9302.5069       8.0682e-12       -0.0003 
6944.3244       9302.5069       3.5065e-09       -0.1322 
6944.3244       9302.5069       7.0049e-09       -0.2672 
6944.3244       9302.5069       1.0503e-08       -0.4050 
6944.3244       9302.5069       1.4002e-08       -0.5455 
6944.3244       9302.5069       1.7500e-08       -0.6884 
6944.3244       9302.5069       2.0999e-08       -0.8335 
6944.3244       9302.5069       2.4497e-08       -0.9806 
6944.3244       9302.5069       2.7995e-08       -1.1298 
6944.3244       9302.5069       3.1494e-08       -1.2807 
6944.3244       9302.5069       3.4992e-08       -1.4333 
6944.3244       9302.5069       3.8491e-08       -1.5876 
6944.3244       9302.5069       4.1989e-08       -1.7433 
6944.3244       9302.5069       4.5488e-08       -1.9005 
6944.3244       9302.5069       4.8986e-08       -2.0591 
6944.3244       9302.5069       5.2484e-08       -2.2189 
6944.3244       9302.5069       5.5983e-08       -2.3800 
6944.3244       9302.5069       5.9481e-08       -2.5422 
6944.3244       9302.5069       6.2980e-08       -2.7056 
9302.5069       12461.2038       0.0000e+00       0.0000 
9302.5069       12461.2038       5.3923e-12       -0.0002 
9302.5069       12461.2038       4.0695e-09       -0.1453 
9302.5069       12461.2038       8.1336e-09       -0.2911 
9302.5069       12461.2038       1.2198e-08       -0.4376 
9302.5069       12461.2038       1.6262e-08       -0.5847 
9302.5069       12461.2038       2.0326e-08       -0.7325 
9302.5069       12461.2038       2.4390e-08       -0.8810 
9302.5069       12461.2038       2.8454e-08       -1.0300 
9302.5069       12461.2038       3.2518e-08       -1.1797 
9302.5069       12461.2038       3.6582e-08       -1.3299 
9302.5069       12461.2038       4.0646e-08       -1.4807 
9302.5069       12461.2038       4.4710e-08       -1.6320 
9302.5069       12461.2038       4.8775e-08       -1.7839 
9302.5069       12461.2038       5.2839e-08       -1.9363 
9302.5069       12461.2038       5.6903e-08       -2.0893 
9302.5069       12461.2038       6.0967e-08       -2.2427 
9302.5069       12461.2038       6.5031e-08       -2.3966 
9302.5069       12461.2038       6.9095e-08       -2.5510 
9302.5069       12461.2038       7.3159e-08       -2.7058 
12461.2038       16692.4468       0.0000e+00       0.0000 
12461.2038       16692.4468       6.8601e-12       -0.0002 
12461.2038       16692.4468       5.1783e-09       -0.1424 
12461.2038       16692.4468       1.0350e-08       -0.2859 
12461.2038       16692.4468       1.5521e-08       -0.4305 
12461.2038       16692.4468       2.0693e-08       -0.5763 
12461.2038       16692.4468       2.5864e-08       -0.7230 
12461.2038       16692.4468       3.1036e-08       -0.8707 
12461.2038       16692.4468       3.6207e-08       -1.0194 
12461.2038       16692.4468       4.1378e-08       -1.1689 
12461.2038       16692.4468       4.6550e-08       -1.3193 
12461.2038       16692.4468       5.1721e-08       -1.4706 
12461.2038       16692.4468       5.6893e-08       -1.6225 
12461.2038       16692.4468       6.2064e-08       -1.7753 
12461.2038       16692.4468       6.7236e-08       -1.9287 
12461.2038       16692.4468       7.2407e-08       -2.0828 
12461.2038       16692.4468       7.7579e-08       -2.2376 
12461.2038       16692.4468       8.2750e-08       -2.3930 
12461.2038       16692.4468       8.7921e-08       -2.5491 
12461.2038       16692.4468       9.3093e-08       -2.7057 
16692.4468       22360.9371       0.0000e+00       0.0000 
16692.4468       22360.9371       6.8320e-12       -0.0002 
16692.4468       22360.9371       5.7816e-09       -0.1496 
16692.4468       22360.9371       1.1556e-08       -0.2992 
16692.4468       22360.9371       1.7331e-08       -0.4489 
16692.4468       22360.9371       2.3106e-08       -0.5987 
16692.4468       22360.9371       2.8881e-08       -0.7486 
16692.4468       22360.9371       3.4655e-08       -0.8986 
16692.4468       22360.9371       4.0430e-08       -1.0486 
16692.4468       22360.9371       4.6205e-08       -1.1988 
16692.4468       22360.9371       5.1980e-08       -1.3491 
16692.4468       22360.9371       5.7755e-08       -1.4995 
16692.4468       22360.9371       6.3529e-08       -1.6500 
16692.4468       22360.9371       6.9304e-08       -1.8006 
16692.4468       22360.9371       7.5079e-08       -1.9512 
16692.4468       22360.9371       8.0854e-08       -2.1020 
16692.4468       22360.9371       8.6628e-08       -2.2528 
16692.4468       22360.9371       9.2403e-08       -2.4038 
16692.4468       22360.9371       9.8178e-08       -2.5548 
16692.4468       22360.9371       1.0395e-07       -2.7059 
22360.9371       29953.6672       0.0000e+00       -0.6314 
22360.9371       29953.6672       4.7799e-09       -0.4322 
22360.9371       29953.6672       9.5599e-09       -0.2942 
22360.9371       29953.6672       1.4340e-08       -0.1956 
22360.9371       29953.6672       1.9120e-08       -0.1246 
22360.9371       29953.6672       2.3900e-08       -0.0738 
22360.9371       29953.6672       2.8680e-08       -0.0388 
22360.9371       29953.6672       3.3460e-08       -0.0163 
22360.9371       29953.6672       3.8240e-08       -0.0039 
22360.9371       29953.6672       4.3019e-08       0.0000 
22360.9371       29953.6672       6.6361e-08       -0.0676 
22360.9371       29953.6672       8.9703e-08       -0.2280 
22360.9371       29953.6672       1.1305e-07       -0.4454 
22360.9371       29953.6672       1.3639e-07       -0.7016 
22360.9371       29953.6672       1.5973e-07       -0.9863 
22360.9371       29953.6672       1.8307e-07       -1.2930 
22360.9371       29953.6672       2.0641e-07       -1.6171 
22360.9371       29953.6672       2.2975e-07       -1.9556 
22360.9371       29953.6672       2.5310e-07       -2.3061 
22360.9371       29953.6672       2.7644e-07       -2.6668 
29953.6672       40124.5339       0.0000e+00       0.0000 
29953.6672       40124.5339       6.5816e-12       -0.0001 
29953.6672       40124.5339       9.0526e-09       -0.1504 
29953.6672       40124.5339       1.8099e-08       -0.3007 
29953.6672       40124.5339       2.7145e-08       -0.4511 
29953.6672       40124.5339       3.6191e-08       -0.6014 
29953.6672       40124.5339       4.5237e-08       -0.7517 
29953.6672       40124.5339       5.4283e-08       -0.9020 
29953.6672       40124.5339       6.3329e-08       -1.0524 
29953.6672       40124.5339       7.2375e-08       -1.2027 
29953.6672       40124.5339       8.1421e-08       -1.3530 
29953.6672       40124.5339       9.0467e-08       -1.5033 
29953.6672       40124.5339       9.9513e-08       -1.6536 
29953.6672       40124.5339       1.0856e-07       -1.8040 
29953.6672       40124.5339       1.1760e-07       -1.9543 
29953.6672       40124.5339       1.2665e-07       -2.1046 
29953.6672       40124.5339       1.3570e-07       -2.2549 
29953.6672       40124.5339       1.4474e-07       -2.4052 
29953.6672       40124.5339       1.5379e-07       -2.5556 
29953.6672       40124.5339       1.6283e-07       -2.7059 
40124.5339       53748.9519       0.0000e+00       0.0000 
40124.5339       53748.9519       6.9425e-12       -0.0000 
40124.5339       53748.9519       1.8014e-08       -0.0872 
40124.5339       53748.9519       3.6020e-08       -0.1901 
40124.5339       53748.9519       5.4027e-08       -0.3055 
40124.5339       53748.9519       7.2034e-08       -0.4309 
40124.5339       53748.9519       9.0040e-08       -0.5648 
40124.5339       53748.9519       1.0805e-07       -0.7056 
40124.5339       53748.9519       1.2605e-07       -0.8524 
40124.5339       53748.9519       1.4406e-07       -1.0044 
40124.5339       53748.9519       1.6207e-07       -1.1609 
40124.5339       53748.9519       1.8007e-07       -1.3213 
40124.5339       53748.9519       1.9808e-07       -1.4851 
40124.5339       53748.9519       2.1609e-07       -1.6521 
40124.5339       53748.9519       2.3409e-07       -1.8219 
40124.5339       53748.9519       2.5210e-07       -1.9943 
40124.5339       53748.9519       2.7011e-07       -2.1689 
40124.5339       53748.9519       2.8811e-07       -2.3456 
40124.5339       53748.9519       3.0612e-07       -2.5242 
40124.5339       53748.9519       3.2413e-07       -2.7046 
53748.9519       72001.2440       0.0000e+00       0.0000 
53748.9519       72001.2440       6.0006e-12       -0.0000 
53748.9519       72001.2440       1.6101e-08       -0.1504 
53748.9519       72001.2440       3.2196e-08       -0.3007 
53748.9519       72001.2440       4.8291e-08       -0.4510 
53748.9519       72001.2440       6.4386e-08       -0.6013 
53748.9519       72001.2440       8.0481e-08       -0.7517 
53748.9519       72001.2440       9.6575e-08       -0.9020 
53748.9519       72001.2440       1.1267e-07       -1.0523 
53748.9519       72001.2440       1.2877e-07       -1.2026 
53748.9519       72001.2440       1.4486e-07       -1.3530 
53748.9519       72001.2440       1.6096e-07       -1.5033 
53748.9519       72001.2440       1.7705e-07       -1.6536 
53748.9519       72001.2440       1.9314e-07       -1.8039 
53748.9519       72001.2440       2.0924e-07       -1.9543 
53748.9519       72001.2440       2.2533e-07       -2.1046 
53748.9519       72001.2440       2.4143e-07       -2.2549 
53748.9519       72001.2440       2.5752e-07       -2.4052 
53748.9519       72001.2440       2.7362e-07       -2.5556 
53748.9519       72001.2440       2.8971e-07       -2.7059 
72001.2440       96449.5043       0.0000e+00       0.0000 
72001.2440       96449.5043       5.5182e-12       -0.0000 
72001.2440       96449.5043       2.1580e-08       -0.1504 
72001.2440       96449.5043       4.3155e-08       -0.3007 
72001.2440       96449.5043       6.4730e-08       -0.4510 
72001.2440       96449.5043       8.6305e-08       -0.6013 
72001.2440       96449.5043       1.0788e-07       -0.7517 
72001.2440       96449.5043       1.2946e-07       -0.9020 
72001.2440       96449.5043       1.5103e-07       -1.0523 
72001.2440       96449.5043       1.7261e-07       -1.2026 
72001.2440       96449.5043       1.9418e-07       -1.3530 
72001.2440       96449.5043       2.1575e-07       -1.5033 
72001.2440       96449.5043       2.3733e-07       -1.6536 
72001.2440       96449.5043       2.5890e-07       -1.8039 
72001.2440       96449.5043       2.8048e-07       -1.9543 
72001.2440       96449.5043       3.0205e-07       -2.1046 
72001.2440       96449.5043       3.2363e-07       -2.2549 
72001.2440       96449.5043       3.4520e-07       -2.4052 
72001.2440       96449.5043       3.6678e-07       -2.5556 
72001.2440       96449.5043       3.8835e-07       -2.7059 
96449.5043       129199.2522       0.0000e+00       0.0000 
96449.5043       129199.2522       5.0988e-12       -0.0000 
96449.5043       129199.2522       2.9291e-08       -0.1503 
96449.5043       129199.2522       5.8577e-08       -0.3007 
96449.5043       129199.2522       8.7863e-08       -0.4510 
96449.5043       129199.2522       1.1715e-07       -0.6013 
96449.5043       129199.2522       1.4644e-07       -0.7516 
96449.5043       129199.2522       1.7572e-07       -0.9019 
96449.5043       129199.2522       2.0501e-07       -1.0523 
96449.5043       129199.2522       2.3429e-07       -1.2026 
96449.5043       129199.2522       2.6358e-07       -1.3529 
96449.5043       129199.2522       2.9287e-07       -1.5032 
96449.5043       129199.2522       3.2215e-07       -1.6536 
96449.5043       129199.2522       3.5144e-07       -1.8039 
96449.5043       129199.2522       3.8072e-07       -1.9542 
96449.5043       129199.2522       4.1001e-07       -2.1046 
96449.5043       129199.2522       4.3930e-07       -2.2549 
96449.5043       129199.2522       4.6858e-07       -2.4052 
96449.5043       129199.2522       4.9787e-07       -2.5556 
96449.5043       129199.2522       5.2715e-07       -2.7059 
129199.2522       173069.2852       0.0000e+00       0.0000 
129199.2522       173069.2852       4.7352e-12       -0.0000 
129199.2522       173069.2852       5.0910e-08       -0.1285 
129199.2522       173069.2852       1.0182e-07       -0.2611 
129199.2522       173069.2852       1.5272e-07       -0.3974 
129199.2522       173069.2852       2.0363e-07       -0.5370 
129199.2522       173069.2852       2.5453e-07       -0.6794 
129199.2522       173069.2852       3.0544e-07       -0.8245 
129199.2522       173069.2852       3.5634e-07       -0.9720 
129199.2522       173069.2852       4.0725e-07       -1.1216 
129199.2522       173069.2852       4.5816e-07       -1.2732 
129199.2522       173069.2852       5.0906e-07       -1.4266 
129199.2522       173069.2852       5.5997e-07       -1.5817 
129199.2522       173069.2852       6.1087e-07       -1.7383 
129199.2522       173069.2852       6.6178e-07       -1.8964 
129199.2522       173069.2852       7.1268e-07       -2.0558 
129199.2522       173069.2852       7.6359e-07       -2.2164 
129199.2522       173069.2852       8.1450e-07       -2.3782 
129199.2522       173069.2852       8.6540e-07       -2.5410 
129199.2522       173069.2852       9.1631e-07       -2.7049 
173069.2852       231840.8711       0.0000e+00       0.0000 
173069.2852       231840.8711       4.2739e-12       -0.0000 
173069.2852       231840.8711       5.2724e-08       -0.1503 
173069.2852       231840.8711       1.0544e-07       -0.3007 
173069.2852       231840.8711       1.5816e-07       -0.4510 
173069.2852       231840.8711       2.1088e-07       -0.6013 
173069.2852       231840.8711       2.6360e-07       -0.7516 
173069.2852       231840.8711       3.1632e-07       -0.9020 
173069.2852       231840.8711       3.6904e-07       -1.0523 
173069.2852       231840.8711       4.2176e-07       -1.2026 
173069.2852       231840.8711       4.7448e-07       -1.3530 
173069.2852       231840.8711       5.2720e-07       -1.5033 
173069.2852       231840.8711       5.7992e-07       -1.6536 
173069.2852       231840.8711       6.3264e-07       -1.8039 
173069.2852       231840.8711       6.8535e-07       -1.9543 
173069.2852       231840.8711       7.3807e-07       -2.1046 
173069.2852       231840.8711       7.9079e-07       -2.2549 
173069.2852       231840.8711       8.4351e-07       -2.4052 
173069.2852       231840.8711       8.9623e-07       -2.5556 
173069.2852       231840.8711       9.4895e-07       -2.7059 
231840.8711       310563.2050       0.0000e+00       -0.0000 
231840.8711       310563.2050       3.8532e-12       0.0000 
231840.8711       310563.2050       7.0913e-08       -0.1503 
231840.8711       310563.2050       1.4182e-07       -0.3007 
231840.8711       310563.2050       2.1273e-07       -0.4510 
231840.8711       310563.2050       2.8364e-07       -0.6013 
231840.8711       310563.2050       3.5455e-07       -0.7516 
231840.8711       310563.2050       4.2546e-07       -0.9020 
231840.8711       310563.2050       4.9637e-07       -1.0523 
231840.8711       310563.2050       5.6728e-07       -1.2026 
231840.8711       310563.2050       6.3818e-07       -1.3530 
231840.8711       310563.2050       7.0909e-07       -1.5033 
231840.8711       310563.2050       7.8000e-07       -1.6536 
231840.8711       310563.2050       8.5091e-07       -1.8039 
231840.8711       310563.2050       9.2182e-07       -1.9543 
231840.8711       310563.2050       9.9273e-07       -2.1046 
231840.8711       310563.2050       1.0636e-06       -2.2549 
231840.8711       310563.2050       1.1345e-06       -2.4053 
231840.8711       310563.2050       1.2055e-06       -2.5556 
231840.8711       310563.2050       1.2764e-06       -2.7059 
310563.2050       416015.9675       0.0000e+00       0.0000 
310563.2050       416015.9675       3.4846e-12       -0.0000 
310563.2050       416015.9675       9.5830e-08       -0.1503 
310563.2050       416015.9675       1.9166e-07       -0.3007 
310563.2050       416015.9675       2.8748e-07       -0.4510 
310563.2050       416015.9675       3.8331e-07       -0.6013 
310563.2050       416015.9675       4.7913e-07       -0.7516 
310563.2050       416015.9675       5.7496e-07       -0.9020 
310563.2050       416015.9675       6.7079e-07       -1.0523 
310563.2050       416015.9675       7.6661e-07       -1.2026 
310563.2050       416015.9675       8.6244e-07       -1.3529 
310563.2050       416015.9675       9.5827e-07       -1.5033 
310563.2050       416015.9675       1.0541e-06       -1.6536 
310563.2050       416015.9675       1.1499e-06       -1.8039 
310563.2050       416015.9675       1.2457e-06       -1.9543 
310563.2050       416015.9675       1.3416e-06       -2.1046 
310563.2050       416015.9675       1.4374e-06       -2.2549 
310563.2050       416015.9675       1.5332e-06       -2.4052 
310563.2050       416015.9675       1.6291e-06       -2.5556 
310563.2050       416015.9675       1.7249e-06       -2.7059 
416015.9675       557275.5639       0.0000e+00       0.0000 
416015.9675       557275.5639       3.1240e-12       -0.0000 
416015.9675       557275.5639       1.3067e-07       -0.1503 
416015.9675       557275.5639       2.6133e-07       -0.3007 
416015.9675       557275.5639       3.9200e-07       -0.4510 
416015.9675       557275.5639       5.2266e-07       -0.6013 
416015.9675       557275.5639       6.5333e-07       -0.7516 
416015.9675       557275.5639       7.8399e-07       -0.9020 
416015.9675       557275.5639       9.1466e-07       -1.0523 
416015.9675       557275.5639       1.0453e-06       -1.2026 
416015.9675       557275.5639       1.1760e-06       -1.3529 
416015.9675       557275.5639       1.3067e-06       -1.5033 
416015.9675       557275.5639       1.4373e-06       -1.6536 
416015.9675       557275.5639       1.5680e-06       -1.8039 
416015.9675       557275.5639       1.6986e-06       -1.9543 
416015.9675       557275.5639       1.8293e-06       -2.1046 
416015.9675       557275.5639       1.9600e-06       -2.2549 
416015.9675       557275.5639       2.0906e-06       -2.4052 
416015.9675       557275.5639       2.2213e-06       -2.5556 
416015.9675       557275.5639       2.3520e-06       -2.7059 
557275.5639       746517.5120       0.0000e+00       0.0000 
557275.5639       746517.5120       2.8150e-12       -0.0000 
557275.5639       746517.5120       1.7941e-07       -0.1503 
557275.5639       746517.5120       3.5883e-07       -0.3007 
557275.5639       746517.5120       5.3824e-07       -0.4510 
557275.5639       746517.5120       7.1765e-07       -0.6013 
557275.5639       746517.5120       8.9706e-07       -0.7516 
557275.5639       746517.5120       1.0765e-06       -0.9020 
557275.5639       746517.5120       1.2559e-06       -1.0523 
557275.5639       746517.5120       1.4353e-06       -1.2026 
557275.5639       746517.5120       1.6147e-06       -1.3530 
557275.5639       746517.5120       1.7941e-06       -1.5033 
557275.5639       746517.5120       1.9735e-06       -1.6536 
557275.5639       746517.5120       2.1529e-06       -1.8039 
557275.5639       746517.5120       2.3323e-06       -1.9543 
557275.5639       746517.5120       2.5118e-06       -2.1046 
557275.5639       746517.5120       2.6912e-06       -2.2549 
557275.5639       746517.5120       2.8706e-06       -2.4052 
557275.5639       746517.5120       3.0500e-06       -2.5556 
557275.5639       746517.5120       3.2294e-06       -2.7059 
746517.5120       1000000.0000       0.0000e+00       -0.0000 
746517.5120       1000000.0000       2.5372e-12       0.0000 
746517.5120       1000000.0000       2.6117e-07       -0.1503 
746517.5120       1000000.0000       5.2233e-07       -0.3007 
746517.5120       1000000.0000       7.8350e-07       -0.4510 
746517.5120       1000000.0000       1.0447e-06       -0.6013 
746517.5120       1000000.0000       1.3058e-06       -0.7516 
746517.5120       1000000.0000       1.5670e-06       -0.9020 
746517.5120       1000000.0000       1.8282e-06       -1.0523 
746517.5120       1000000.0000       2.0893e-06       -1.2026 
746517.5120       1000000.0000       2.3505e-06       -1.3529 
746517.5120       1000000.0000       2.6116e-06       -1.5033 
746517.5120       1000000.0000       2.8728e-06       -1.6536 
746517.5120       1000000.0000       3.1340e-06       -1.8039 
746517.5120       1000000.0000       3.3951e-06       -1.9543 
746517.5120       1000000.0000       3.6563e-06       -2.1046 
746517.5120       1000000.0000       3.9175e-06       -2.2549 
746517.5120       1000000.0000       4.1786e-06       -2.4052 
746517.5120       1000000.0000       4.4398e-06       -2.5556 
746517.5120       1000000.0000       4.7010e-06       -2.7059 
