#Cetus_3  Log10(Jfactor)=17.300   sigmaJ=0.600 
#[0]emin(MeV) [1]emax(MeV) [2]eflux(MeV/cm^2/s) [3]deltaLogLike 
500.0000       669.7766       0.0000e+00       0.0000 
500.0000       669.7766       8.3525e-12       -0.0003 
500.0000       669.7766       2.9037e-09       -0.1061 
500.0000       669.7766       5.7991e-09       -0.2177 
500.0000       669.7766       8.6944e-09       -0.3350 
500.0000       669.7766       1.1590e-08       -0.4579 
500.0000       669.7766       1.4485e-08       -0.5863 
500.0000       669.7766       1.7380e-08       -0.7200 
500.0000       669.7766       2.0276e-08       -0.8590 
500.0000       669.7766       2.3171e-08       -1.0031 
500.0000       669.7766       2.6067e-08       -1.1521 
500.0000       669.7766       2.8962e-08       -1.3062 
500.0000       669.7766       3.1857e-08       -1.4650 
500.0000       669.7766       3.4753e-08       -1.6286 
500.0000       669.7766       3.7648e-08       -1.7968 
500.0000       669.7766       4.0543e-08       -1.9696 
500.0000       669.7766       4.3439e-08       -2.1468 
500.0000       669.7766       4.6334e-08       -2.3285 
500.0000       669.7766       4.9229e-08       -2.5145 
500.0000       669.7766       5.2125e-08       -2.7048 
669.7766       897.2222       0.0000e+00       -0.0632 
669.7766       897.2222       4.7453e-11       -0.0626 
669.7766       897.2222       4.9908e-09       -0.0168 
669.7766       897.2222       9.9342e-09       0.0000 
669.7766       897.2222       1.4878e-08       -0.0106 
669.7766       897.2222       1.9821e-08       -0.0471 
669.7766       897.2222       2.4764e-08       -0.1081 
669.7766       897.2222       2.9708e-08       -0.1924 
669.7766       897.2222       3.4651e-08       -0.2990 
669.7766       897.2222       3.9594e-08       -0.4268 
669.7766       897.2222       4.4538e-08       -0.5749 
669.7766       897.2222       4.9481e-08       -0.7424 
669.7766       897.2222       5.4424e-08       -0.9287 
669.7766       897.2222       5.9368e-08       -1.1330 
669.7766       897.2222       6.4311e-08       -1.3546 
669.7766       897.2222       6.9255e-08       -1.5929 
669.7766       897.2222       7.4198e-08       -1.8474 
669.7766       897.2222       7.9141e-08       -2.1176 
669.7766       897.2222       8.4085e-08       -2.4028 
669.7766       897.2222       8.9028e-08       -2.7027 
897.2222       1201.8769       0.0000e+00       0.0000 
897.2222       1201.8769       1.1501e-12       -0.0001 
897.2222       1201.8769       2.1543e-09       -0.1072 
897.2222       1201.8769       4.3075e-09       -0.2205 
897.2222       1201.8769       6.4606e-09       -0.3396 
897.2222       1201.8769       8.6138e-09       -0.4642 
897.2222       1201.8769       1.0767e-08       -0.5943 
897.2222       1201.8769       1.2920e-08       -0.7296 
897.2222       1201.8769       1.5073e-08       -0.8699 
897.2222       1201.8769       1.7226e-08       -1.0151 
897.2222       1201.8769       1.9380e-08       -1.1650 
897.2222       1201.8769       2.1533e-08       -1.3195 
897.2222       1201.8769       2.3686e-08       -1.4784 
897.2222       1201.8769       2.5839e-08       -1.6417 
897.2222       1201.8769       2.7992e-08       -1.8091 
897.2222       1201.8769       3.0145e-08       -1.9806 
897.2222       1201.8769       3.2299e-08       -2.1560 
897.2222       1201.8769       3.4452e-08       -2.3353 
897.2222       1201.8769       3.6605e-08       -2.5184 
897.2222       1201.8769       3.8758e-08       -2.7052 
1201.8769       1609.9782       0.0000e+00       0.0000 
1201.8769       1609.9782       9.0908e-12       -0.0003 
1201.8769       1609.9782       2.3090e-09       -0.0918 
1201.8769       1609.9782       4.6089e-09       -0.1925 
1201.8769       1609.9782       6.9088e-09       -0.3019 
1201.8769       1609.9782       9.2087e-09       -0.4192 
1201.8769       1609.9782       1.1509e-08       -0.5441 
1201.8769       1609.9782       1.3809e-08       -0.6761 
1201.8769       1609.9782       1.6108e-08       -0.8148 
1201.8769       1609.9782       1.8408e-08       -0.9600 
1201.8769       1609.9782       2.0708e-08       -1.1111 
1201.8769       1609.9782       2.3008e-08       -1.2681 
1201.8769       1609.9782       2.5308e-08       -1.4306 
1201.8769       1609.9782       2.7608e-08       -1.5983 
1201.8769       1609.9782       2.9908e-08       -1.7711 
1201.8769       1609.9782       3.2208e-08       -1.9487 
1201.8769       1609.9782       3.4508e-08       -2.1310 
1201.8769       1609.9782       3.6808e-08       -2.3177 
1201.8769       1609.9782       3.9108e-08       -2.5087 
1201.8769       1609.9782       4.1407e-08       -2.7039 
1609.9782       2156.6516       0.0000e+00       0.0000 
1609.9782       2156.6516       1.8195e-11       -0.0002 
1609.9782       2156.6516       3.0152e-09       -0.0487 
1609.9782       2156.6516       6.0123e-09       -0.1149 
1609.9782       2156.6516       9.0093e-09       -0.1970 
1609.9782       2156.6516       1.2006e-08       -0.2935 
1609.9782       2156.6516       1.5003e-08       -0.4034 
1609.9782       2156.6516       1.8000e-08       -0.5256 
1609.9782       2156.6516       2.0997e-08       -0.6590 
1609.9782       2156.6516       2.3994e-08       -0.8030 
1609.9782       2156.6516       2.6992e-08       -0.9569 
1609.9782       2156.6516       2.9989e-08       -1.1200 
1609.9782       2156.6516       3.2986e-08       -1.2918 
1609.9782       2156.6516       3.5983e-08       -1.4719 
1609.9782       2156.6516       3.8980e-08       -1.6597 
1609.9782       2156.6516       4.1977e-08       -1.8549 
1609.9782       2156.6516       4.4974e-08       -2.0572 
1609.9782       2156.6516       4.7971e-08       -2.2662 
1609.9782       2156.6516       5.0968e-08       -2.4816 
1609.9782       2156.6516       5.3965e-08       -2.7031 
2156.6516       2889.0164       0.0000e+00       0.0000 
2156.6516       2889.0164       1.2105e-11       -0.0004 
2156.6516       2889.0164       2.2713e-09       -0.0793 
2156.6516       2889.0164       4.5305e-09       -0.1722 
2156.6516       2889.0164       6.7897e-09       -0.2773 
2156.6516       2889.0164       9.0489e-09       -0.3929 
2156.6516       2889.0164       1.1308e-08       -0.5180 
2156.6516       2889.0164       1.3567e-08       -0.6514 
2156.6516       2889.0164       1.5826e-08       -0.7925 
2156.6516       2889.0164       1.8086e-08       -0.9405 
2156.6516       2889.0164       2.0345e-08       -1.0948 
2156.6516       2889.0164       2.2604e-08       -1.2550 
2156.6516       2889.0164       2.4863e-08       -1.4207 
2156.6516       2889.0164       2.7122e-08       -1.5914 
2156.6516       2889.0164       2.9382e-08       -1.7668 
2156.6516       2889.0164       3.1641e-08       -1.9467 
2156.6516       2889.0164       3.3900e-08       -2.1308 
2156.6516       2889.0164       3.6159e-08       -2.3189 
2156.6516       2889.0164       3.8418e-08       -2.5107 
2156.6516       2889.0164       4.0677e-08       -2.7060 
2889.0164       3869.9914       0.0000e+00       0.0000 
2889.0164       3869.9914       3.0624e-11       -0.0000 
2889.0164       3869.9914       3.9792e-09       -0.0194 
2889.0164       3869.9914       7.9278e-09       -0.0669 
2889.0164       3869.9914       1.1876e-08       -0.1376 
2889.0164       3869.9914       1.5825e-08       -0.2279 
2889.0164       3869.9914       1.9774e-08       -0.3353 
2889.0164       3869.9914       2.3722e-08       -0.4576 
2889.0164       3869.9914       2.7671e-08       -0.5934 
2889.0164       3869.9914       3.1619e-08       -0.7411 
2889.0164       3869.9914       3.5568e-08       -0.8998 
2889.0164       3869.9914       3.9516e-08       -1.0685 
2889.0164       3869.9914       4.3465e-08       -1.2465 
2889.0164       3869.9914       4.7414e-08       -1.4330 
2889.0164       3869.9914       5.1362e-08       -1.6274 
2889.0164       3869.9914       5.5311e-08       -1.8293 
2889.0164       3869.9914       5.9259e-08       -2.0381 
2889.0164       3869.9914       6.3208e-08       -2.2536 
2889.0164       3869.9914       6.7157e-08       -2.4752 
2889.0164       3869.9914       7.1105e-08       -2.7027 
3869.9914       5184.0598       0.0000e+00       0.0000 
3869.9914       5184.0598       2.1117e-13       -0.0000 
3869.9914       5184.0598       2.3459e-09       -0.1369 
3869.9914       5184.0598       4.6915e-09       -0.2758 
3869.9914       5184.0598       7.0372e-09       -0.4165 
3869.9914       5184.0598       9.3829e-09       -0.5589 
3869.9914       5184.0598       1.1729e-08       -0.7031 
3869.9914       5184.0598       1.4074e-08       -0.8488 
3869.9914       5184.0598       1.6420e-08       -0.9962 
3869.9914       5184.0598       1.8766e-08       -1.1450 
3869.9914       5184.0598       2.1111e-08       -1.2953 
3869.9914       5184.0598       2.3457e-08       -1.4470 
3869.9914       5184.0598       2.5802e-08       -1.6001 
3869.9914       5184.0598       2.8148e-08       -1.7544 
3869.9914       5184.0598       3.0494e-08       -1.9100 
3869.9914       5184.0598       3.2839e-08       -2.0669 
3869.9914       5184.0598       3.5185e-08       -2.2249 
3869.9914       5184.0598       3.7531e-08       -2.3840 
3869.9914       5184.0598       3.9876e-08       -2.5443 
3869.9914       5184.0598       4.2222e-08       -2.7056 
5184.0598       6944.3244       0.0000e+00       0.0000 
5184.0598       6944.3244       2.0661e-11       -0.0002 
5184.0598       6944.3244       3.5523e-09       -0.0499 
5184.0598       6944.3244       7.0839e-09       -0.1252 
5184.0598       6944.3244       1.0616e-08       -0.2204 
5184.0598       6944.3244       1.4147e-08       -0.3314 
5184.0598       6944.3244       1.7679e-08       -0.4555 
5184.0598       6944.3244       2.1210e-08       -0.5906 
5184.0598       6944.3244       2.4742e-08       -0.7351 
5184.0598       6944.3244       2.8274e-08       -0.8876 
5184.0598       6944.3244       3.1805e-08       -1.0472 
5184.0598       6944.3244       3.5337e-08       -1.2131 
5184.0598       6944.3244       3.8869e-08       -1.3845 
5184.0598       6944.3244       4.2400e-08       -1.5609 
5184.0598       6944.3244       4.5932e-08       -1.7419 
5184.0598       6944.3244       4.9464e-08       -1.9269 
5184.0598       6944.3244       5.2995e-08       -2.1157 
5184.0598       6944.3244       5.6527e-08       -2.3079 
5184.0598       6944.3244       6.0058e-08       -2.5033 
5184.0598       6944.3244       6.3590e-08       -2.7016 
6944.3244       9302.5069       0.0000e+00       -0.2043 
6944.3244       9302.5069       1.7035e-08       0.0000 
6944.3244       9302.5069       2.3070e-08       -0.0179 
6944.3244       9302.5069       2.9105e-08       -0.0662 
6944.3244       9302.5069       3.5141e-08       -0.1393 
6944.3244       9302.5069       4.1176e-08       -0.2330 
6944.3244       9302.5069       4.7211e-08       -0.3443 
6944.3244       9302.5069       5.3247e-08       -0.4706 
6944.3244       9302.5069       5.9282e-08       -0.6101 
6944.3244       9302.5069       6.5317e-08       -0.7613 
6944.3244       9302.5069       7.1352e-08       -0.9228 
6944.3244       9302.5069       7.7388e-08       -1.0936 
6944.3244       9302.5069       8.3423e-08       -1.2729 
6944.3244       9302.5069       8.9458e-08       -1.4597 
6944.3244       9302.5069       9.5494e-08       -1.6536 
6944.3244       9302.5069       1.0153e-07       -1.8538 
6944.3244       9302.5069       1.0756e-07       -2.0599 
6944.3244       9302.5069       1.1360e-07       -2.2715 
6944.3244       9302.5069       1.1963e-07       -2.4881 
6944.3244       9302.5069       1.2567e-07       -2.7095 
9302.5069       12461.2038       0.0000e+00       -0.0000 
9302.5069       12461.2038       1.1501e-13       0.0000 
9302.5069       12461.2038       3.3976e-09       -0.1496 
9302.5069       12461.2038       6.7950e-09       -0.2993 
9302.5069       12461.2038       1.0192e-08       -0.4491 
9302.5069       12461.2038       1.3590e-08       -0.5990 
9302.5069       12461.2038       1.6987e-08       -0.7489 
9302.5069       12461.2038       2.0385e-08       -0.8990 
9302.5069       12461.2038       2.3782e-08       -1.0491 
9302.5069       12461.2038       2.7180e-08       -1.1993 
9302.5069       12461.2038       3.0577e-08       -1.3496 
9302.5069       12461.2038       3.3975e-08       -1.5000 
9302.5069       12461.2038       3.7372e-08       -1.6505 
9302.5069       12461.2038       4.0769e-08       -1.8010 
9302.5069       12461.2038       4.4167e-08       -1.9516 
9302.5069       12461.2038       4.7564e-08       -2.1023 
9302.5069       12461.2038       5.0962e-08       -2.2531 
9302.5069       12461.2038       5.4359e-08       -2.4040 
9302.5069       12461.2038       5.7757e-08       -2.5549 
9302.5069       12461.2038       6.1154e-08       -2.7059 
12461.2038       16692.4468       0.0000e+00       -0.2995 
12461.2038       16692.4468       2.7307e-08       0.0000 
12461.2038       16692.4468       3.6361e-08       -0.0218 
12461.2038       16692.4468       4.5415e-08       -0.0762 
12461.2038       16692.4468       5.4469e-08       -0.1561 
12461.2038       16692.4468       6.3523e-08       -0.2563 
12461.2038       16692.4468       7.2577e-08       -0.3732 
12461.2038       16692.4468       8.1631e-08       -0.5043 
12461.2038       16692.4468       9.0685e-08       -0.6475 
12461.2038       16692.4468       9.9739e-08       -0.8011 
12461.2038       16692.4468       1.0879e-07       -0.9638 
12461.2038       16692.4468       1.1785e-07       -1.1347 
12461.2038       16692.4468       1.2690e-07       -1.3128 
12461.2038       16692.4468       1.3595e-07       -1.4973 
12461.2038       16692.4468       1.4501e-07       -1.6877 
12461.2038       16692.4468       1.5406e-07       -1.8835 
12461.2038       16692.4468       1.6312e-07       -2.0841 
12461.2038       16692.4468       1.7217e-07       -2.2892 
12461.2038       16692.4468       1.8122e-07       -2.4984 
12461.2038       16692.4468       1.9028e-07       -2.7114 
16692.4468       22360.9371       0.0000e+00       0.0000 
16692.4468       22360.9371       4.2562e-12       -0.0001 
16692.4468       22360.9371       6.4468e-09       -0.1462 
16692.4468       22360.9371       1.2889e-08       -0.2929 
16692.4468       22360.9371       1.9332e-08       -0.4402 
16692.4468       22360.9371       2.5774e-08       -0.5880 
16692.4468       22360.9371       3.2217e-08       -0.7364 
16692.4468       22360.9371       3.8660e-08       -0.8854 
16692.4468       22360.9371       4.5102e-08       -1.0348 
16692.4468       22360.9371       5.1545e-08       -1.1847 
16692.4468       22360.9371       5.7987e-08       -1.3350 
16692.4468       22360.9371       6.4430e-08       -1.4858 
16692.4468       22360.9371       7.0872e-08       -1.6370 
16692.4468       22360.9371       7.7315e-08       -1.7886 
16692.4468       22360.9371       8.3757e-08       -1.9406 
16692.4468       22360.9371       9.0200e-08       -2.0929 
16692.4468       22360.9371       9.6643e-08       -2.2457 
16692.4468       22360.9371       1.0309e-07       -2.3987 
16692.4468       22360.9371       1.0953e-07       -2.5521 
16692.4468       22360.9371       1.1597e-07       -2.7058 
22360.9371       29953.6672       0.0000e+00       0.0000 
22360.9371       29953.6672       1.0570e-11       -0.0002 
22360.9371       29953.6672       7.7395e-09       -0.1500 
22360.9371       29953.6672       1.5468e-08       -0.2999 
22360.9371       29953.6672       2.3197e-08       -0.4499 
22360.9371       29953.6672       3.0926e-08       -0.5999 
22360.9371       29953.6672       3.8655e-08       -0.7499 
22360.9371       29953.6672       4.6384e-08       -0.9001 
22360.9371       29953.6672       5.4113e-08       -1.0503 
22360.9371       29953.6672       6.1842e-08       -1.2005 
22360.9371       29953.6672       6.9571e-08       -1.3508 
22360.9371       29953.6672       7.7300e-08       -1.5012 
22360.9371       29953.6672       8.5029e-08       -1.6516 
22360.9371       29953.6672       9.2758e-08       -1.8020 
22360.9371       29953.6672       1.0049e-07       -1.9525 
22360.9371       29953.6672       1.0822e-07       -2.1031 
22360.9371       29953.6672       1.1595e-07       -2.2537 
22360.9371       29953.6672       1.2367e-07       -2.4044 
22360.9371       29953.6672       1.3140e-07       -2.5551 
22360.9371       29953.6672       1.3913e-07       -2.7059 
29953.6672       40124.5339       0.0000e+00       0.0000 
29953.6672       40124.5339       1.1452e-11       -0.0002 
29953.6672       40124.5339       1.0383e-08       -0.1496 
29953.6672       40124.5339       2.0754e-08       -0.2991 
29953.6672       40124.5339       3.1125e-08       -0.4487 
29953.6672       40124.5339       4.1497e-08       -0.5984 
29953.6672       40124.5339       5.1868e-08       -0.7483 
29953.6672       40124.5339       6.2239e-08       -0.8983 
29953.6672       40124.5339       7.2610e-08       -1.0484 
29953.6672       40124.5339       8.2982e-08       -1.1985 
29953.6672       40124.5339       9.3353e-08       -1.3488 
29953.6672       40124.5339       1.0372e-07       -1.4992 
29953.6672       40124.5339       1.1410e-07       -1.6497 
29953.6672       40124.5339       1.2447e-07       -1.8003 
29953.6672       40124.5339       1.3484e-07       -1.9510 
29953.6672       40124.5339       1.4521e-07       -2.1018 
29953.6672       40124.5339       1.5558e-07       -2.2527 
29953.6672       40124.5339       1.6595e-07       -2.4037 
29953.6672       40124.5339       1.7632e-07       -2.5547 
29953.6672       40124.5339       1.8669e-07       -2.7059 
40124.5339       53748.9519       0.0000e+00       0.0000 
40124.5339       53748.9519       1.2820e-11       -0.0001 
40124.5339       53748.9519       1.2873e-08       -0.1504 
40124.5339       53748.9519       2.5733e-08       -0.3007 
40124.5339       53748.9519       3.8593e-08       -0.4510 
40124.5339       53748.9519       5.1453e-08       -0.6013 
40124.5339       53748.9519       6.4313e-08       -0.7516 
40124.5339       53748.9519       7.7172e-08       -0.9019 
40124.5339       53748.9519       9.0032e-08       -1.0522 
40124.5339       53748.9519       1.0289e-07       -1.2026 
40124.5339       53748.9519       1.1575e-07       -1.3529 
40124.5339       53748.9519       1.2861e-07       -1.5032 
40124.5339       53748.9519       1.4147e-07       -1.6535 
40124.5339       53748.9519       1.5433e-07       -1.8038 
40124.5339       53748.9519       1.6719e-07       -1.9542 
40124.5339       53748.9519       1.8005e-07       -2.1045 
40124.5339       53748.9519       1.9291e-07       -2.2549 
40124.5339       53748.9519       2.0577e-07       -2.4052 
40124.5339       53748.9519       2.1863e-07       -2.5555 
40124.5339       53748.9519       2.3149e-07       -2.7059 
53748.9519       72001.2440       0.0000e+00       0.0000 
53748.9519       72001.2440       2.6146e-11       -0.0002 
53748.9519       72001.2440       1.7033e-08       -0.1505 
53748.9519       72001.2440       3.4039e-08       -0.3009 
53748.9519       72001.2440       5.1046e-08       -0.4512 
53748.9519       72001.2440       6.8052e-08       -0.6015 
53748.9519       72001.2440       8.5059e-08       -0.7518 
53748.9519       72001.2440       1.0207e-07       -0.9021 
53748.9519       72001.2440       1.1907e-07       -1.0524 
53748.9519       72001.2440       1.3608e-07       -1.2027 
53748.9519       72001.2440       1.5309e-07       -1.3531 
53748.9519       72001.2440       1.7009e-07       -1.5034 
53748.9519       72001.2440       1.8710e-07       -1.6537 
53748.9519       72001.2440       2.0410e-07       -1.8040 
53748.9519       72001.2440       2.2111e-07       -1.9543 
53748.9519       72001.2440       2.3812e-07       -2.1046 
53748.9519       72001.2440       2.5512e-07       -2.2549 
53748.9519       72001.2440       2.7213e-07       -2.4053 
53748.9519       72001.2440       2.8914e-07       -2.5556 
53748.9519       72001.2440       3.0614e-07       -2.7059 
72001.2440       96449.5043       0.0000e+00       0.0000 
72001.2440       96449.5043       2.5477e-11       -0.0002 
72001.2440       96449.5043       2.2907e-08       -0.1505 
72001.2440       96449.5043       4.5789e-08       -0.3008 
72001.2440       96449.5043       6.8671e-08       -0.4511 
72001.2440       96449.5043       9.1553e-08       -0.6014 
72001.2440       96449.5043       1.1443e-07       -0.7518 
72001.2440       96449.5043       1.3732e-07       -0.9021 
72001.2440       96449.5043       1.6020e-07       -1.0524 
72001.2440       96449.5043       1.8308e-07       -1.2027 
72001.2440       96449.5043       2.0596e-07       -1.3530 
72001.2440       96449.5043       2.2884e-07       -1.5033 
72001.2440       96449.5043       2.5172e-07       -1.6537 
72001.2440       96449.5043       2.7461e-07       -1.8040 
72001.2440       96449.5043       2.9749e-07       -1.9543 
72001.2440       96449.5043       3.2037e-07       -2.1046 
72001.2440       96449.5043       3.4325e-07       -2.2549 
72001.2440       96449.5043       3.6613e-07       -2.4053 
72001.2440       96449.5043       3.8902e-07       -2.5556 
72001.2440       96449.5043       4.1190e-07       -2.7059 
96449.5043       129199.2522       0.0000e+00       0.0000 
96449.5043       129199.2522       3.1696e-11       -0.0002 
96449.5043       129199.2522       3.0823e-08       -0.1505 
96449.5043       129199.2522       6.1615e-08       -0.3008 
96449.5043       129199.2522       9.2406e-08       -0.4511 
96449.5043       129199.2522       1.2320e-07       -0.6014 
96449.5043       129199.2522       1.5399e-07       -0.7517 
96449.5043       129199.2522       1.8478e-07       -0.9021 
96449.5043       129199.2522       2.1557e-07       -1.0524 
96449.5043       129199.2522       2.4636e-07       -1.2027 
96449.5043       129199.2522       2.7716e-07       -1.3530 
96449.5043       129199.2522       3.0795e-07       -1.5033 
96449.5043       129199.2522       3.3874e-07       -1.6537 
96449.5043       129199.2522       3.6953e-07       -1.8040 
96449.5043       129199.2522       4.0032e-07       -1.9543 
96449.5043       129199.2522       4.3111e-07       -2.1046 
96449.5043       129199.2522       4.6190e-07       -2.2549 
96449.5043       129199.2522       4.9270e-07       -2.4053 
96449.5043       129199.2522       5.2349e-07       -2.5556 
96449.5043       129199.2522       5.5428e-07       -2.7059 
129199.2522       173069.2852       0.0000e+00       0.0000 
129199.2522       173069.2852       3.4220e-11       -0.0001 
129199.2522       173069.2852       4.1647e-08       -0.1504 
129199.2522       173069.2852       8.3259e-08       -0.3008 
129199.2522       173069.2852       1.2487e-07       -0.4511 
129199.2522       173069.2852       1.6648e-07       -0.6014 
129199.2522       173069.2852       2.0810e-07       -0.7517 
129199.2522       173069.2852       2.4971e-07       -0.9020 
129199.2522       173069.2852       2.9132e-07       -1.0524 
129199.2522       173069.2852       3.3293e-07       -1.2027 
129199.2522       173069.2852       3.7455e-07       -1.3530 
129199.2522       173069.2852       4.1616e-07       -1.5033 
129199.2522       173069.2852       4.5777e-07       -1.6536 
129199.2522       173069.2852       4.9938e-07       -1.8040 
129199.2522       173069.2852       5.4100e-07       -1.9543 
129199.2522       173069.2852       5.8261e-07       -2.1046 
129199.2522       173069.2852       6.2422e-07       -2.2549 
129199.2522       173069.2852       6.6583e-07       -2.4053 
129199.2522       173069.2852       7.0745e-07       -2.5556 
129199.2522       173069.2852       7.4906e-07       -2.7059 
173069.2852       231840.8711       0.0000e+00       0.0000 
173069.2852       231840.8711       3.6929e-11       -0.0001 
173069.2852       231840.8711       5.6240e-08       -0.1504 
173069.2852       231840.8711       1.1244e-07       -0.3007 
173069.2852       231840.8711       1.6864e-07       -0.4510 
173069.2852       231840.8711       2.2485e-07       -0.6013 
173069.2852       231840.8711       2.8105e-07       -0.7517 
173069.2852       231840.8711       3.3725e-07       -0.9020 
173069.2852       231840.8711       3.9346e-07       -1.0523 
173069.2852       231840.8711       4.4966e-07       -1.2026 
173069.2852       231840.8711       5.0586e-07       -1.3529 
173069.2852       231840.8711       5.6206e-07       -1.5033 
173069.2852       231840.8711       6.1827e-07       -1.6536 
173069.2852       231840.8711       6.7447e-07       -1.8039 
173069.2852       231840.8711       7.3067e-07       -1.9542 
173069.2852       231840.8711       7.8687e-07       -2.1046 
173069.2852       231840.8711       8.4308e-07       -2.2549 
173069.2852       231840.8711       8.9928e-07       -2.4052 
173069.2852       231840.8711       9.5548e-07       -2.5556 
173069.2852       231840.8711       1.0117e-06       -2.7059 
231840.8711       310563.2050       0.0000e+00       0.0000 
231840.8711       310563.2050       4.0020e-11       -0.0001 
231840.8711       310563.2050       7.5020e-08       -0.1504 
231840.8711       310563.2050       1.5000e-07       -0.3007 
231840.8711       310563.2050       2.2498e-07       -0.4510 
231840.8711       310563.2050       2.9996e-07       -0.6014 
231840.8711       310563.2050       3.7494e-07       -0.7517 
231840.8711       310563.2050       4.4992e-07       -0.9020 
231840.8711       310563.2050       5.2490e-07       -1.0523 
231840.8711       310563.2050       5.9988e-07       -1.2027 
231840.8711       310563.2050       6.7486e-07       -1.3530 
231840.8711       310563.2050       7.4984e-07       -1.5033 
231840.8711       310563.2050       8.2482e-07       -1.6536 
231840.8711       310563.2050       8.9980e-07       -1.8040 
231840.8711       310563.2050       9.7478e-07       -1.9543 
231840.8711       310563.2050       1.0498e-06       -2.1046 
231840.8711       310563.2050       1.1247e-06       -2.2549 
231840.8711       310563.2050       1.1997e-06       -2.4053 
231840.8711       310563.2050       1.2747e-06       -2.5556 
231840.8711       310563.2050       1.3497e-06       -2.7059 
310563.2050       416015.9675       0.0000e+00       0.0000 
310563.2050       416015.9675       3.9702e-11       -0.0001 
310563.2050       416015.9675       1.0148e-07       -0.1504 
310563.2050       416015.9675       2.0293e-07       -0.3007 
310563.2050       416015.9675       3.0437e-07       -0.4510 
310563.2050       416015.9675       4.0581e-07       -0.6014 
310563.2050       416015.9675       5.0726e-07       -0.7517 
310563.2050       416015.9675       6.0870e-07       -0.9020 
310563.2050       416015.9675       7.1014e-07       -1.0523 
310563.2050       416015.9675       8.1159e-07       -1.2027 
310563.2050       416015.9675       9.1303e-07       -1.3530 
310563.2050       416015.9675       1.0145e-06       -1.5033 
310563.2050       416015.9675       1.1159e-06       -1.6536 
310563.2050       416015.9675       1.2174e-06       -1.8039 
310563.2050       416015.9675       1.3188e-06       -1.9543 
310563.2050       416015.9675       1.4202e-06       -2.1046 
310563.2050       416015.9675       1.5217e-06       -2.2549 
310563.2050       416015.9675       1.6231e-06       -2.4052 
310563.2050       416015.9675       1.7246e-06       -2.5556 
310563.2050       416015.9675       1.8260e-06       -2.7059 
416015.9675       557275.5639       0.0000e+00       0.0000 
416015.9675       557275.5639       4.0938e-11       -0.0000 
416015.9675       557275.5639       1.3852e-07       -0.1504 
416015.9675       557275.5639       2.7700e-07       -0.3007 
416015.9675       557275.5639       4.1548e-07       -0.4510 
416015.9675       557275.5639       5.5396e-07       -0.6013 
416015.9675       557275.5639       6.9244e-07       -0.7517 
416015.9675       557275.5639       8.3092e-07       -0.9020 
416015.9675       557275.5639       9.6940e-07       -1.0523 
416015.9675       557275.5639       1.1079e-06       -1.2026 
416015.9675       557275.5639       1.2464e-06       -1.3530 
416015.9675       557275.5639       1.3848e-06       -1.5033 
416015.9675       557275.5639       1.5233e-06       -1.6536 
416015.9675       557275.5639       1.6618e-06       -1.8039 
416015.9675       557275.5639       1.8003e-06       -1.9543 
416015.9675       557275.5639       1.9388e-06       -2.1046 
416015.9675       557275.5639       2.0772e-06       -2.2549 
416015.9675       557275.5639       2.2157e-06       -2.4052 
416015.9675       557275.5639       2.3542e-06       -2.5556 
416015.9675       557275.5639       2.4927e-06       -2.7059 
557275.5639       746517.5120       0.0000e+00       0.0000 
557275.5639       746517.5120       4.2294e-11       -0.0000 
557275.5639       746517.5120       1.9134e-07       -0.1504 
557275.5639       746517.5120       3.8263e-07       -0.3007 
557275.5639       746517.5120       5.7393e-07       -0.4510 
557275.5639       746517.5120       7.6523e-07       -0.6013 
557275.5639       746517.5120       9.5652e-07       -0.7517 
557275.5639       746517.5120       1.1478e-06       -0.9020 
557275.5639       746517.5120       1.3391e-06       -1.0523 
557275.5639       746517.5120       1.5304e-06       -1.2026 
557275.5639       746517.5120       1.7217e-06       -1.3530 
557275.5639       746517.5120       1.9130e-06       -1.5033 
557275.5639       746517.5120       2.1043e-06       -1.6536 
557275.5639       746517.5120       2.2956e-06       -1.8039 
557275.5639       746517.5120       2.4869e-06       -1.9543 
557275.5639       746517.5120       2.6782e-06       -2.1046 
557275.5639       746517.5120       2.8695e-06       -2.2549 
557275.5639       746517.5120       3.0608e-06       -2.4052 
557275.5639       746517.5120       3.2521e-06       -2.5556 
557275.5639       746517.5120       3.4434e-06       -2.7059 
746517.5120       1000000.0000       0.0000e+00       0.0000 
746517.5120       1000000.0000       4.3377e-11       -0.0000 
746517.5120       1000000.0000       2.7872e-07       -0.1503 
746517.5120       1000000.0000       5.5740e-07       -0.3007 
746517.5120       1000000.0000       8.3607e-07       -0.4510 
746517.5120       1000000.0000       1.1148e-06       -0.6013 
746517.5120       1000000.0000       1.3934e-06       -0.7517 
746517.5120       1000000.0000       1.6721e-06       -0.9020 
746517.5120       1000000.0000       1.9508e-06       -1.0523 
746517.5120       1000000.0000       2.2295e-06       -1.2026 
746517.5120       1000000.0000       2.5081e-06       -1.3530 
746517.5120       1000000.0000       2.7868e-06       -1.5033 
746517.5120       1000000.0000       3.0655e-06       -1.6536 
746517.5120       1000000.0000       3.3442e-06       -1.8039 
746517.5120       1000000.0000       3.6228e-06       -1.9543 
746517.5120       1000000.0000       3.9015e-06       -2.1046 
746517.5120       1000000.0000       4.1802e-06       -2.2549 
746517.5120       1000000.0000       4.4589e-06       -2.4052 
746517.5120       1000000.0000       4.7375e-06       -2.5556 
746517.5120       1000000.0000       5.0162e-06       -2.7059 
