#Reticulum_3  Log10(Jfactor)=18.200   sigmaJ=0.600 
#[0]emin(MeV) [1]emax(MeV) [2]eflux(MeV/cm^2/s) [3]deltaLogLike 
500.0000       669.7766       0.0000e+00       -1.1019 
500.0000       669.7766       5.6933e-09       -0.8606 
500.0000       669.7766       1.1387e-08       -0.6514 
500.0000       669.7766       1.7080e-08       -0.4732 
500.0000       669.7766       2.2773e-08       -0.3249 
500.0000       669.7766       2.8466e-08       -0.2055 
500.0000       669.7766       3.4160e-08       -0.1142 
500.0000       669.7766       3.9853e-08       -0.0501 
500.0000       669.7766       4.5546e-08       -0.0123 
500.0000       669.7766       5.1240e-08       0.0000 
500.0000       669.7766       6.0204e-08       -0.0309 
500.0000       669.7766       6.9168e-08       -0.1209 
500.0000       669.7766       7.8133e-08       -0.2677 
500.0000       669.7766       8.7097e-08       -0.4689 
500.0000       669.7766       9.6062e-08       -0.7227 
500.0000       669.7766       1.0503e-07       -1.0271 
500.0000       669.7766       1.1399e-07       -1.3804 
500.0000       669.7766       1.2295e-07       -1.7809 
500.0000       669.7766       1.3192e-07       -2.2272 
500.0000       669.7766       1.4088e-07       -2.7177 
669.7766       897.2222       0.0000e+00       0.0000 
669.7766       897.2222       2.7655e-14       -0.0000 
669.7766       897.2222       2.1455e-09       -0.1092 
669.7766       897.2222       4.2910e-09       -0.2237 
669.7766       897.2222       6.4364e-09       -0.3434 
669.7766       897.2222       8.5819e-09       -0.4683 
669.7766       897.2222       1.0727e-08       -0.5982 
669.7766       897.2222       1.2873e-08       -0.7331 
669.7766       897.2222       1.5018e-08       -0.8728 
669.7766       897.2222       1.7164e-08       -1.0172 
669.7766       897.2222       1.9309e-08       -1.1664 
669.7766       897.2222       2.1455e-08       -1.3201 
669.7766       897.2222       2.3600e-08       -1.4783 
669.7766       897.2222       2.5746e-08       -1.6409 
669.7766       897.2222       2.7891e-08       -1.8078 
669.7766       897.2222       3.0037e-08       -1.9791 
669.7766       897.2222       3.2182e-08       -2.1545 
669.7766       897.2222       3.4328e-08       -2.3341 
669.7766       897.2222       3.6473e-08       -2.5178 
669.7766       897.2222       3.8619e-08       -2.7055 
897.2222       1201.8769       0.0000e+00       -1.1042 
897.2222       1201.8769       4.5197e-09       -0.8584 
897.2222       1201.8769       9.0394e-09       -0.6469 
897.2222       1201.8769       1.3559e-08       -0.4680 
897.2222       1201.8769       1.8079e-08       -0.3201 
897.2222       1201.8769       2.2598e-08       -0.2019 
897.2222       1201.8769       2.7118e-08       -0.1119 
897.2222       1201.8769       3.1638e-08       -0.0490 
897.2222       1201.8769       3.6158e-08       -0.0120 
897.2222       1201.8769       4.0677e-08       0.0000 
897.2222       1201.8769       4.8101e-08       -0.0320 
897.2222       1201.8769       5.5525e-08       -0.1248 
897.2222       1201.8769       6.2949e-08       -0.2752 
897.2222       1201.8769       7.0373e-08       -0.4800 
897.2222       1201.8769       7.7797e-08       -0.7365 
897.2222       1201.8769       8.5220e-08       -1.0421 
897.2222       1201.8769       9.2644e-08       -1.3945 
897.2222       1201.8769       1.0007e-07       -1.7917 
897.2222       1201.8769       1.0749e-07       -2.2317 
897.2222       1201.8769       1.1492e-07       -2.7127 
1201.8769       1609.9782       0.0000e+00       -0.0362 
1201.8769       1609.9782       5.1890e-09       0.0000 
1201.8769       1609.9782       8.0256e-09       -0.0157 
1201.8769       1609.9782       1.0862e-08       -0.0536 
1201.8769       1609.9782       1.3699e-08       -0.1120 
1201.8769       1609.9782       1.6536e-08       -0.1893 
1201.8769       1609.9782       1.9372e-08       -0.2843 
1201.8769       1609.9782       2.2209e-08       -0.3958 
1201.8769       1609.9782       2.5045e-08       -0.5227 
1201.8769       1609.9782       2.7882e-08       -0.6641 
1201.8769       1609.9782       3.0719e-08       -0.8193 
1201.8769       1609.9782       3.3555e-08       -0.9875 
1201.8769       1609.9782       3.6392e-08       -1.1681 
1201.8769       1609.9782       3.9229e-08       -1.3605 
1201.8769       1609.9782       4.2065e-08       -1.5641 
1201.8769       1609.9782       4.4902e-08       -1.7785 
1201.8769       1609.9782       4.7738e-08       -2.0031 
1201.8769       1609.9782       5.0575e-08       -2.2377 
1201.8769       1609.9782       5.3412e-08       -2.4817 
1201.8769       1609.9782       5.6248e-08       -2.7349 
1609.9782       2156.6516       0.0000e+00       -0.0244 
1609.9782       2156.6516       3.5952e-09       0.0000 
1609.9782       2156.6516       6.4161e-09       -0.0120 
1609.9782       2156.6516       9.2370e-09       -0.0483 
1609.9782       2156.6516       1.2058e-08       -0.1064 
1609.9782       2156.6516       1.4879e-08       -0.1844 
1609.9782       2156.6516       1.7700e-08       -0.2805 
1609.9782       2156.6516       2.0521e-08       -0.3935 
1609.9782       2156.6516       2.3341e-08       -0.5219 
1609.9782       2156.6516       2.6162e-08       -0.6648 
1609.9782       2156.6516       2.8983e-08       -0.8212 
1609.9782       2156.6516       3.1804e-08       -0.9903 
1609.9782       2156.6516       3.4625e-08       -1.1713 
1609.9782       2156.6516       3.7446e-08       -1.3636 
1609.9782       2156.6516       4.0267e-08       -1.5666 
1609.9782       2156.6516       4.3088e-08       -1.7797 
1609.9782       2156.6516       4.5909e-08       -2.0024 
1609.9782       2156.6516       4.8730e-08       -2.2343 
1609.9782       2156.6516       5.1551e-08       -2.4750 
1609.9782       2156.6516       5.4371e-08       -2.7240 
2156.6516       2889.0164       0.0000e+00       -0.1042 
2156.6516       2889.0164       7.4566e-09       0.0000 
2156.6516       2889.0164       1.0285e-08       -0.0118 
2156.6516       2889.0164       1.3114e-08       -0.0474 
2156.6516       2889.0164       1.5943e-08       -0.1048 
2156.6516       2889.0164       1.8772e-08       -0.1819 
2156.6516       2889.0164       2.1601e-08       -0.2773 
2156.6516       2889.0164       2.4430e-08       -0.3895 
2156.6516       2889.0164       2.7258e-08       -0.5172 
2156.6516       2889.0164       3.0087e-08       -0.6594 
2156.6516       2889.0164       3.2916e-08       -0.8150 
2156.6516       2889.0164       3.5745e-08       -0.9833 
2156.6516       2889.0164       3.8574e-08       -1.1634 
2156.6516       2889.0164       4.1403e-08       -1.3547 
2156.6516       2889.0164       4.4232e-08       -1.5565 
2156.6516       2889.0164       4.7060e-08       -1.7683 
2156.6516       2889.0164       4.9889e-08       -1.9894 
2156.6516       2889.0164       5.2718e-08       -2.2195 
2156.6516       2889.0164       5.5547e-08       -2.4581 
2156.6516       2889.0164       5.8376e-08       -2.7048 
2889.0164       3869.9914       0.0000e+00       -0.1698 
2889.0164       3869.9914       8.1024e-09       0.0000 
2889.0164       3869.9914       1.0883e-08       -0.0153 
2889.0164       3869.9914       1.3664e-08       -0.0579 
2889.0164       3869.9914       1.6445e-08       -0.1239 
2889.0164       3869.9914       1.9226e-08       -0.2102 
2889.0164       3869.9914       2.2007e-08       -0.3144 
2889.0164       3869.9914       2.4788e-08       -0.4345 
2889.0164       3869.9914       2.7569e-08       -0.5688 
2889.0164       3869.9914       3.0350e-08       -0.7160 
2889.0164       3869.9914       3.3131e-08       -0.8750 
2889.0164       3869.9914       3.5912e-08       -1.0447 
2889.0164       3869.9914       3.8692e-08       -1.2243 
2889.0164       3869.9914       4.1473e-08       -1.4131 
2889.0164       3869.9914       4.4254e-08       -1.6104 
2889.0164       3869.9914       4.7035e-08       -1.8156 
2889.0164       3869.9914       4.9816e-08       -2.0282 
2889.0164       3869.9914       5.2597e-08       -2.2479 
2889.0164       3869.9914       5.5378e-08       -2.4740 
2889.0164       3869.9914       5.8159e-08       -2.7064 
3869.9914       5184.0598       0.0000e+00       -0.0000 
3869.9914       5184.0598       3.3939e-15       0.0000 
3869.9914       5184.0598       2.1373e-09       -0.1090 
3869.9914       5184.0598       4.2745e-09       -0.2251 
3869.9914       5184.0598       6.4118e-09       -0.3478 
3869.9914       5184.0598       8.5491e-09       -0.4763 
3869.9914       5184.0598       1.0686e-08       -0.6103 
3869.9914       5184.0598       1.2824e-08       -0.7492 
3869.9914       5184.0598       1.4961e-08       -0.8928 
3869.9914       5184.0598       1.7098e-08       -1.0407 
3869.9914       5184.0598       1.9235e-08       -1.1926 
3869.9914       5184.0598       2.1373e-08       -1.3483 
3869.9914       5184.0598       2.3510e-08       -1.5075 
3869.9914       5184.0598       2.5647e-08       -1.6699 
3869.9914       5184.0598       2.7784e-08       -1.8356 
3869.9914       5184.0598       2.9922e-08       -2.0042 
3869.9914       5184.0598       3.2059e-08       -2.1756 
3869.9914       5184.0598       3.4196e-08       -2.3496 
3869.9914       5184.0598       3.6334e-08       -2.5262 
3869.9914       5184.0598       3.8471e-08       -2.7052 
5184.0598       6944.3244       0.0000e+00       0.0000 
5184.0598       6944.3244       7.9555e-13       -0.0000 
5184.0598       6944.3244       2.6703e-09       -0.0519 
5184.0598       6944.3244       5.3399e-09       -0.1305 
5184.0598       6944.3244       8.0094e-09       -0.2293 
5184.0598       6944.3244       1.0679e-08       -0.3437 
5184.0598       6944.3244       1.3349e-08       -0.4706 
5184.0598       6944.3244       1.6018e-08       -0.6079 
5184.0598       6944.3244       1.8688e-08       -0.7539 
5184.0598       6944.3244       2.1357e-08       -0.9074 
5184.0598       6944.3244       2.4027e-08       -1.0673 
5184.0598       6944.3244       2.6696e-08       -1.2328 
5184.0598       6944.3244       2.9366e-08       -1.4034 
5184.0598       6944.3244       3.2035e-08       -1.5784 
5184.0598       6944.3244       3.4705e-08       -1.7574 
5184.0598       6944.3244       3.7374e-08       -1.9401 
5184.0598       6944.3244       4.0044e-08       -2.1262 
5184.0598       6944.3244       4.2714e-08       -2.3153 
5184.0598       6944.3244       4.5383e-08       -2.5072 
5184.0598       6944.3244       4.8053e-08       -2.7017 
6944.3244       9302.5069       0.0000e+00       -0.0000 
6944.3244       9302.5069       5.6444e-16       0.0000 
6944.3244       9302.5069       1.9411e-09       -0.1495 
6944.3244       9302.5069       3.8822e-09       -0.2991 
6944.3244       9302.5069       5.8233e-09       -0.4488 
6944.3244       9302.5069       7.7644e-09       -0.5986 
6944.3244       9302.5069       9.7055e-09       -0.7486 
6944.3244       9302.5069       1.1647e-08       -0.8986 
6944.3244       9302.5069       1.3588e-08       -1.0487 
6944.3244       9302.5069       1.5529e-08       -1.1989 
6944.3244       9302.5069       1.7470e-08       -1.3492 
6944.3244       9302.5069       1.9411e-08       -1.4995 
6944.3244       9302.5069       2.1352e-08       -1.6500 
6944.3244       9302.5069       2.3293e-08       -1.8006 
6944.3244       9302.5069       2.5234e-08       -1.9513 
6944.3244       9302.5069       2.7175e-08       -2.1020 
6944.3244       9302.5069       2.9116e-08       -2.2528 
6944.3244       9302.5069       3.1058e-08       -2.4038 
6944.3244       9302.5069       3.2999e-08       -2.5548 
6944.3244       9302.5069       3.4940e-08       -2.7059 
9302.5069       12461.2038       0.0000e+00       -0.0000 
9302.5069       12461.2038       3.7827e-16       0.0000 
9302.5069       12461.2038       2.7411e-09       -0.1473 
9302.5069       12461.2038       5.4822e-09       -0.2950 
9302.5069       12461.2038       8.2233e-09       -0.4430 
9302.5069       12461.2038       1.0964e-08       -0.5915 
9302.5069       12461.2038       1.3705e-08       -0.7404 
9302.5069       12461.2038       1.6447e-08       -0.8896 
9302.5069       12461.2038       1.9188e-08       -1.0392 
9302.5069       12461.2038       2.1929e-08       -1.1891 
9302.5069       12461.2038       2.4670e-08       -1.3394 
9302.5069       12461.2038       2.7411e-08       -1.4900 
9302.5069       12461.2038       3.0152e-08       -1.6410 
9302.5069       12461.2038       3.2893e-08       -1.7922 
9302.5069       12461.2038       3.5634e-08       -1.9438 
9302.5069       12461.2038       3.8375e-08       -2.0956 
9302.5069       12461.2038       4.1116e-08       -2.2477 
9302.5069       12461.2038       4.3857e-08       -2.4002 
9302.5069       12461.2038       4.6599e-08       -2.5529 
9302.5069       12461.2038       4.9340e-08       -2.7058 
12461.2038       16692.4468       0.0000e+00       -1.4620 
12461.2038       16692.4468       4.6218e-09       -0.9725 
12461.2038       16692.4468       9.2437e-09       -0.6536 
12461.2038       16692.4468       1.3865e-08       -0.4320 
12461.2038       16692.4468       1.8487e-08       -0.2745 
12461.2038       16692.4468       2.3109e-08       -0.1629 
12461.2038       16692.4468       2.7731e-08       -0.0860 
12461.2038       16692.4468       3.2353e-08       -0.0364 
12461.2038       16692.4468       3.6975e-08       -0.0090 
12461.2038       16692.4468       4.1596e-08       0.0000 
12461.2038       16692.4468       5.4865e-08       -0.0530 
12461.2038       16692.4468       6.8134e-08       -0.1922 
12461.2038       16692.4468       8.1403e-08       -0.3932 
12461.2038       16692.4468       9.4672e-08       -0.6410 
12461.2038       16692.4468       1.0794e-07       -0.9255 
12461.2038       16692.4468       1.2121e-07       -1.2398 
12461.2038       16692.4468       1.3448e-07       -1.5789 
12461.2038       16692.4468       1.4775e-07       -1.9390 
12461.2038       16692.4468       1.6102e-07       -2.3170 
12461.2038       16692.4468       1.7428e-07       -2.7107 
16692.4468       22360.9371       0.0000e+00       0.0000 
16692.4468       22360.9371       3.3455e-15       -0.0000 
16692.4468       22360.9371       6.6827e-09       -0.0950 
16692.4468       22360.9371       1.3365e-08       -0.2012 
16692.4468       22360.9371       2.0048e-08       -0.3172 
16692.4468       22360.9371       2.6731e-08       -0.4415 
16692.4468       22360.9371       3.3413e-08       -0.5733 
16692.4468       22360.9371       4.0096e-08       -0.7117 
16692.4468       22360.9371       4.6779e-08       -0.8559 
16692.4468       22360.9371       5.3461e-08       -1.0053 
16692.4468       22360.9371       6.0144e-08       -1.1595 
16692.4468       22360.9371       6.6827e-08       -1.3180 
16692.4468       22360.9371       7.3509e-08       -1.4804 
16692.4468       22360.9371       8.0192e-08       -1.6464 
16692.4468       22360.9371       8.6875e-08       -1.8157 
16692.4468       22360.9371       9.3557e-08       -1.9880 
16692.4468       22360.9371       1.0024e-07       -2.1632 
16692.4468       22360.9371       1.0692e-07       -2.3410 
16692.4468       22360.9371       1.1361e-07       -2.5212 
16692.4468       22360.9371       1.2029e-07       -2.7037 
22360.9371       29953.6672       0.0000e+00       -0.0001 
22360.9371       29953.6672       6.9549e-11       0.0000 
22360.9371       29953.6672       1.2234e-08       -0.0028 
22360.9371       29953.6672       2.4398e-08       -0.0457 
22360.9371       29953.6672       3.6562e-08       -0.1183 
22360.9371       29953.6672       4.8726e-08       -0.2141 
22360.9371       29953.6672       6.0890e-08       -0.3286 
22360.9371       29953.6672       7.3055e-08       -0.4586 
22360.9371       29953.6672       8.5219e-08       -0.6017 
22360.9371       29953.6672       9.7383e-08       -0.7561 
22360.9371       29953.6672       1.0955e-07       -0.9203 
22360.9371       29953.6672       1.2171e-07       -1.0932 
22360.9371       29953.6672       1.3388e-07       -1.2738 
22360.9371       29953.6672       1.4604e-07       -1.4615 
22360.9371       29953.6672       1.5820e-07       -1.6554 
22360.9371       29953.6672       1.7037e-07       -1.8550 
22360.9371       29953.6672       1.8253e-07       -2.0599 
22360.9371       29953.6672       1.9470e-07       -2.2696 
22360.9371       29953.6672       2.0686e-07       -2.4838 
22360.9371       29953.6672       2.1902e-07       -2.7022 
29953.6672       40124.5339       0.0000e+00       0.0000 
29953.6672       40124.5339       4.6073e-17       -0.0000 
29953.6672       40124.5339       7.4470e-09       -0.1500 
29953.6672       40124.5339       1.4894e-08       -0.3000 
29953.6672       40124.5339       2.2341e-08       -0.4500 
29953.6672       40124.5339       2.9788e-08       -0.6001 
29953.6672       40124.5339       3.7235e-08       -0.7503 
29953.6672       40124.5339       4.4682e-08       -0.9004 
29953.6672       40124.5339       5.2129e-08       -1.0507 
29953.6672       40124.5339       5.9576e-08       -1.2009 
29953.6672       40124.5339       6.7023e-08       -1.3513 
29953.6672       40124.5339       7.4470e-08       -1.5016 
29953.6672       40124.5339       8.1917e-08       -1.6520 
29953.6672       40124.5339       8.9364e-08       -1.8024 
29953.6672       40124.5339       9.6811e-08       -1.9529 
29953.6672       40124.5339       1.0426e-07       -2.1034 
29953.6672       40124.5339       1.1171e-07       -2.2540 
29953.6672       40124.5339       1.1915e-07       -2.4046 
29953.6672       40124.5339       1.2660e-07       -2.5552 
29953.6672       40124.5339       1.3405e-07       -2.7059 
40124.5339       53748.9519       0.0000e+00       0.0000 
40124.5339       53748.9519       2.8907e-11       -0.0005 
40124.5339       53748.9519       9.4091e-09       -0.1507 
40124.5339       53748.9519       1.8789e-08       -0.3010 
40124.5339       53748.9519       2.8170e-08       -0.4513 
40124.5339       53748.9519       3.7550e-08       -0.6016 
40124.5339       53748.9519       4.6930e-08       -0.7519 
40124.5339       53748.9519       5.6310e-08       -0.9022 
40124.5339       53748.9519       6.5691e-08       -1.0525 
40124.5339       53748.9519       7.5071e-08       -1.2028 
40124.5339       53748.9519       8.4451e-08       -1.3531 
40124.5339       53748.9519       9.3831e-08       -1.5034 
40124.5339       53748.9519       1.0321e-07       -1.6537 
40124.5339       53748.9519       1.1259e-07       -1.8040 
40124.5339       53748.9519       1.2197e-07       -1.9543 
40124.5339       53748.9519       1.3135e-07       -2.1046 
40124.5339       53748.9519       1.4073e-07       -2.2549 
40124.5339       53748.9519       1.5011e-07       -2.4053 
40124.5339       53748.9519       1.5949e-07       -2.5556 
40124.5339       53748.9519       1.6887e-07       -2.7059 
53748.9519       72001.2440       0.0000e+00       0.0000 
53748.9519       72001.2440       1.8678e-11       -0.0002 
53748.9519       72001.2440       1.2514e-08       -0.1505 
53748.9519       72001.2440       2.5009e-08       -0.3008 
53748.9519       72001.2440       3.7505e-08       -0.4512 
53748.9519       72001.2440       5.0000e-08       -0.6015 
53748.9519       72001.2440       6.2495e-08       -0.7518 
53748.9519       72001.2440       7.4990e-08       -0.9021 
53748.9519       72001.2440       8.7486e-08       -1.0524 
53748.9519       72001.2440       9.9981e-08       -1.2027 
53748.9519       72001.2440       1.1248e-07       -1.3530 
53748.9519       72001.2440       1.2497e-07       -1.5034 
53748.9519       72001.2440       1.3747e-07       -1.6537 
53748.9519       72001.2440       1.4996e-07       -1.8040 
53748.9519       72001.2440       1.6246e-07       -1.9543 
53748.9519       72001.2440       1.7495e-07       -2.1046 
53748.9519       72001.2440       1.8745e-07       -2.2549 
53748.9519       72001.2440       1.9994e-07       -2.4053 
53748.9519       72001.2440       2.1244e-07       -2.5556 
53748.9519       72001.2440       2.2493e-07       -2.7059 
72001.2440       96449.5043       0.0000e+00       0.0000 
72001.2440       96449.5043       1.2066e-11       -0.0001 
72001.2440       96449.5043       1.6821e-08       -0.1504 
72001.2440       96449.5043       3.3630e-08       -0.3007 
72001.2440       96449.5043       5.0439e-08       -0.4511 
72001.2440       96449.5043       6.7248e-08       -0.6014 
72001.2440       96449.5043       8.4056e-08       -0.7517 
72001.2440       96449.5043       1.0087e-07       -0.9020 
72001.2440       96449.5043       1.1767e-07       -1.0524 
72001.2440       96449.5043       1.3448e-07       -1.2027 
72001.2440       96449.5043       1.5129e-07       -1.3530 
72001.2440       96449.5043       1.6810e-07       -1.5033 
72001.2440       96449.5043       1.8491e-07       -1.6536 
72001.2440       96449.5043       2.0172e-07       -1.8040 
72001.2440       96449.5043       2.1853e-07       -1.9543 
72001.2440       96449.5043       2.3534e-07       -2.1046 
72001.2440       96449.5043       2.5215e-07       -2.2549 
72001.2440       96449.5043       2.6895e-07       -2.4053 
72001.2440       96449.5043       2.8576e-07       -2.5556 
72001.2440       96449.5043       3.0257e-07       -2.7059 
96449.5043       129199.2522       0.0000e+00       0.0000 
96449.5043       129199.2522       7.7942e-12       -0.0001 
96449.5043       129199.2522       2.2599e-08       -0.1504 
96449.5043       129199.2522       4.5190e-08       -0.3007 
96449.5043       129199.2522       6.7781e-08       -0.4510 
96449.5043       129199.2522       9.0372e-08       -0.6013 
96449.5043       129199.2522       1.1296e-07       -0.7517 
96449.5043       129199.2522       1.3555e-07       -0.9020 
96449.5043       129199.2522       1.5815e-07       -1.0523 
96449.5043       129199.2522       1.8074e-07       -1.2026 
96449.5043       129199.2522       2.0333e-07       -1.3530 
96449.5043       129199.2522       2.2592e-07       -1.5033 
96449.5043       129199.2522       2.4851e-07       -1.6536 
96449.5043       129199.2522       2.7110e-07       -1.8039 
96449.5043       129199.2522       2.9369e-07       -1.9543 
96449.5043       129199.2522       3.1628e-07       -2.1046 
96449.5043       129199.2522       3.3887e-07       -2.2549 
96449.5043       129199.2522       3.6146e-07       -2.4052 
96449.5043       129199.2522       3.8406e-07       -2.5556 
96449.5043       129199.2522       4.0665e-07       -2.7059 
129199.2522       173069.2852       0.0000e+00       0.0000 
129199.2522       173069.2852       5.0343e-12       -0.0000 
129199.2522       173069.2852       4.0206e-08       -0.1249 
129199.2522       173069.2852       8.0407e-08       -0.2549 
129199.2522       173069.2852       1.2061e-07       -0.3891 
129199.2522       173069.2852       1.6081e-07       -0.5272 
129199.2522       173069.2852       2.0101e-07       -0.6687 
129199.2522       173069.2852       2.4121e-07       -0.8132 
129199.2522       173069.2852       2.8141e-07       -0.9605 
129199.2522       173069.2852       3.2161e-07       -1.1102 
129199.2522       173069.2852       3.6181e-07       -1.2622 
129199.2522       173069.2852       4.0201e-07       -1.4162 
129199.2522       173069.2852       4.4221e-07       -1.5721 
129199.2522       173069.2852       4.8241e-07       -1.7297 
129199.2522       173069.2852       5.2262e-07       -1.8889 
129199.2522       173069.2852       5.6282e-07       -2.0495 
129199.2522       173069.2852       6.0302e-07       -2.2115 
129199.2522       173069.2852       6.4322e-07       -2.3748 
129199.2522       173069.2852       6.8342e-07       -2.5392 
129199.2522       173069.2852       7.2362e-07       -2.7048 
173069.2852       231840.8711       0.0000e+00       0.0000 
173069.2852       231840.8711       3.2510e-12       -0.0000 
173069.2852       231840.8711       4.1829e-08       -0.1503 
173069.2852       231840.8711       8.3655e-08       -0.3005 
173069.2852       231840.8711       1.2548e-07       -0.4508 
173069.2852       231840.8711       1.6731e-07       -0.6010 
173069.2852       231840.8711       2.0913e-07       -0.7513 
173069.2852       231840.8711       2.5096e-07       -0.9016 
173069.2852       231840.8711       2.9278e-07       -1.0519 
173069.2852       231840.8711       3.3461e-07       -1.2022 
173069.2852       231840.8711       3.7644e-07       -1.3526 
173069.2852       231840.8711       4.1826e-07       -1.5029 
173069.2852       231840.8711       4.6009e-07       -1.6532 
173069.2852       231840.8711       5.0191e-07       -1.8036 
173069.2852       231840.8711       5.4374e-07       -1.9540 
173069.2852       231840.8711       5.8556e-07       -2.1043 
173069.2852       231840.8711       6.2739e-07       -2.2547 
173069.2852       231840.8711       6.6922e-07       -2.4051 
173069.2852       231840.8711       7.1104e-07       -2.5555 
173069.2852       231840.8711       7.5287e-07       -2.7059 
231840.8711       310563.2050       0.0000e+00       0.0000 
231840.8711       310563.2050       2.0990e-12       -0.0000 
231840.8711       310563.2050       5.5772e-08       -0.1503 
231840.8711       310563.2050       1.1154e-07       -0.3006 
231840.8711       310563.2050       1.6731e-07       -0.4509 
231840.8711       310563.2050       2.2308e-07       -0.6012 
231840.8711       310563.2050       2.7885e-07       -0.7516 
231840.8711       310563.2050       3.3462e-07       -0.9019 
231840.8711       310563.2050       3.9039e-07       -1.0522 
231840.8711       310563.2050       4.4616e-07       -1.2025 
231840.8711       310563.2050       5.0193e-07       -1.3528 
231840.8711       310563.2050       5.5770e-07       -1.5032 
231840.8711       310563.2050       6.1347e-07       -1.6535 
231840.8711       310563.2050       6.6924e-07       -1.8038 
231840.8711       310563.2050       7.2501e-07       -1.9542 
231840.8711       310563.2050       7.8078e-07       -2.1045 
231840.8711       310563.2050       8.3655e-07       -2.2549 
231840.8711       310563.2050       8.9232e-07       -2.4052 
231840.8711       310563.2050       9.4809e-07       -2.5555 
231840.8711       310563.2050       1.0039e-06       -2.7059 
310563.2050       416015.9675       0.0000e+00       -0.0000 
310563.2050       416015.9675       1.3554e-12       0.0000 
310563.2050       416015.9675       9.5912e-08       -0.1302 
310563.2050       416015.9675       1.9182e-07       -0.2641 
310563.2050       416015.9675       2.8773e-07       -0.4014 
310563.2050       416015.9675       3.8365e-07       -0.5417 
310563.2050       416015.9675       4.7956e-07       -0.6846 
310563.2050       416015.9675       5.7547e-07       -0.8300 
310563.2050       416015.9675       6.7138e-07       -0.9775 
310563.2050       416015.9675       7.6729e-07       -1.1271 
310563.2050       416015.9675       8.6320e-07       -1.2786 
310563.2050       416015.9675       9.5911e-07       -1.4317 
310563.2050       416015.9675       1.0550e-06       -1.5864 
310563.2050       416015.9675       1.1509e-06       -1.7426 
310563.2050       416015.9675       1.2468e-06       -1.9001 
310563.2050       416015.9675       1.3428e-06       -2.0589 
310563.2050       416015.9675       1.4387e-06       -2.2188 
310563.2050       416015.9675       1.5346e-06       -2.3799 
310563.2050       416015.9675       1.6305e-06       -2.5419 
310563.2050       416015.9675       1.7264e-06       -2.7049 
416015.9675       557275.5639       0.0000e+00       -0.0000 
416015.9675       557275.5639       8.7516e-13       0.0000 
416015.9675       557275.5639       1.0110e-07       -0.1503 
416015.9675       557275.5639       2.0220e-07       -0.3007 
416015.9675       557275.5639       3.0329e-07       -0.4510 
416015.9675       557275.5639       4.0439e-07       -0.6013 
416015.9675       557275.5639       5.0549e-07       -0.7516 
416015.9675       557275.5639       6.0659e-07       -0.9020 
416015.9675       557275.5639       7.0768e-07       -1.0523 
416015.9675       557275.5639       8.0878e-07       -1.2026 
416015.9675       557275.5639       9.0988e-07       -1.3529 
416015.9675       557275.5639       1.0110e-06       -1.5033 
416015.9675       557275.5639       1.1121e-06       -1.6536 
416015.9675       557275.5639       1.2132e-06       -1.8039 
416015.9675       557275.5639       1.3143e-06       -1.9543 
416015.9675       557275.5639       1.4154e-06       -2.1046 
416015.9675       557275.5639       1.5165e-06       -2.2549 
416015.9675       557275.5639       1.6176e-06       -2.4052 
416015.9675       557275.5639       1.7187e-06       -2.5556 
416015.9675       557275.5639       1.8198e-06       -2.7059 
557275.5639       746517.5120       0.0000e+00       -0.0000 
557275.5639       746517.5120       5.6512e-13       0.0000 
557275.5639       746517.5120       1.3864e-07       -0.1503 
557275.5639       746517.5120       2.7728e-07       -0.3007 
557275.5639       746517.5120       4.1592e-07       -0.4510 
557275.5639       746517.5120       5.5456e-07       -0.6013 
557275.5639       746517.5120       6.9320e-07       -0.7516 
557275.5639       746517.5120       8.3183e-07       -0.9020 
557275.5639       746517.5120       9.7047e-07       -1.0523 
557275.5639       746517.5120       1.1091e-06       -1.2026 
557275.5639       746517.5120       1.2478e-06       -1.3530 
557275.5639       746517.5120       1.3864e-06       -1.5033 
557275.5639       746517.5120       1.5250e-06       -1.6536 
557275.5639       746517.5120       1.6637e-06       -1.8039 
557275.5639       746517.5120       1.8023e-06       -1.9543 
557275.5639       746517.5120       1.9409e-06       -2.1046 
557275.5639       746517.5120       2.0796e-06       -2.2549 
557275.5639       746517.5120       2.2182e-06       -2.4053 
557275.5639       746517.5120       2.3569e-06       -2.5556 
557275.5639       746517.5120       2.4955e-06       -2.7059 
746517.5120       1000000.0000       0.0000e+00       -0.0000 
746517.5120       1000000.0000       3.6486e-13       0.0000 
746517.5120       1000000.0000       1.9942e-07       -0.1503 
746517.5120       1000000.0000       3.9885e-07       -0.3007 
746517.5120       1000000.0000       5.9827e-07       -0.4510 
746517.5120       1000000.0000       7.9770e-07       -0.6013 
746517.5120       1000000.0000       9.9712e-07       -0.7516 
746517.5120       1000000.0000       1.1965e-06       -0.9020 
746517.5120       1000000.0000       1.3960e-06       -1.0523 
746517.5120       1000000.0000       1.5954e-06       -1.2026 
746517.5120       1000000.0000       1.7948e-06       -1.3529 
746517.5120       1000000.0000       1.9942e-06       -1.5033 
746517.5120       1000000.0000       2.1937e-06       -1.6536 
746517.5120       1000000.0000       2.3931e-06       -1.8039 
746517.5120       1000000.0000       2.5925e-06       -1.9543 
746517.5120       1000000.0000       2.7919e-06       -2.1046 
746517.5120       1000000.0000       2.9914e-06       -2.2549 
746517.5120       1000000.0000       3.1908e-06       -2.4052 
746517.5120       1000000.0000       3.3902e-06       -2.5556 
746517.5120       1000000.0000       3.5896e-06       -2.7059 
