#Tucana_5  Log10(Jfactor)=18.900   sigmaJ=0.600 
#[0]emin(MeV) [1]emax(MeV) [2]eflux(MeV/cm^2/s) [3]deltaLogLike 
500.0000       669.7766       0.0000e+00       -0.5993 
500.0000       669.7766       3.6797e-09       -0.4695 
500.0000       669.7766       7.3594e-09       -0.3566 
500.0000       669.7766       1.1039e-08       -0.2601 
500.0000       669.7766       1.4719e-08       -0.1795 
500.0000       669.7766       1.8398e-08       -0.1143 
500.0000       669.7766       2.2078e-08       -0.0642 
500.0000       669.7766       2.5758e-08       -0.0287 
500.0000       669.7766       2.9437e-08       -0.0074 
500.0000       669.7766       3.3117e-08       0.0000 
500.0000       669.7766       4.1094e-08       -0.0300 
500.0000       669.7766       4.9070e-08       -0.1205 
500.0000       669.7766       5.7047e-08       -0.2684 
500.0000       669.7766       6.5024e-08       -0.4712 
500.0000       669.7766       7.3001e-08       -0.7265 
500.0000       669.7766       8.0977e-08       -1.0320 
500.0000       669.7766       8.8954e-08       -1.3858 
500.0000       669.7766       9.6931e-08       -1.7861 
500.0000       669.7766       1.0491e-07       -2.2309 
500.0000       669.7766       1.1288e-07       -2.7189 
669.7766       897.2222       0.0000e+00       0.0000 
669.7766       897.2222       2.2258e-13       -0.0000 
669.7766       897.2222       2.7974e-09       -0.0628 
669.7766       897.2222       5.5946e-09       -0.1377 
669.7766       897.2222       8.3917e-09       -0.2244 
669.7766       897.2222       1.1189e-08       -0.3225 
669.7766       897.2222       1.3986e-08       -0.4314 
669.7766       897.2222       1.6783e-08       -0.5510 
669.7766       897.2222       1.9580e-08       -0.6808 
669.7766       897.2222       2.2378e-08       -0.8205 
669.7766       897.2222       2.5175e-08       -0.9698 
669.7766       897.2222       2.7972e-08       -1.1284 
669.7766       897.2222       3.0769e-08       -1.2962 
669.7766       897.2222       3.3566e-08       -1.4727 
669.7766       897.2222       3.6363e-08       -1.6578 
669.7766       897.2222       3.9161e-08       -1.8513 
669.7766       897.2222       4.1958e-08       -2.0530 
669.7766       897.2222       4.4755e-08       -2.2626 
669.7766       897.2222       4.7552e-08       -2.4799 
669.7766       897.2222       5.0349e-08       -2.7048 
897.2222       1201.8769       0.0000e+00       0.0000 
897.2222       1201.8769       2.2311e-14       -0.0000 
897.2222       1201.8769       1.9118e-09       -0.1141 
897.2222       1201.8769       3.8235e-09       -0.2329 
897.2222       1201.8769       5.7353e-09       -0.3564 
897.2222       1201.8769       7.6470e-09       -0.4845 
897.2222       1201.8769       9.5588e-09       -0.6171 
897.2222       1201.8769       1.1471e-08       -0.7539 
897.2222       1201.8769       1.3382e-08       -0.8951 
897.2222       1201.8769       1.5294e-08       -1.0404 
897.2222       1201.8769       1.7206e-08       -1.1898 
897.2222       1201.8769       1.9118e-08       -1.3432 
897.2222       1201.8769       2.1029e-08       -1.5006 
897.2222       1201.8769       2.2941e-08       -1.6617 
897.2222       1201.8769       2.4853e-08       -1.8267 
897.2222       1201.8769       2.6765e-08       -1.9954 
897.2222       1201.8769       2.8676e-08       -2.1676 
897.2222       1201.8769       3.0588e-08       -2.3435 
897.2222       1201.8769       3.2500e-08       -2.5228 
897.2222       1201.8769       3.4412e-08       -2.7056 
1201.8769       1609.9782       0.0000e+00       -0.1164 
1201.8769       1609.9782       8.6376e-09       0.0000 
1201.8769       1609.9782       1.1529e-08       -0.0111 
1201.8769       1609.9782       1.4421e-08       -0.0443 
1201.8769       1609.9782       1.7313e-08       -0.0980 
1201.8769       1609.9782       2.0205e-08       -0.1709 
1201.8769       1609.9782       2.3097e-08       -0.2618 
1201.8769       1609.9782       2.5989e-08       -0.3696 
1201.8769       1609.9782       2.8881e-08       -0.4934 
1201.8769       1609.9782       3.1772e-08       -0.6322 
1201.8769       1609.9782       3.4664e-08       -0.7854 
1201.8769       1609.9782       3.7556e-08       -0.9521 
1201.8769       1609.9782       4.0448e-08       -1.1318 
1201.8769       1609.9782       4.3340e-08       -1.3238 
1201.8769       1609.9782       4.6232e-08       -1.5275 
1201.8769       1609.9782       4.9124e-08       -1.7426 
1201.8769       1609.9782       5.2015e-08       -1.9684 
1201.8769       1609.9782       5.4907e-08       -2.2046 
1201.8769       1609.9782       5.7799e-08       -2.4507 
1201.8769       1609.9782       6.0691e-08       -2.7064 
1609.9782       2156.6516       0.0000e+00       -1.3681 
1609.9782       2156.6516       2.8954e-09       -1.0159 
1609.9782       2156.6516       5.7907e-09       -0.7369 
1609.9782       2156.6516       8.6861e-09       -0.5160 
1609.9782       2156.6516       1.1581e-08       -0.3431 
1609.9782       2156.6516       1.4477e-08       -0.2110 
1609.9782       2156.6516       1.7372e-08       -0.1144 
1609.9782       2156.6516       2.0267e-08       -0.0491 
1609.9782       2156.6516       2.3163e-08       -0.0119 
1609.9782       2156.6516       2.6058e-08       0.0000 
1609.9782       2156.6516       3.1459e-08       -0.0381 
1609.9782       2156.6516       3.6861e-08       -0.1453 
1609.9782       2156.6516       4.2262e-08       -0.3125 
1609.9782       2156.6516       4.7663e-08       -0.5328 
1609.9782       2156.6516       5.3064e-08       -0.8007 
1609.9782       2156.6516       5.8465e-08       -1.1113 
1609.9782       2156.6516       6.3867e-08       -1.4610 
1609.9782       2156.6516       6.9268e-08       -1.8463 
1609.9782       2156.6516       7.4669e-08       -2.2644 
1609.9782       2156.6516       8.0070e-08       -2.7129 
2156.6516       2889.0164       0.0000e+00       0.0000 
2156.6516       2889.0164       6.7276e-13       -0.0000 
2156.6516       2889.0164       2.1897e-09       -0.0595 
2156.6516       2889.0164       4.3788e-09       -0.1352 
2156.6516       2889.0164       6.5678e-09       -0.2255 
2156.6516       2889.0164       8.7568e-09       -0.3289 
2156.6516       2889.0164       1.0946e-08       -0.4443 
2156.6516       2889.0164       1.3135e-08       -0.5707 
2156.6516       2889.0164       1.5324e-08       -0.7071 
2156.6516       2889.0164       1.7513e-08       -0.8528 
2156.6516       2889.0164       1.9702e-08       -1.0072 
2156.6516       2889.0164       2.1891e-08       -1.1696 
2156.6516       2889.0164       2.4080e-08       -1.3395 
2156.6516       2889.0164       2.6269e-08       -1.5165 
2156.6516       2889.0164       2.8458e-08       -1.7001 
2156.6516       2889.0164       3.0647e-08       -1.8899 
2156.6516       2889.0164       3.2836e-08       -2.0857 
2156.6516       2889.0164       3.5025e-08       -2.2871 
2156.6516       2889.0164       3.7214e-08       -2.4938 
2156.6516       2889.0164       3.9403e-08       -2.7055 
2889.0164       3869.9914       0.0000e+00       0.0000 
2889.0164       3869.9914       2.0775e-15       -0.0000 
2889.0164       3869.9914       1.3944e-09       -0.1373 
2889.0164       3869.9914       2.7889e-09       -0.2765 
2889.0164       3869.9914       4.1833e-09       -0.4177 
2889.0164       3869.9914       5.5778e-09       -0.5606 
2889.0164       3869.9914       6.9722e-09       -0.7052 
2889.0164       3869.9914       8.3667e-09       -0.8514 
2889.0164       3869.9914       9.7611e-09       -0.9991 
2889.0164       3869.9914       1.1156e-08       -1.1482 
2889.0164       3869.9914       1.2550e-08       -1.2987 
2889.0164       3869.9914       1.3944e-08       -1.4505 
2889.0164       3869.9914       1.5339e-08       -1.6035 
2889.0164       3869.9914       1.6733e-08       -1.7578 
2889.0164       3869.9914       1.8128e-08       -1.9131 
2889.0164       3869.9914       1.9522e-08       -2.0696 
2889.0164       3869.9914       2.0917e-08       -2.2272 
2889.0164       3869.9914       2.2311e-08       -2.3857 
2889.0164       3869.9914       2.3706e-08       -2.5452 
2889.0164       3869.9914       2.5100e-08       -2.7057 
3869.9914       5184.0598       0.0000e+00       -0.0149 
3869.9914       5184.0598       3.0074e-09       0.0000 
3869.9914       5184.0598       6.3270e-09       -0.0165 
3869.9914       5184.0598       9.6466e-09       -0.0616 
3869.9914       5184.0598       1.2966e-08       -0.1307 
3869.9914       5184.0598       1.6286e-08       -0.2204 
3869.9914       5184.0598       1.9605e-08       -0.3279 
3869.9914       5184.0598       2.2925e-08       -0.4511 
3869.9914       5184.0598       2.6244e-08       -0.5883 
3869.9914       5184.0598       2.9564e-08       -0.7379 
3869.9914       5184.0598       3.2884e-08       -0.8988 
3869.9914       5184.0598       3.6203e-08       -1.0699 
3869.9914       5184.0598       3.9523e-08       -1.2504 
3869.9914       5184.0598       4.2842e-08       -1.4394 
3869.9914       5184.0598       4.6162e-08       -1.6363 
3869.9914       5184.0598       4.9481e-08       -1.8406 
3869.9914       5184.0598       5.2801e-08       -2.0518 
3869.9914       5184.0598       5.6120e-08       -2.2693 
3869.9914       5184.0598       5.9440e-08       -2.4927 
3869.9914       5184.0598       6.2760e-08       -2.7218 
5184.0598       6944.3244       0.0000e+00       0.0000 
5184.0598       6944.3244       1.4710e-13       -0.0000 
5184.0598       6944.3244       1.7484e-09       -0.1472 
5184.0598       6944.3244       3.4967e-09       -0.2948 
5184.0598       6944.3244       5.2450e-09       -0.4428 
5184.0598       6944.3244       6.9933e-09       -0.5912 
5184.0598       6944.3244       8.7416e-09       -0.7400 
5184.0598       6944.3244       1.0490e-08       -0.8892 
5184.0598       6944.3244       1.2238e-08       -1.0388 
5184.0598       6944.3244       1.3987e-08       -1.1887 
5184.0598       6944.3244       1.5735e-08       -1.3390 
5184.0598       6944.3244       1.7483e-08       -1.4896 
5184.0598       6944.3244       1.9231e-08       -1.6406 
5184.0598       6944.3244       2.0980e-08       -1.7918 
5184.0598       6944.3244       2.2728e-08       -1.9434 
5184.0598       6944.3244       2.4476e-08       -2.0953 
5184.0598       6944.3244       2.6225e-08       -2.2475 
5184.0598       6944.3244       2.7973e-08       -2.4000 
5184.0598       6944.3244       2.9721e-08       -2.5528 
5184.0598       6944.3244       3.1469e-08       -2.7058 
6944.3244       9302.5069       0.0000e+00       -0.0000 
6944.3244       9302.5069       1.5812e-15       0.0000 
6944.3244       9302.5069       3.3662e-09       -0.1233 
6944.3244       9302.5069       6.7324e-09       -0.2509 
6944.3244       9302.5069       1.0099e-08       -0.3823 
6944.3244       9302.5069       1.3465e-08       -0.5174 
6944.3244       9302.5069       1.6831e-08       -0.6560 
6944.3244       9302.5069       2.0197e-08       -0.7979 
6944.3244       9302.5069       2.3563e-08       -0.9428 
6944.3244       9302.5069       2.6930e-08       -1.0908 
6944.3244       9302.5069       3.0296e-08       -1.2415 
6944.3244       9302.5069       3.3662e-08       -1.3950 
6944.3244       9302.5069       3.7028e-08       -1.5509 
6944.3244       9302.5069       4.0394e-08       -1.7093 
6944.3244       9302.5069       4.3761e-08       -1.8700 
6944.3244       9302.5069       4.7127e-08       -2.0330 
6944.3244       9302.5069       5.0493e-08       -2.1980 
6944.3244       9302.5069       5.3859e-08       -2.3651 
6944.3244       9302.5069       5.7225e-08       -2.5342 
6944.3244       9302.5069       6.0592e-08       -2.7051 
9302.5069       12461.2038       0.0000e+00       -1.4830 
9302.5069       12461.2038       1.6940e-09       -0.8399 
9302.5069       12461.2038       3.3881e-09       -0.5194 
9302.5069       12461.2038       5.0821e-09       -0.3249 
9302.5069       12461.2038       6.7762e-09       -0.1981 
9302.5069       12461.2038       8.4702e-09       -0.1136 
9302.5069       12461.2038       1.0164e-08       -0.0582 
9302.5069       12461.2038       1.1858e-08       -0.0239 
9302.5069       12461.2038       1.3552e-08       -0.0056 
9302.5069       12461.2038       1.5246e-08       0.0000 
9302.5069       12461.2038       2.2554e-08       -0.0730 
9302.5069       12461.2038       2.9862e-08       -0.2423 
9302.5069       12461.2038       3.7169e-08       -0.4671 
9302.5069       12461.2038       4.4477e-08       -0.7282 
9302.5069       12461.2038       5.1784e-08       -1.0148 
9302.5069       12461.2038       5.9092e-08       -1.3203 
9302.5069       12461.2038       6.6400e-08       -1.6406 
9302.5069       12461.2038       7.3707e-08       -1.9725 
9302.5069       12461.2038       8.1015e-08       -2.3139 
9302.5069       12461.2038       8.8323e-08       -2.6633 
12461.2038       16692.4468       0.0000e+00       0.0000 
12461.2038       16692.4468       3.5432e-14       -0.0000 
12461.2038       16692.4468       5.0435e-09       -0.0660 
12461.2038       16692.4468       1.0087e-08       -0.1551 
12461.2038       16692.4468       1.5130e-08       -0.2616 
12461.2038       16692.4468       2.0174e-08       -0.3817 
12461.2038       16692.4468       2.5217e-08       -0.5126 
12461.2038       16692.4468       3.0261e-08       -0.6525 
12461.2038       16692.4468       3.5304e-08       -0.7999 
12461.2038       16692.4468       4.0348e-08       -0.9536 
12461.2038       16692.4468       4.5391e-08       -1.1127 
12461.2038       16692.4468       5.0435e-08       -1.2766 
12461.2038       16692.4468       5.5478e-08       -1.4446 
12461.2038       16692.4468       6.0522e-08       -1.6163 
12461.2038       16692.4468       6.5565e-08       -1.7912 
12461.2038       16692.4468       7.0609e-08       -1.9690 
12461.2038       16692.4468       7.5652e-08       -2.1495 
12461.2038       16692.4468       8.0696e-08       -2.3324 
12461.2038       16692.4468       8.5739e-08       -2.5174 
12461.2038       16692.4468       9.0783e-08       -2.7044 
16692.4468       22360.9371       0.0000e+00       0.0000 
16692.4468       22360.9371       6.7605e-15       -0.0000 
16692.4468       22360.9371       4.4780e-09       -0.1500 
16692.4468       22360.9371       8.9560e-09       -0.3000 
16692.4468       22360.9371       1.3434e-08       -0.4500 
16692.4468       22360.9371       1.7912e-08       -0.6001 
16692.4468       22360.9371       2.2390e-08       -0.7503 
16692.4468       22360.9371       2.6868e-08       -0.9005 
16692.4468       22360.9371       3.1346e-08       -1.0507 
16692.4468       22360.9371       3.5824e-08       -1.2010 
16692.4468       22360.9371       4.0302e-08       -1.3513 
16692.4468       22360.9371       4.4780e-08       -1.5016 
16692.4468       22360.9371       4.9258e-08       -1.6520 
16692.4468       22360.9371       5.3736e-08       -1.8025 
16692.4468       22360.9371       5.8214e-08       -1.9529 
16692.4468       22360.9371       6.2692e-08       -2.1034 
16692.4468       22360.9371       6.7170e-08       -2.2540 
16692.4468       22360.9371       7.1648e-08       -2.4046 
16692.4468       22360.9371       7.6126e-08       -2.5552 
16692.4468       22360.9371       8.0604e-08       -2.7059 
22360.9371       29953.6672       0.0000e+00       0.0000 
22360.9371       29953.6672       2.6044e-15       -0.0000 
22360.9371       29953.6672       5.8647e-09       -0.1502 
22360.9371       29953.6672       1.1729e-08       -0.3005 
22360.9371       29953.6672       1.7594e-08       -0.4508 
22360.9371       29953.6672       2.3459e-08       -0.6011 
22360.9371       29953.6672       2.9324e-08       -0.7513 
22360.9371       29953.6672       3.5188e-08       -0.9016 
22360.9371       29953.6672       4.1053e-08       -1.0519 
22360.9371       29953.6672       4.6918e-08       -1.2023 
22360.9371       29953.6672       5.2783e-08       -1.3526 
22360.9371       29953.6672       5.8647e-08       -1.5029 
22360.9371       29953.6672       6.4512e-08       -1.6533 
22360.9371       29953.6672       7.0377e-08       -1.8036 
22360.9371       29953.6672       7.6242e-08       -1.9540 
22360.9371       29953.6672       8.2106e-08       -2.1043 
22360.9371       29953.6672       8.7971e-08       -2.2547 
22360.9371       29953.6672       9.3836e-08       -2.4051 
22360.9371       29953.6672       9.9701e-08       -2.5555 
22360.9371       29953.6672       1.0557e-07       -2.7059 
29953.6672       40124.5339       0.0000e+00       -0.0023 
29953.6672       40124.5339       1.1193e-09       0.0000 
29953.6672       40124.5339       1.3874e-08       -0.0080 
29953.6672       40124.5339       2.6628e-08       -0.0628 
29953.6672       40124.5339       3.9383e-08       -0.1491 
29953.6672       40124.5339       5.2137e-08       -0.2582 
29953.6672       40124.5339       6.4891e-08       -0.3844 
29953.6672       40124.5339       7.7646e-08       -0.5241 
29953.6672       40124.5339       9.0400e-08       -0.6745 
29953.6672       40124.5339       1.0315e-07       -0.8338 
29953.6672       40124.5339       1.1591e-07       -1.0006 
29953.6672       40124.5339       1.2866e-07       -1.1736 
29953.6672       40124.5339       1.4142e-07       -1.3520 
29953.6672       40124.5339       1.5417e-07       -1.5351 
29953.6672       40124.5339       1.6693e-07       -1.7224 
29953.6672       40124.5339       1.7968e-07       -1.9132 
29953.6672       40124.5339       1.9244e-07       -2.1074 
29953.6672       40124.5339       2.0519e-07       -2.3044 
29953.6672       40124.5339       2.1794e-07       -2.5041 
29953.6672       40124.5339       2.3070e-07       -2.7061 
40124.5339       53748.9519       0.0000e+00       0.0000 
40124.5339       53748.9519       1.0963e-15       -0.0000 
40124.5339       53748.9519       9.9688e-09       -0.1503 
40124.5339       53748.9519       1.9938e-08       -0.3007 
40124.5339       53748.9519       2.9906e-08       -0.4510 
40124.5339       53748.9519       3.9875e-08       -0.6013 
40124.5339       53748.9519       4.9844e-08       -0.7516 
40124.5339       53748.9519       5.9813e-08       -0.9020 
40124.5339       53748.9519       6.9782e-08       -1.0523 
40124.5339       53748.9519       7.9750e-08       -1.2026 
40124.5339       53748.9519       8.9719e-08       -1.3529 
40124.5339       53748.9519       9.9688e-08       -1.5033 
40124.5339       53748.9519       1.0966e-07       -1.6536 
40124.5339       53748.9519       1.1963e-07       -1.8039 
40124.5339       53748.9519       1.2959e-07       -1.9543 
40124.5339       53748.9519       1.3956e-07       -2.1046 
40124.5339       53748.9519       1.4953e-07       -2.2549 
40124.5339       53748.9519       1.5950e-07       -2.4052 
40124.5339       53748.9519       1.6947e-07       -2.5556 
40124.5339       53748.9519       1.7944e-07       -2.7059 
53748.9519       72001.2440       0.0000e+00       0.0000 
53748.9519       72001.2440       9.2276e-13       -0.0000 
53748.9519       72001.2440       1.3367e-08       -0.1503 
53748.9519       72001.2440       2.6733e-08       -0.3007 
53748.9519       72001.2440       4.0100e-08       -0.4510 
53748.9519       72001.2440       5.3466e-08       -0.6013 
53748.9519       72001.2440       6.6832e-08       -0.7516 
53748.9519       72001.2440       8.0198e-08       -0.9020 
53748.9519       72001.2440       9.3565e-08       -1.0523 
53748.9519       72001.2440       1.0693e-07       -1.2026 
53748.9519       72001.2440       1.2030e-07       -1.3530 
53748.9519       72001.2440       1.3366e-07       -1.5033 
53748.9519       72001.2440       1.4703e-07       -1.6536 
53748.9519       72001.2440       1.6040e-07       -1.8039 
53748.9519       72001.2440       1.7376e-07       -1.9543 
53748.9519       72001.2440       1.8713e-07       -2.1046 
53748.9519       72001.2440       2.0049e-07       -2.2549 
53748.9519       72001.2440       2.1386e-07       -2.4052 
53748.9519       72001.2440       2.2723e-07       -2.5556 
53748.9519       72001.2440       2.4059e-07       -2.7059 
72001.2440       96449.5043       0.0000e+00       0.0000 
72001.2440       96449.5043       4.3554e-13       -0.0000 
72001.2440       96449.5043       3.0352e-08       -0.0838 
72001.2440       96449.5043       6.0704e-08       -0.1824 
72001.2440       96449.5043       9.1056e-08       -0.2932 
72001.2440       96449.5043       1.2141e-07       -0.4144 
72001.2440       96449.5043       1.5176e-07       -0.5445 
72001.2440       96449.5043       1.8211e-07       -0.6822 
72001.2440       96449.5043       2.1246e-07       -0.8267 
72001.2440       96449.5043       2.4281e-07       -0.9770 
72001.2440       96449.5043       2.7317e-07       -1.1327 
72001.2440       96449.5043       3.0352e-07       -1.2930 
72001.2440       96449.5043       3.3387e-07       -1.4577 
72001.2440       96449.5043       3.6422e-07       -1.6263 
72001.2440       96449.5043       3.9457e-07       -1.7984 
72001.2440       96449.5043       4.2492e-07       -1.9737 
72001.2440       96449.5043       4.5528e-07       -2.1520 
72001.2440       96449.5043       4.8563e-07       -2.3331 
72001.2440       96449.5043       5.1598e-07       -2.5168 
72001.2440       96449.5043       5.4633e-07       -2.7028 
96449.5043       129199.2522       0.0000e+00       0.0000 
96449.5043       129199.2522       8.5838e-14       -0.0000 
96449.5043       129199.2522       2.4578e-08       -0.1503 
96449.5043       129199.2522       4.9157e-08       -0.3006 
96449.5043       129199.2522       7.3735e-08       -0.4509 
96449.5043       129199.2522       9.8313e-08       -0.6012 
96449.5043       129199.2522       1.2289e-07       -0.7516 
96449.5043       129199.2522       1.4747e-07       -0.9019 
96449.5043       129199.2522       1.7205e-07       -1.0522 
96449.5043       129199.2522       1.9663e-07       -1.2025 
96449.5043       129199.2522       2.2120e-07       -1.3528 
96449.5043       129199.2522       2.4578e-07       -1.5032 
96449.5043       129199.2522       2.7036e-07       -1.6535 
96449.5043       129199.2522       2.9494e-07       -1.8038 
96449.5043       129199.2522       3.1952e-07       -1.9542 
96449.5043       129199.2522       3.4410e-07       -2.1045 
96449.5043       129199.2522       3.6867e-07       -2.2549 
96449.5043       129199.2522       3.9325e-07       -2.4052 
96449.5043       129199.2522       4.1783e-07       -2.5556 
96449.5043       129199.2522       4.4241e-07       -2.7059 
129199.2522       173069.2852       0.0000e+00       0.0000 
129199.2522       173069.2852       8.0503e-16       -0.0000 
129199.2522       173069.2852       3.2873e-08       -0.1503 
129199.2522       173069.2852       6.5746e-08       -0.3006 
129199.2522       173069.2852       9.8620e-08       -0.4510 
129199.2522       173069.2852       1.3149e-07       -0.6013 
129199.2522       173069.2852       1.6437e-07       -0.7516 
129199.2522       173069.2852       1.9724e-07       -0.9019 
129199.2522       173069.2852       2.3011e-07       -1.0523 
129199.2522       173069.2852       2.6299e-07       -1.2026 
129199.2522       173069.2852       2.9586e-07       -1.3529 
129199.2522       173069.2852       3.2873e-07       -1.5032 
129199.2522       173069.2852       3.6160e-07       -1.6536 
129199.2522       173069.2852       3.9448e-07       -1.8039 
129199.2522       173069.2852       4.2735e-07       -1.9542 
129199.2522       173069.2852       4.6022e-07       -2.1046 
129199.2522       173069.2852       4.9310e-07       -2.2549 
129199.2522       173069.2852       5.2597e-07       -2.4052 
129199.2522       173069.2852       5.5884e-07       -2.5556 
129199.2522       173069.2852       5.9172e-07       -2.7059 
173069.2852       231840.8711       0.0000e+00       0.0000 
173069.2852       231840.8711       7.3580e-16       -0.0000 
173069.2852       231840.8711       4.6882e-08       -0.1494 
173069.2852       231840.8711       9.3765e-08       -0.2990 
173069.2852       231840.8711       1.4065e-07       -0.4486 
173069.2852       231840.8711       1.8753e-07       -0.5984 
173069.2852       231840.8711       2.3441e-07       -0.7483 
173069.2852       231840.8711       2.8129e-07       -0.8983 
173069.2852       231840.8711       3.2818e-07       -1.0484 
173069.2852       231840.8711       3.7506e-07       -1.1986 
173069.2852       231840.8711       4.2194e-07       -1.3489 
173069.2852       231840.8711       4.6882e-07       -1.4993 
173069.2852       231840.8711       5.1571e-07       -1.6498 
173069.2852       231840.8711       5.6259e-07       -1.8004 
173069.2852       231840.8711       6.0947e-07       -1.9511 
173069.2852       231840.8711       6.5635e-07       -2.1019 
173069.2852       231840.8711       7.0324e-07       -2.2528 
173069.2852       231840.8711       7.5012e-07       -2.4037 
173069.2852       231840.8711       7.9700e-07       -2.5548 
173069.2852       231840.8711       8.4388e-07       -2.7059 
231840.8711       310563.2050       0.0000e+00       0.0000 
231840.8711       310563.2050       6.9818e-16       -0.0000 
231840.8711       310563.2050       5.9056e-08       -0.1503 
231840.8711       310563.2050       1.1811e-07       -0.3007 
231840.8711       310563.2050       1.7717e-07       -0.4510 
231840.8711       310563.2050       2.3622e-07       -0.6013 
231840.8711       310563.2050       2.9528e-07       -0.7516 
231840.8711       310563.2050       3.5434e-07       -0.9020 
231840.8711       310563.2050       4.1339e-07       -1.0523 
231840.8711       310563.2050       4.7245e-07       -1.2026 
231840.8711       310563.2050       5.3151e-07       -1.3530 
231840.8711       310563.2050       5.9056e-07       -1.5033 
231840.8711       310563.2050       6.4962e-07       -1.6536 
231840.8711       310563.2050       7.0867e-07       -1.8039 
231840.8711       310563.2050       7.6773e-07       -1.9543 
231840.8711       310563.2050       8.2679e-07       -2.1046 
231840.8711       310563.2050       8.8584e-07       -2.2549 
231840.8711       310563.2050       9.4490e-07       -2.4052 
231840.8711       310563.2050       1.0040e-06       -2.5556 
231840.8711       310563.2050       1.0630e-06       -2.7059 
310563.2050       416015.9675       0.0000e+00       0.0000 
310563.2050       416015.9675       6.5384e-16       -0.0000 
310563.2050       416015.9675       7.9741e-08       -0.1503 
310563.2050       416015.9675       1.5948e-07       -0.3007 
310563.2050       416015.9675       2.3922e-07       -0.4510 
310563.2050       416015.9675       3.1896e-07       -0.6013 
310563.2050       416015.9675       3.9870e-07       -0.7516 
310563.2050       416015.9675       4.7845e-07       -0.9020 
310563.2050       416015.9675       5.5819e-07       -1.0523 
310563.2050       416015.9675       6.3793e-07       -1.2026 
310563.2050       416015.9675       7.1767e-07       -1.3529 
310563.2050       416015.9675       7.9741e-07       -1.5033 
310563.2050       416015.9675       8.7715e-07       -1.6536 
310563.2050       416015.9675       9.5689e-07       -1.8039 
310563.2050       416015.9675       1.0366e-06       -1.9543 
310563.2050       416015.9675       1.1164e-06       -2.1046 
310563.2050       416015.9675       1.1961e-06       -2.2549 
310563.2050       416015.9675       1.2759e-06       -2.4052 
310563.2050       416015.9675       1.3556e-06       -2.5556 
310563.2050       416015.9675       1.4353e-06       -2.7059 
416015.9675       557275.5639       0.0000e+00       0.0000 
416015.9675       557275.5639       5.7408e-10       -0.0008 
416015.9675       557275.5639       1.0880e-07       -0.1511 
416015.9675       557275.5639       2.1703e-07       -0.3014 
416015.9675       557275.5639       3.2526e-07       -0.4516 
416015.9675       557275.5639       4.3349e-07       -0.6019 
416015.9675       557275.5639       5.4172e-07       -0.7522 
416015.9675       557275.5639       6.4995e-07       -0.9025 
416015.9675       557275.5639       7.5818e-07       -1.0528 
416015.9675       557275.5639       8.6641e-07       -1.2031 
416015.9675       557275.5639       9.7464e-07       -1.3533 
416015.9675       557275.5639       1.0829e-06       -1.5036 
416015.9675       557275.5639       1.1911e-06       -1.6539 
416015.9675       557275.5639       1.2993e-06       -1.8042 
416015.9675       557275.5639       1.4076e-06       -1.9545 
416015.9675       557275.5639       1.5158e-06       -2.1048 
416015.9675       557275.5639       1.6240e-06       -2.2550 
416015.9675       557275.5639       1.7323e-06       -2.4053 
416015.9675       557275.5639       1.8405e-06       -2.5556 
416015.9675       557275.5639       1.9487e-06       -2.7059 
557275.5639       746517.5120       0.0000e+00       0.0000 
557275.5639       746517.5120       5.3703e-10       -0.0005 
557275.5639       746517.5120       1.4898e-07       -0.1508 
557275.5639       746517.5120       2.9742e-07       -0.3011 
557275.5639       746517.5120       4.4586e-07       -0.4514 
557275.5639       746517.5120       5.9430e-07       -0.6017 
557275.5639       746517.5120       7.4274e-07       -0.7520 
557275.5639       746517.5120       8.9118e-07       -0.9023 
557275.5639       746517.5120       1.0396e-06       -1.0526 
557275.5639       746517.5120       1.1881e-06       -1.2029 
557275.5639       746517.5120       1.3365e-06       -1.3532 
557275.5639       746517.5120       1.4849e-06       -1.5035 
557275.5639       746517.5120       1.6334e-06       -1.6538 
557275.5639       746517.5120       1.7818e-06       -1.8041 
557275.5639       746517.5120       1.9303e-06       -1.9544 
557275.5639       746517.5120       2.0787e-06       -2.1047 
557275.5639       746517.5120       2.2271e-06       -2.2550 
557275.5639       746517.5120       2.3756e-06       -2.4053 
557275.5639       746517.5120       2.5240e-06       -2.5556 
557275.5639       746517.5120       2.6725e-06       -2.7059 
746517.5120       1000000.0000       0.0000e+00       0.0000 
746517.5120       1000000.0000       5.0120e-10       -0.0003 
746517.5120       1000000.0000       2.1556e-07       -0.1507 
746517.5120       1000000.0000       4.3063e-07       -0.3010 
746517.5120       1000000.0000       6.4569e-07       -0.4513 
746517.5120       1000000.0000       8.6075e-07       -0.6016 
746517.5120       1000000.0000       1.0758e-06       -0.7519 
746517.5120       1000000.0000       1.2909e-06       -0.9022 
746517.5120       1000000.0000       1.5059e-06       -1.0525 
746517.5120       1000000.0000       1.7210e-06       -1.2028 
746517.5120       1000000.0000       1.9361e-06       -1.3531 
746517.5120       1000000.0000       2.1511e-06       -1.5034 
746517.5120       1000000.0000       2.3662e-06       -1.6537 
746517.5120       1000000.0000       2.5812e-06       -1.8040 
746517.5120       1000000.0000       2.7963e-06       -1.9544 
746517.5120       1000000.0000       3.0114e-06       -2.1047 
746517.5120       1000000.0000       3.2264e-06       -2.2550 
746517.5120       1000000.0000       3.4415e-06       -2.4053 
746517.5120       1000000.0000       3.6566e-06       -2.5556 
746517.5120       1000000.0000       3.8716e-06       -2.7059 
