#Draco_2  Log10(Jfactor)=18.930   sigmaJ=1.545 
#[0]emin(MeV) [1]emax(MeV) [2]eflux(MeV/cm^2/s) [3]deltaLogLike 
500.0000       669.7766       0.0000e+00       -0.2313 
500.0000       669.7766       1.7842e-08       0.0000 
500.0000       669.7766       2.1578e-08       -0.0097 
500.0000       669.7766       2.5314e-08       -0.0383 
500.0000       669.7766       2.9050e-08       -0.0852 
500.0000       669.7766       3.2786e-08       -0.1499 
500.0000       669.7766       3.6522e-08       -0.2320 
500.0000       669.7766       4.0258e-08       -0.3310 
500.0000       669.7766       4.3994e-08       -0.4464 
500.0000       669.7766       4.7730e-08       -0.5780 
500.0000       669.7766       5.1466e-08       -0.7253 
500.0000       669.7766       5.5202e-08       -0.8879 
500.0000       669.7766       5.8938e-08       -1.0655 
500.0000       669.7766       6.2674e-08       -1.2578 
500.0000       669.7766       6.6410e-08       -1.4644 
500.0000       669.7766       7.0146e-08       -1.6851 
500.0000       669.7766       7.3882e-08       -1.9195 
500.0000       669.7766       7.7618e-08       -2.1673 
500.0000       669.7766       8.1354e-08       -2.4284 
500.0000       669.7766       8.5090e-08       -2.7024 
669.7766       897.2222       0.0000e+00       -0.2605 
669.7766       897.2222       1.5905e-08       0.0000 
669.7766       897.2222       1.9172e-08       -0.0100 
669.7766       897.2222       2.2438e-08       -0.0396 
669.7766       897.2222       2.5705e-08       -0.0880 
669.7766       897.2222       2.8971e-08       -0.1547 
669.7766       897.2222       3.2238e-08       -0.2389 
669.7766       897.2222       3.5504e-08       -0.3399 
669.7766       897.2222       3.8771e-08       -0.4575 
669.7766       897.2222       4.2037e-08       -0.5908 
669.7766       897.2222       4.5304e-08       -0.7395 
669.7766       897.2222       4.8571e-08       -0.9032 
669.7766       897.2222       5.1837e-08       -1.0813 
669.7766       897.2222       5.5104e-08       -1.2736 
669.7766       897.2222       5.8370e-08       -1.4795 
669.7766       897.2222       6.1637e-08       -1.6988 
669.7766       897.2222       6.4903e-08       -1.9311 
669.7766       897.2222       6.8170e-08       -2.1761 
669.7766       897.2222       7.1436e-08       -2.4335 
669.7766       897.2222       7.4703e-08       -2.7029 
897.2222       1201.8769       0.0000e+00       -1.5942 
897.2222       1201.8769       3.6069e-09       -1.2218 
897.2222       1201.8769       7.2137e-09       -0.9092 
897.2222       1201.8769       1.0821e-08       -0.6503 
897.2222       1201.8769       1.4427e-08       -0.4402 
897.2222       1201.8769       1.8034e-08       -0.2750 
897.2222       1201.8769       2.1641e-08       -0.1512 
897.2222       1201.8769       2.5248e-08       -0.0657 
897.2222       1201.8769       2.8855e-08       -0.0161 
897.2222       1201.8769       3.2462e-08       0.0000 
897.2222       1201.8769       3.7775e-08       -0.0333 
897.2222       1201.8769       4.3087e-08       -0.1296 
897.2222       1201.8769       4.8400e-08       -0.2842 
897.2222       1201.8769       5.3713e-08       -0.4931 
897.2222       1201.8769       5.9025e-08       -0.7526 
897.2222       1201.8769       6.4338e-08       -1.0596 
897.2222       1201.8769       6.9651e-08       -1.4114 
897.2222       1201.8769       7.4964e-08       -1.8054 
897.2222       1201.8769       8.0276e-08       -2.2395 
897.2222       1201.8769       8.5589e-08       -2.7116 
1201.8769       1609.9782       0.0000e+00       -0.0000 
1201.8769       1609.9782       1.5374e-14       0.0000 
1201.8769       1609.9782       1.8041e-09       -0.0670 
1201.8769       1609.9782       3.6081e-09       -0.1474 
1201.8769       1609.9782       5.4122e-09       -0.2402 
1201.8769       1609.9782       7.2163e-09       -0.3444 
1201.8769       1609.9782       9.0203e-09       -0.4594 
1201.8769       1609.9782       1.0824e-08       -0.5844 
1201.8769       1609.9782       1.2628e-08       -0.7188 
1201.8769       1609.9782       1.4432e-08       -0.8621 
1201.8769       1609.9782       1.6237e-08       -1.0140 
1201.8769       1609.9782       1.8041e-08       -1.1739 
1201.8769       1609.9782       1.9845e-08       -1.3415 
1201.8769       1609.9782       2.1649e-08       -1.5164 
1201.8769       1609.9782       2.3453e-08       -1.6983 
1201.8769       1609.9782       2.5257e-08       -1.8871 
1201.8769       1609.9782       2.7061e-08       -2.0823 
1201.8769       1609.9782       2.8865e-08       -2.2837 
1201.8769       1609.9782       3.0669e-08       -2.4912 
1201.8769       1609.9782       3.2473e-08       -2.7044 
1609.9782       2156.6516       0.0000e+00       -0.1209 
1609.9782       2156.6516       6.3281e-09       0.0000 
1609.9782       2156.6516       8.6205e-09       -0.0120 
1609.9782       2156.6516       1.0913e-08       -0.0483 
1609.9782       2156.6516       1.3205e-08       -0.1065 
1609.9782       2156.6516       1.5498e-08       -0.1844 
1609.9782       2156.6516       1.7790e-08       -0.2804 
1609.9782       2156.6516       2.0083e-08       -0.3931 
1609.9782       2156.6516       2.2375e-08       -0.5210 
1609.9782       2156.6516       2.4667e-08       -0.6633 
1609.9782       2156.6516       2.6960e-08       -0.8188 
1609.9782       2156.6516       2.9252e-08       -0.9867 
1609.9782       2156.6516       3.1545e-08       -1.1664 
1609.9782       2156.6516       3.3837e-08       -1.3571 
1609.9782       2156.6516       3.6129e-08       -1.5582 
1609.9782       2156.6516       3.8422e-08       -1.7693 
1609.9782       2156.6516       4.0714e-08       -1.9897 
1609.9782       2156.6516       4.3007e-08       -2.2190 
1609.9782       2156.6516       4.5299e-08       -2.4569 
1609.9782       2156.6516       4.7592e-08       -2.7030 
2156.6516       2889.0164       0.0000e+00       -0.5084 
2156.6516       2889.0164       1.0319e-08       0.0000 
2156.6516       2889.0164       1.2426e-08       -0.0136 
2156.6516       2889.0164       1.4533e-08       -0.0530 
2156.6516       2889.0164       1.6639e-08       -0.1151 
2156.6516       2889.0164       1.8746e-08       -0.1973 
2156.6516       2889.0164       2.0852e-08       -0.2975 
2156.6516       2889.0164       2.2959e-08       -0.4139 
2156.6516       2889.0164       2.5065e-08       -0.5452 
2156.6516       2889.0164       2.7172e-08       -0.6901 
2156.6516       2889.0164       2.9279e-08       -0.8475 
2156.6516       2889.0164       3.1385e-08       -1.0164 
2156.6516       2889.0164       3.3492e-08       -1.1962 
2156.6516       2889.0164       3.5598e-08       -1.3860 
2156.6516       2889.0164       3.7705e-08       -1.5852 
2156.6516       2889.0164       3.9811e-08       -1.7933 
2156.6516       2889.0164       4.1918e-08       -2.0097 
2156.6516       2889.0164       4.4025e-08       -2.2339 
2156.6516       2889.0164       4.6131e-08       -2.4656 
2156.6516       2889.0164       4.8238e-08       -2.7044 
2889.0164       3869.9914       0.0000e+00       0.0000 
2889.0164       3869.9914       1.7068e-13       -0.0000 
2889.0164       3869.9914       1.9370e-09       -0.0371 
2889.0164       3869.9914       3.8738e-09       -0.0997 
2889.0164       3869.9914       5.8107e-09       -0.1830 
2889.0164       3869.9914       7.7475e-09       -0.2835 
2889.0164       3869.9914       9.6843e-09       -0.3987 
2889.0164       3869.9914       1.1621e-08       -0.5267 
2889.0164       3869.9914       1.3558e-08       -0.6660 
2889.0164       3869.9914       1.5495e-08       -0.8154 
2889.0164       3869.9914       1.7432e-08       -0.9739 
2889.0164       3869.9914       1.9368e-08       -1.1406 
2889.0164       3869.9914       2.1305e-08       -1.3150 
2889.0164       3869.9914       2.3242e-08       -1.4963 
2889.0164       3869.9914       2.5179e-08       -1.6841 
2889.0164       3869.9914       2.7116e-08       -1.8779 
2889.0164       3869.9914       2.9053e-08       -2.0773 
2889.0164       3869.9914       3.0989e-08       -2.2821 
2889.0164       3869.9914       3.2926e-08       -2.4917 
2889.0164       3869.9914       3.4863e-08       -2.7061 
3869.9914       5184.0598       0.0000e+00       0.0000 
3869.9914       5184.0598       5.2903e-15       -0.0000 
3869.9914       5184.0598       1.5722e-09       -0.1371 
3869.9914       5184.0598       3.1445e-09       -0.2761 
3869.9914       5184.0598       4.7167e-09       -0.4170 
3869.9914       5184.0598       6.2889e-09       -0.5595 
3869.9914       5184.0598       7.8611e-09       -0.7038 
3869.9914       5184.0598       9.4334e-09       -0.8496 
3869.9914       5184.0598       1.1006e-08       -0.9970 
3869.9914       5184.0598       1.2578e-08       -1.1459 
3869.9914       5184.0598       1.4150e-08       -1.2962 
3869.9914       5184.0598       1.5722e-08       -1.4479 
3869.9914       5184.0598       1.7295e-08       -1.6009 
3869.9914       5184.0598       1.8867e-08       -1.7552 
3869.9914       5184.0598       2.0439e-08       -1.9107 
3869.9914       5184.0598       2.2011e-08       -2.0675 
3869.9914       5184.0598       2.3583e-08       -2.2254 
3869.9914       5184.0598       2.5156e-08       -2.3844 
3869.9914       5184.0598       2.6728e-08       -2.5446 
3869.9914       5184.0598       2.8300e-08       -2.7058 
5184.0598       6944.3244       0.0000e+00       -0.0000 
5184.0598       6944.3244       3.3013e-15       0.0000 
5184.0598       6944.3244       2.0723e-09       -0.1152 
5184.0598       6944.3244       4.1447e-09       -0.2369 
5184.0598       6944.3244       6.2170e-09       -0.3643 
5184.0598       6944.3244       8.2893e-09       -0.4969 
5184.0598       6944.3244       1.0362e-08       -0.6341 
5184.0598       6944.3244       1.2434e-08       -0.7756 
5184.0598       6944.3244       1.4506e-08       -0.9208 
5184.0598       6944.3244       1.6579e-08       -1.0696 
5184.0598       6944.3244       1.8651e-08       -1.2216 
5184.0598       6944.3244       2.0723e-08       -1.3767 
5184.0598       6944.3244       2.2796e-08       -1.5345 
5184.0598       6944.3244       2.4868e-08       -1.6950 
5184.0598       6944.3244       2.6940e-08       -1.8579 
5184.0598       6944.3244       2.9013e-08       -2.0232 
5184.0598       6944.3244       3.1085e-08       -2.1906 
5184.0598       6944.3244       3.3157e-08       -2.3602 
5184.0598       6944.3244       3.5230e-08       -2.5316 
5184.0598       6944.3244       3.7302e-08       -2.7050 
6944.3244       9302.5069       0.0000e+00       -0.0885 
6944.3244       9302.5069       4.3504e-09       0.0000 
6944.3244       9302.5069       7.1542e-09       -0.0229 
6944.3244       9302.5069       9.9580e-09       -0.0831 
6944.3244       9302.5069       1.2762e-08       -0.1701 
6944.3244       9302.5069       1.5566e-08       -0.2774 
6944.3244       9302.5069       1.8369e-08       -0.4005 
6944.3244       9302.5069       2.1173e-08       -0.5366 
6944.3244       9302.5069       2.3977e-08       -0.6833 
6944.3244       9302.5069       2.6781e-08       -0.8391 
6944.3244       9302.5069       2.9585e-08       -1.0026 
6944.3244       9302.5069       3.2388e-08       -1.1729 
6944.3244       9302.5069       3.5192e-08       -1.3491 
6944.3244       9302.5069       3.7996e-08       -1.5306 
6944.3244       9302.5069       4.0800e-08       -1.7169 
6944.3244       9302.5069       4.3604e-08       -1.9074 
6944.3244       9302.5069       4.6407e-08       -2.1017 
6944.3244       9302.5069       4.9211e-08       -2.2996 
6944.3244       9302.5069       5.2015e-08       -2.5008 
6944.3244       9302.5069       5.4819e-08       -2.7049 
9302.5069       12461.2038       0.0000e+00       -0.3889 
9302.5069       12461.2038       2.0828e-08       0.0000 
9302.5069       12461.2038       2.6025e-08       -0.0158 
9302.5069       12461.2038       3.1222e-08       -0.0599 
9302.5069       12461.2038       3.6420e-08       -0.1280 
9302.5069       12461.2038       4.1617e-08       -0.2167 
9302.5069       12461.2038       4.6814e-08       -0.3233 
9302.5069       12461.2038       5.2012e-08       -0.4457 
9302.5069       12461.2038       5.7209e-08       -0.5821 
9302.5069       12461.2038       6.2406e-08       -0.7310 
9302.5069       12461.2038       6.7603e-08       -0.8913 
9302.5069       12461.2038       7.2801e-08       -1.0618 
9302.5069       12461.2038       7.7998e-08       -1.2418 
9302.5069       12461.2038       8.3195e-08       -1.4303 
9302.5069       12461.2038       8.8393e-08       -1.6268 
9302.5069       12461.2038       9.3590e-08       -1.8307 
9302.5069       12461.2038       9.8787e-08       -2.0414 
9302.5069       12461.2038       1.0398e-07       -2.2584 
9302.5069       12461.2038       1.0918e-07       -2.4814 
9302.5069       12461.2038       1.1438e-07       -2.7099 
12461.2038       16692.4468       0.0000e+00       0.0000 
12461.2038       16692.4468       5.7683e-16       -0.0000 
12461.2038       16692.4468       3.1452e-09       -0.1400 
12461.2038       16692.4468       6.2905e-09       -0.2817 
12461.2038       16692.4468       9.4357e-09       -0.4249 
12461.2038       16692.4468       1.2581e-08       -0.5695 
12461.2038       16692.4468       1.5726e-08       -0.7155 
12461.2038       16692.4468       1.8871e-08       -0.8628 
12461.2038       16692.4468       2.2017e-08       -1.0112 
12461.2038       16692.4468       2.5162e-08       -1.1607 
12461.2038       16692.4468       2.8307e-08       -1.3113 
12461.2038       16692.4468       3.1452e-08       -1.4629 
12461.2038       16692.4468       3.4598e-08       -1.6154 
12461.2038       16692.4468       3.7743e-08       -1.7688 
12461.2038       16692.4468       4.0888e-08       -1.9230 
12461.2038       16692.4468       4.4033e-08       -2.0781 
12461.2038       16692.4468       4.7179e-08       -2.2339 
12461.2038       16692.4468       5.0324e-08       -2.3904 
12461.2038       16692.4468       5.3469e-08       -2.5477 
12461.2038       16692.4468       5.6614e-08       -2.7056 
16692.4468       22360.9371       0.0000e+00       0.0000 
16692.4468       22360.9371       1.6685e-16       -0.0000 
16692.4468       22360.9371       3.9652e-09       -0.1418 
16692.4468       22360.9371       7.9304e-09       -0.2849 
16692.4468       22360.9371       1.1896e-08       -0.4294 
16692.4468       22360.9371       1.5861e-08       -0.5750 
16692.4468       22360.9371       1.9826e-08       -0.7217 
16692.4468       22360.9371       2.3791e-08       -0.8695 
16692.4468       22360.9371       2.7757e-08       -1.0182 
16692.4468       22360.9371       3.1722e-08       -1.1679 
16692.4468       22360.9371       3.5687e-08       -1.3184 
16692.4468       22360.9371       3.9652e-08       -1.4698 
16692.4468       22360.9371       4.3617e-08       -1.6219 
16692.4468       22360.9371       4.7583e-08       -1.7748 
16692.4468       22360.9371       5.1548e-08       -1.9284 
16692.4468       22360.9371       5.5513e-08       -2.0826 
16692.4468       22360.9371       5.9478e-08       -2.2374 
16692.4468       22360.9371       6.3443e-08       -2.3929 
16692.4468       22360.9371       6.7409e-08       -2.5489 
16692.4468       22360.9371       7.1374e-08       -2.7055 
22360.9371       29953.6672       0.0000e+00       0.0000 
22360.9371       29953.6672       8.3102e-17       -0.0000 
22360.9371       29953.6672       4.4645e-09       -0.1501 
22360.9371       29953.6672       8.9289e-09       -0.3003 
22360.9371       29953.6672       1.3393e-08       -0.4505 
22360.9371       29953.6672       1.7858e-08       -0.6007 
22360.9371       29953.6672       2.2322e-08       -0.7509 
22360.9371       29953.6672       2.6787e-08       -0.9011 
22360.9371       29953.6672       3.1251e-08       -1.0514 
22360.9371       29953.6672       3.5716e-08       -1.2017 
22360.9371       29953.6672       4.0180e-08       -1.3520 
22360.9371       29953.6672       4.4645e-08       -1.5024 
22360.9371       29953.6672       4.9109e-08       -1.6527 
22360.9371       29953.6672       5.3574e-08       -1.8031 
22360.9371       29953.6672       5.8038e-08       -1.9535 
22360.9371       29953.6672       6.2503e-08       -2.1040 
22360.9371       29953.6672       6.6967e-08       -2.2544 
22360.9371       29953.6672       7.1431e-08       -2.4049 
22360.9371       29953.6672       7.5896e-08       -2.5554 
22360.9371       29953.6672       8.0360e-08       -2.7059 
29953.6672       40124.5339       0.0000e+00       -0.0000 
29953.6672       40124.5339       5.2047e-17       0.0000 
29953.6672       40124.5339       6.8214e-09       -0.1432 
29953.6672       40124.5339       1.3643e-08       -0.2875 
29953.6672       40124.5339       2.0464e-08       -0.4328 
29953.6672       40124.5339       2.7286e-08       -0.5791 
29953.6672       40124.5339       3.4107e-08       -0.7264 
29953.6672       40124.5339       4.0928e-08       -0.8745 
29953.6672       40124.5339       4.7750e-08       -1.0234 
29953.6672       40124.5339       5.4571e-08       -1.1732 
29953.6672       40124.5339       6.1393e-08       -1.3236 
29953.6672       40124.5339       6.8214e-08       -1.4748 
29953.6672       40124.5339       7.5035e-08       -1.6266 
29953.6672       40124.5339       8.1857e-08       -1.7791 
29953.6672       40124.5339       8.8678e-08       -1.9321 
29953.6672       40124.5339       9.5500e-08       -2.0858 
29953.6672       40124.5339       1.0232e-07       -2.2400 
29953.6672       40124.5339       1.0914e-07       -2.3947 
29953.6672       40124.5339       1.1596e-07       -2.5499 
29953.6672       40124.5339       1.2279e-07       -2.7055 
40124.5339       53748.9519       0.0000e+00       0.0000 
40124.5339       53748.9519       3.3076e-11       -0.0006 
40124.5339       53748.9519       7.6428e-09       -0.1509 
40124.5339       53748.9519       1.5253e-08       -0.3012 
40124.5339       53748.9519       2.2862e-08       -0.4515 
40124.5339       53748.9519       3.0472e-08       -0.6018 
40124.5339       53748.9519       3.8082e-08       -0.7521 
40124.5339       53748.9519       4.5692e-08       -0.9024 
40124.5339       53748.9519       5.3301e-08       -1.0527 
40124.5339       53748.9519       6.0911e-08       -1.2030 
40124.5339       53748.9519       6.8521e-08       -1.3533 
40124.5339       53748.9519       7.6131e-08       -1.5036 
40124.5339       53748.9519       8.3740e-08       -1.6538 
40124.5339       53748.9519       9.1350e-08       -1.8041 
40124.5339       53748.9519       9.8960e-08       -1.9544 
40124.5339       53748.9519       1.0657e-07       -2.1047 
40124.5339       53748.9519       1.1418e-07       -2.2550 
40124.5339       53748.9519       1.2179e-07       -2.4053 
40124.5339       53748.9519       1.2940e-07       -2.5556 
40124.5339       53748.9519       1.3701e-07       -2.7059 
53748.9519       72001.2440       0.0000e+00       -0.3704 
53748.9519       72001.2440       2.1289e-11       -0.3701 
53748.9519       72001.2440       2.6495e-08       -0.1245 
53748.9519       72001.2440       5.2968e-08       -0.0205 
53748.9519       72001.2440       7.9441e-08       0.0000 
53748.9519       72001.2440       1.0591e-07       -0.0357 
53748.9519       72001.2440       1.3239e-07       -0.1124 
53748.9519       72001.2440       1.5886e-07       -0.2207 
53748.9519       72001.2440       1.8533e-07       -0.3541 
53748.9519       72001.2440       2.1181e-07       -0.5081 
53748.9519       72001.2440       2.3828e-07       -0.6795 
53748.9519       72001.2440       2.6475e-07       -0.8655 
53748.9519       72001.2440       2.9123e-07       -1.0642 
53748.9519       72001.2440       3.1770e-07       -1.2740 
53748.9519       72001.2440       3.4417e-07       -1.4936 
53748.9519       72001.2440       3.7065e-07       -1.7219 
53748.9519       72001.2440       3.9712e-07       -1.9580 
53748.9519       72001.2440       4.2359e-07       -2.2011 
53748.9519       72001.2440       4.5007e-07       -2.4506 
53748.9519       72001.2440       4.7654e-07       -2.7059 
72001.2440       96449.5043       0.0000e+00       0.0000 
72001.2440       96449.5043       1.3543e-11       -0.0001 
72001.2440       96449.5043       1.3779e-08       -0.1505 
72001.2440       96449.5043       2.7544e-08       -0.3008 
72001.2440       96449.5043       4.1309e-08       -0.4511 
72001.2440       96449.5043       5.5074e-08       -0.6014 
72001.2440       96449.5043       6.8839e-08       -0.7517 
72001.2440       96449.5043       8.2604e-08       -0.9021 
72001.2440       96449.5043       9.6369e-08       -1.0524 
72001.2440       96449.5043       1.1013e-07       -1.2027 
72001.2440       96449.5043       1.2390e-07       -1.3530 
72001.2440       96449.5043       1.3766e-07       -1.5033 
72001.2440       96449.5043       1.5143e-07       -1.6537 
72001.2440       96449.5043       1.6519e-07       -1.8040 
72001.2440       96449.5043       1.7896e-07       -1.9543 
72001.2440       96449.5043       1.9272e-07       -2.1046 
72001.2440       96449.5043       2.0649e-07       -2.2549 
72001.2440       96449.5043       2.2025e-07       -2.4053 
72001.2440       96449.5043       2.3402e-07       -2.5556 
72001.2440       96449.5043       2.4778e-07       -2.7059 
96449.5043       129199.2522       0.0000e+00       0.0000 
96449.5043       129199.2522       8.6614e-12       -0.0001 
96449.5043       129199.2522       1.8665e-08       -0.1504 
96449.5043       129199.2522       3.7321e-08       -0.3007 
96449.5043       129199.2522       5.5977e-08       -0.4510 
96449.5043       129199.2522       7.4633e-08       -0.6013 
96449.5043       129199.2522       9.3289e-08       -0.7517 
96449.5043       129199.2522       1.1194e-07       -0.9020 
96449.5043       129199.2522       1.3060e-07       -1.0523 
96449.5043       129199.2522       1.4926e-07       -1.2026 
96449.5043       129199.2522       1.6791e-07       -1.3529 
96449.5043       129199.2522       1.8657e-07       -1.5033 
96449.5043       129199.2522       2.0522e-07       -1.6536 
96449.5043       129199.2522       2.2388e-07       -1.8039 
96449.5043       129199.2522       2.4254e-07       -1.9542 
96449.5043       129199.2522       2.6119e-07       -2.1046 
96449.5043       129199.2522       2.7985e-07       -2.2549 
96449.5043       129199.2522       2.9850e-07       -2.4052 
96449.5043       129199.2522       3.1716e-07       -2.5556 
96449.5043       129199.2522       3.3582e-07       -2.7059 
129199.2522       173069.2852       0.0000e+00       0.0000 
129199.2522       173069.2852       5.5343e-12       -0.0000 
129199.2522       173069.2852       2.5061e-08       -0.1503 
129199.2522       173069.2852       5.0117e-08       -0.3007 
129199.2522       173069.2852       7.5172e-08       -0.4510 
129199.2522       173069.2852       1.0023e-07       -0.6013 
129199.2522       173069.2852       1.2528e-07       -0.7516 
129199.2522       173069.2852       1.5034e-07       -0.9020 
129199.2522       173069.2852       1.7539e-07       -1.0523 
129199.2522       173069.2852       2.0045e-07       -1.2026 
129199.2522       173069.2852       2.2550e-07       -1.3529 
129199.2522       173069.2852       2.5056e-07       -1.5033 
129199.2522       173069.2852       2.7562e-07       -1.6536 
129199.2522       173069.2852       3.0067e-07       -1.8039 
129199.2522       173069.2852       3.2573e-07       -1.9542 
129199.2522       173069.2852       3.5078e-07       -2.1046 
129199.2522       173069.2852       3.7584e-07       -2.2549 
129199.2522       173069.2852       4.0089e-07       -2.4052 
129199.2522       173069.2852       4.2595e-07       -2.5555 
129199.2522       173069.2852       4.5100e-07       -2.7059 
173069.2852       231840.8711       0.0000e+00       0.0000 
173069.2852       231840.8711       3.5361e-12       -0.0000 
173069.2852       231840.8711       3.3692e-08       -0.1503 
173069.2852       231840.8711       6.7380e-08       -0.3007 
173069.2852       231840.8711       1.0107e-07       -0.4510 
173069.2852       231840.8711       1.3476e-07       -0.6013 
173069.2852       231840.8711       1.6845e-07       -0.7516 
173069.2852       231840.8711       2.0213e-07       -0.9019 
173069.2852       231840.8711       2.3582e-07       -1.0523 
173069.2852       231840.8711       2.6951e-07       -1.2026 
173069.2852       231840.8711       3.0320e-07       -1.3529 
173069.2852       231840.8711       3.3689e-07       -1.5032 
173069.2852       231840.8711       3.7057e-07       -1.6536 
173069.2852       231840.8711       4.0426e-07       -1.8039 
173069.2852       231840.8711       4.3795e-07       -1.9542 
173069.2852       231840.8711       4.7164e-07       -2.1046 
173069.2852       231840.8711       5.0533e-07       -2.2549 
173069.2852       231840.8711       5.3902e-07       -2.4052 
173069.2852       231840.8711       5.7270e-07       -2.5555 
173069.2852       231840.8711       6.0639e-07       -2.7059 
231840.8711       310563.2050       0.0000e+00       0.0000 
231840.8711       310563.2050       2.2590e-12       -0.0000 
231840.8711       310563.2050       4.5447e-08       -0.1503 
231840.8711       310563.2050       9.0892e-08       -0.3007 
231840.8711       310563.2050       1.3634e-07       -0.4510 
231840.8711       310563.2050       1.8178e-07       -0.6013 
231840.8711       310563.2050       2.2723e-07       -0.7516 
231840.8711       310563.2050       2.7267e-07       -0.9020 
231840.8711       310563.2050       3.1812e-07       -1.0523 
231840.8711       310563.2050       3.6356e-07       -1.2026 
231840.8711       310563.2050       4.0901e-07       -1.3529 
231840.8711       310563.2050       4.5445e-07       -1.5033 
231840.8711       310563.2050       4.9990e-07       -1.6536 
231840.8711       310563.2050       5.4534e-07       -1.8039 
231840.8711       310563.2050       5.9079e-07       -1.9543 
231840.8711       310563.2050       6.3623e-07       -2.1046 
231840.8711       310563.2050       6.8168e-07       -2.2549 
231840.8711       310563.2050       7.2712e-07       -2.4052 
231840.8711       310563.2050       7.7257e-07       -2.5556 
231840.8711       310563.2050       8.1801e-07       -2.7059 
310563.2050       416015.9675       0.0000e+00       0.0000 
310563.2050       416015.9675       1.4433e-12       -0.0000 
310563.2050       416015.9675       6.1740e-08       -0.1503 
310563.2050       416015.9675       1.2348e-07       -0.3006 
310563.2050       416015.9675       1.8522e-07       -0.4509 
310563.2050       416015.9675       2.4695e-07       -0.6013 
310563.2050       416015.9675       3.0869e-07       -0.7516 
310563.2050       416015.9675       3.7043e-07       -0.9019 
310563.2050       416015.9675       4.3217e-07       -1.0522 
310563.2050       416015.9675       4.9391e-07       -1.2025 
310563.2050       416015.9675       5.5565e-07       -1.3529 
310563.2050       416015.9675       6.1738e-07       -1.5032 
310563.2050       416015.9675       6.7912e-07       -1.6535 
310563.2050       416015.9675       7.4086e-07       -1.8039 
310563.2050       416015.9675       8.0260e-07       -1.9542 
310563.2050       416015.9675       8.6434e-07       -2.1045 
310563.2050       416015.9675       9.2608e-07       -2.2549 
310563.2050       416015.9675       9.8781e-07       -2.4052 
310563.2050       416015.9675       1.0496e-06       -2.5556 
310563.2050       416015.9675       1.1113e-06       -2.7059 
416015.9675       557275.5639       0.0000e+00       -0.0000 
416015.9675       557275.5639       9.2207e-13       0.0000 
416015.9675       557275.5639       8.4430e-08       -0.1503 
416015.9675       557275.5639       1.6886e-07       -0.3005 
416015.9675       557275.5639       2.5329e-07       -0.4508 
416015.9675       557275.5639       3.3772e-07       -0.6011 
416015.9675       557275.5639       4.2215e-07       -0.7514 
416015.9675       557275.5639       5.0658e-07       -0.9017 
416015.9675       557275.5639       5.9101e-07       -1.0520 
416015.9675       557275.5639       6.7543e-07       -1.2024 
416015.9675       557275.5639       7.5986e-07       -1.3527 
416015.9675       557275.5639       8.4429e-07       -1.5030 
416015.9675       557275.5639       9.2872e-07       -1.6533 
416015.9675       557275.5639       1.0132e-06       -1.8037 
416015.9675       557275.5639       1.0976e-06       -1.9540 
416015.9675       557275.5639       1.1820e-06       -2.1044 
416015.9675       557275.5639       1.2664e-06       -2.2548 
416015.9675       557275.5639       1.3509e-06       -2.4051 
416015.9675       557275.5639       1.4353e-06       -2.5555 
416015.9675       557275.5639       1.5197e-06       -2.7059 
557275.5639       746517.5120       0.0000e+00       -0.0000 
557275.5639       746517.5120       5.8913e-13       0.0000 
557275.5639       746517.5120       1.1450e-07       -0.1503 
557275.5639       746517.5120       2.2899e-07       -0.3006 
557275.5639       746517.5120       3.4349e-07       -0.4510 
557275.5639       746517.5120       4.5799e-07       -0.6013 
557275.5639       746517.5120       5.7248e-07       -0.7516 
557275.5639       746517.5120       6.8698e-07       -0.9019 
557275.5639       746517.5120       8.0148e-07       -1.0522 
557275.5639       746517.5120       9.1597e-07       -1.2026 
557275.5639       746517.5120       1.0305e-06       -1.3529 
557275.5639       746517.5120       1.1450e-06       -1.5032 
557275.5639       746517.5120       1.2595e-06       -1.6536 
557275.5639       746517.5120       1.3740e-06       -1.8039 
557275.5639       746517.5120       1.4885e-06       -1.9542 
557275.5639       746517.5120       1.6030e-06       -2.1045 
557275.5639       746517.5120       1.7175e-06       -2.2549 
557275.5639       746517.5120       1.8319e-06       -2.4052 
557275.5639       746517.5120       1.9464e-06       -2.5556 
557275.5639       746517.5120       2.0609e-06       -2.7059 
746517.5120       1000000.0000       0.0000e+00       -0.0000 
746517.5120       1000000.0000       3.7635e-13       0.0000 
746517.5120       1000000.0000       1.6361e-07       -0.1503 
746517.5120       1000000.0000       3.2722e-07       -0.3007 
746517.5120       1000000.0000       4.9083e-07       -0.4510 
746517.5120       1000000.0000       6.5444e-07       -0.6013 
746517.5120       1000000.0000       8.1805e-07       -0.7516 
746517.5120       1000000.0000       9.8166e-07       -0.9020 
746517.5120       1000000.0000       1.1453e-06       -1.0523 
746517.5120       1000000.0000       1.3089e-06       -1.2026 
746517.5120       1000000.0000       1.4725e-06       -1.3529 
746517.5120       1000000.0000       1.6361e-06       -1.5033 
746517.5120       1000000.0000       1.7997e-06       -1.6536 
746517.5120       1000000.0000       1.9633e-06       -1.8039 
746517.5120       1000000.0000       2.1269e-06       -1.9543 
746517.5120       1000000.0000       2.2905e-06       -2.1046 
746517.5120       1000000.0000       2.4541e-06       -2.2549 
746517.5120       1000000.0000       2.6177e-06       -2.4052 
746517.5120       1000000.0000       2.7814e-06       -2.5556 
746517.5120       1000000.0000       2.9450e-06       -2.7059 
