#Draco  Log10(Jfactor)=18.830   sigmaJ=0.120 
#[0]emin(MeV) [1]emax(MeV) [2]eflux(MeV/cm^2/s) [3]deltaLogLike 
500.0000       669.7766       0.0000e+00       -0.0304 
500.0000       669.7766       7.5539e-09       0.0000 
500.0000       669.7766       1.1857e-08       -0.0096 
500.0000       669.7766       1.6160e-08       -0.0381 
500.0000       669.7766       2.0463e-08       -0.0849 
500.0000       669.7766       2.4767e-08       -0.1496 
500.0000       669.7766       2.9070e-08       -0.2318 
500.0000       669.7766       3.3373e-08       -0.3310 
500.0000       669.7766       3.7676e-08       -0.4467 
500.0000       669.7766       4.1979e-08       -0.5787 
500.0000       669.7766       4.6283e-08       -0.7265 
500.0000       669.7766       5.0586e-08       -0.8898 
500.0000       669.7766       5.4889e-08       -1.0683 
500.0000       669.7766       5.9192e-08       -1.2617 
500.0000       669.7766       6.3495e-08       -1.4696 
500.0000       669.7766       6.7799e-08       -1.6917 
500.0000       669.7766       7.2102e-08       -1.9277 
500.0000       669.7766       7.6405e-08       -2.1775 
500.0000       669.7766       8.0708e-08       -2.4407 
500.0000       669.7766       8.5011e-08       -2.7171 
669.7766       897.2222       0.0000e+00       -0.0000 
669.7766       897.2222       1.4373e-15       0.0000 
669.7766       897.2222       1.7333e-09       -0.1223 
669.7766       897.2222       3.4665e-09       -0.2482 
669.7766       897.2222       5.1998e-09       -0.3777 
669.7766       897.2222       6.9330e-09       -0.5105 
669.7766       897.2222       8.6663e-09       -0.6468 
669.7766       897.2222       1.0400e-08       -0.7864 
669.7766       897.2222       1.2133e-08       -0.9293 
669.7766       897.2222       1.3866e-08       -1.0755 
669.7766       897.2222       1.5599e-08       -1.2248 
669.7766       897.2222       1.7333e-08       -1.3773 
669.7766       897.2222       1.9066e-08       -1.5329 
669.7766       897.2222       2.0799e-08       -1.6916 
669.7766       897.2222       2.2532e-08       -1.8533 
669.7766       897.2222       2.4266e-08       -2.0179 
669.7766       897.2222       2.5999e-08       -2.1856 
669.7766       897.2222       2.7732e-08       -2.3561 
669.7766       897.2222       2.9465e-08       -2.5295 
669.7766       897.2222       3.1199e-08       -2.7057 
897.2222       1201.8769       0.0000e+00       -0.3216 
897.2222       1201.8769       1.6076e-08       0.0000 
897.2222       1201.8769       1.9128e-08       -0.0110 
897.2222       1201.8769       2.2179e-08       -0.0421 
897.2222       1201.8769       2.5231e-08       -0.0925 
897.2222       1201.8769       2.8283e-08       -0.1612 
897.2222       1201.8769       3.1334e-08       -0.2475 
897.2222       1201.8769       3.4386e-08       -0.3507 
897.2222       1201.8769       3.7437e-08       -0.4700 
897.2222       1201.8769       4.0489e-08       -0.6050 
897.2222       1201.8769       4.3541e-08       -0.7550 
897.2222       1201.8769       4.6592e-08       -0.9195 
897.2222       1201.8769       4.9644e-08       -1.0981 
897.2222       1201.8769       5.2696e-08       -1.2901 
897.2222       1201.8769       5.5747e-08       -1.4952 
897.2222       1201.8769       5.8799e-08       -1.7130 
897.2222       1201.8769       6.1851e-08       -1.9432 
897.2222       1201.8769       6.4902e-08       -2.1852 
897.2222       1201.8769       6.7954e-08       -2.4389 
897.2222       1201.8769       7.1006e-08       -2.7039 
1201.8769       1609.9782       0.0000e+00       0.0000 
1201.8769       1609.9782       2.8950e-12       -0.0001 
1201.8769       1609.9782       1.8923e-09       -0.0876 
1201.8769       1609.9782       3.7817e-09       -0.1842 
1201.8769       1609.9782       5.6711e-09       -0.2894 
1201.8769       1609.9782       7.5605e-09       -0.4029 
1201.8769       1609.9782       9.4500e-09       -0.5244 
1201.8769       1609.9782       1.1339e-08       -0.6534 
1201.8769       1609.9782       1.3229e-08       -0.7898 
1201.8769       1609.9782       1.5118e-08       -0.9332 
1201.8769       1609.9782       1.7008e-08       -1.0834 
1201.8769       1609.9782       1.8897e-08       -1.2401 
1201.8769       1609.9782       2.0786e-08       -1.4031 
1201.8769       1609.9782       2.2676e-08       -1.5723 
1201.8769       1609.9782       2.4565e-08       -1.7473 
1201.8769       1609.9782       2.6455e-08       -1.9281 
1201.8769       1609.9782       2.8344e-08       -2.1145 
1201.8769       1609.9782       3.0233e-08       -2.3062 
1201.8769       1609.9782       3.2123e-08       -2.5032 
1201.8769       1609.9782       3.4012e-08       -2.7053 
1609.9782       2156.6516       0.0000e+00       0.0000 
1609.9782       2156.6516       3.1878e-12       -0.0001 
1609.9782       2156.6516       1.8284e-09       -0.0909 
1609.9782       2156.6516       3.6537e-09       -0.1903 
1609.9782       2156.6516       5.4789e-09       -0.2979 
1609.9782       2156.6516       7.3042e-09       -0.4133 
1609.9782       2156.6516       9.1294e-09       -0.5363 
1609.9782       2156.6516       1.0955e-08       -0.6664 
1609.9782       2156.6516       1.2780e-08       -0.8035 
1609.9782       2156.6516       1.4605e-08       -0.9473 
1609.9782       2156.6516       1.6430e-08       -1.0976 
1609.9782       2156.6516       1.8256e-08       -1.2540 
1609.9782       2156.6516       2.0081e-08       -1.4164 
1609.9782       2156.6516       2.1906e-08       -1.5846 
1609.9782       2156.6516       2.3731e-08       -1.7584 
1609.9782       2156.6516       2.5557e-08       -1.9376 
1609.9782       2156.6516       2.7382e-08       -2.1220 
1609.9782       2156.6516       2.9207e-08       -2.3115 
1609.9782       2156.6516       3.1032e-08       -2.5059 
1609.9782       2156.6516       3.2858e-08       -2.7051 
2156.6516       2889.0164       0.0000e+00       0.0000 
2156.6516       2889.0164       2.5001e-12       -0.0001 
2156.6516       2889.0164       2.1088e-09       -0.0595 
2156.6516       2889.0164       4.2150e-09       -0.1339 
2156.6516       2889.0164       6.3213e-09       -0.2221 
2156.6516       2889.0164       8.4275e-09       -0.3230 
2156.6516       2889.0164       1.0534e-08       -0.4358 
2156.6516       2889.0164       1.2640e-08       -0.5596 
2156.6516       2889.0164       1.4746e-08       -0.6937 
2156.6516       2889.0164       1.6853e-08       -0.8374 
2156.6516       2889.0164       1.8959e-08       -0.9903 
2156.6516       2889.0164       2.1065e-08       -1.1518 
2156.6516       2889.0164       2.3171e-08       -1.3214 
2156.6516       2889.0164       2.5278e-08       -1.4987 
2156.6516       2889.0164       2.7384e-08       -1.6834 
2156.6516       2889.0164       2.9490e-08       -1.8750 
2156.6516       2889.0164       3.1596e-08       -2.0732 
2156.6516       2889.0164       3.3703e-08       -2.2778 
2156.6516       2889.0164       3.5809e-08       -2.4884 
2156.6516       2889.0164       3.7915e-08       -2.7049 
2889.0164       3869.9914       0.0000e+00       0.0000 
2889.0164       3869.9914       1.1110e-12       -0.0001 
2889.0164       3869.9914       1.2527e-09       -0.1312 
2889.0164       3869.9914       2.5043e-09       -0.2654 
2889.0164       3869.9914       3.7559e-09       -0.4023 
2889.0164       3869.9914       5.0075e-09       -0.5419 
2889.0164       3869.9914       6.2590e-09       -0.6840 
2889.0164       3869.9914       7.5106e-09       -0.8284 
2889.0164       3869.9914       8.7622e-09       -0.9750 
2889.0164       3869.9914       1.0014e-08       -1.1237 
2889.0164       3869.9914       1.1265e-08       -1.2744 
2889.0164       3869.9914       1.2517e-08       -1.4270 
2889.0164       3869.9914       1.3769e-08       -1.5813 
2889.0164       3869.9914       1.5020e-08       -1.7374 
2889.0164       3869.9914       1.6272e-08       -1.8951 
2889.0164       3869.9914       1.7523e-08       -2.0543 
2889.0164       3869.9914       1.8775e-08       -2.2151 
2889.0164       3869.9914       2.0026e-08       -2.3773 
2889.0164       3869.9914       2.1278e-08       -2.5408 
2889.0164       3869.9914       2.2530e-08       -2.7057 
3869.9914       5184.0598       0.0000e+00       0.0000 
3869.9914       5184.0598       5.2994e-13       -0.0000 
3869.9914       5184.0598       1.6473e-09       -0.1269 
3869.9914       5184.0598       3.2941e-09       -0.2574 
3869.9914       5184.0598       4.9409e-09       -0.3913 
3869.9914       5184.0598       6.5876e-09       -0.5285 
3869.9914       5184.0598       8.2344e-09       -0.6687 
3869.9914       5184.0598       9.8812e-09       -0.8117 
3869.9914       5184.0598       1.1528e-08       -0.9575 
3869.9914       5184.0598       1.3175e-08       -1.1058 
3869.9914       5184.0598       1.4822e-08       -1.2565 
3869.9914       5184.0598       1.6468e-08       -1.4096 
3869.9914       5184.0598       1.8115e-08       -1.5649 
3869.9914       5184.0598       1.9762e-08       -1.7222 
3869.9914       5184.0598       2.1409e-08       -1.8816 
3869.9914       5184.0598       2.3055e-08       -2.0429 
3869.9914       5184.0598       2.4702e-08       -2.2061 
3869.9914       5184.0598       2.6349e-08       -2.3710 
3869.9914       5184.0598       2.7996e-08       -2.5376 
3869.9914       5184.0598       2.9643e-08       -2.7059 
5184.0598       6944.3244       0.0000e+00       0.0000 
5184.0598       6944.3244       3.8200e-13       -0.0000 
5184.0598       6944.3244       1.3536e-09       -0.1482 
5184.0598       6944.3244       2.7068e-09       -0.2966 
5184.0598       6944.3244       4.0600e-09       -0.4453 
5184.0598       6944.3244       5.4131e-09       -0.5943 
5184.0598       6944.3244       6.7663e-09       -0.7435 
5184.0598       6944.3244       8.1195e-09       -0.8930 
5184.0598       6944.3244       9.4727e-09       -1.0428 
5184.0598       6944.3244       1.0826e-08       -1.1928 
5184.0598       6944.3244       1.2179e-08       -1.3430 
5184.0598       6944.3244       1.3532e-08       -1.4936 
5184.0598       6944.3244       1.4885e-08       -1.6443 
5184.0598       6944.3244       1.6239e-08       -1.7953 
5184.0598       6944.3244       1.7592e-08       -1.9465 
5184.0598       6944.3244       1.8945e-08       -2.0979 
5184.0598       6944.3244       2.0298e-08       -2.2496 
5184.0598       6944.3244       2.1651e-08       -2.4015 
5184.0598       6944.3244       2.3005e-08       -2.5536 
5184.0598       6944.3244       2.4358e-08       -2.7059 
6944.3244       9302.5069       0.0000e+00       0.0000 
6944.3244       9302.5069       1.9480e-13       -0.0000 
6944.3244       9302.5069       1.4342e-09       -0.1503 
6944.3244       9302.5069       2.8682e-09       -0.3005 
6944.3244       9302.5069       4.3022e-09       -0.4508 
6944.3244       9302.5069       5.7362e-09       -0.6010 
6944.3244       9302.5069       7.1703e-09       -0.7513 
6944.3244       9302.5069       8.6043e-09       -0.9016 
6944.3244       9302.5069       1.0038e-08       -1.0519 
6944.3244       9302.5069       1.1472e-08       -1.2022 
6944.3244       9302.5069       1.2906e-08       -1.3526 
6944.3244       9302.5069       1.4340e-08       -1.5029 
6944.3244       9302.5069       1.5774e-08       -1.6532 
6944.3244       9302.5069       1.7208e-08       -1.8036 
6944.3244       9302.5069       1.8642e-08       -1.9539 
6944.3244       9302.5069       2.0076e-08       -2.1043 
6944.3244       9302.5069       2.1510e-08       -2.2547 
6944.3244       9302.5069       2.2944e-08       -2.4051 
6944.3244       9302.5069       2.4378e-08       -2.5555 
6944.3244       9302.5069       2.5812e-08       -2.7059 
9302.5069       12461.2038       0.0000e+00       -0.0000 
9302.5069       12461.2038       1.0678e-13       0.0000 
9302.5069       12461.2038       3.4620e-09       -0.0137 
9302.5069       12461.2038       6.9239e-09       -0.0711 
9302.5069       12461.2038       1.0386e-08       -0.1584 
9302.5069       12461.2038       1.3848e-08       -0.2676 
9302.5069       12461.2038       1.7310e-08       -0.3933 
9302.5069       12461.2038       2.0771e-08       -0.5321 
9302.5069       12461.2038       2.4233e-08       -0.6815 
9302.5069       12461.2038       2.7695e-08       -0.8397 
9302.5069       12461.2038       3.1157e-08       -1.0052 
9302.5069       12461.2038       3.4619e-08       -1.1770 
9302.5069       12461.2038       3.8081e-08       -1.3542 
9302.5069       12461.2038       4.1543e-08       -1.5362 
9302.5069       12461.2038       4.5005e-08       -1.7223 
9302.5069       12461.2038       4.8466e-08       -1.9122 
9302.5069       12461.2038       5.1928e-08       -2.1054 
9302.5069       12461.2038       5.5390e-08       -2.3017 
9302.5069       12461.2038       5.8852e-08       -2.5006 
9302.5069       12461.2038       6.2314e-08       -2.7021 
12461.2038       16692.4468       0.0000e+00       -0.2284 
12461.2038       16692.4468       5.4062e-14       -0.2284 
12461.2038       16692.4468       4.6005e-09       -0.0410 
12461.2038       16692.4468       9.2009e-09       0.0000 
12461.2038       16692.4468       1.3801e-08       -0.0345 
12461.2038       16692.4468       1.8402e-08       -0.1152 
12461.2038       16692.4468       2.3002e-08       -0.2270 
12461.2038       16692.4468       2.7603e-08       -0.3613 
12461.2038       16692.4468       3.2203e-08       -0.5127 
12461.2038       16692.4468       3.6804e-08       -0.6773 
12461.2038       16692.4468       4.1404e-08       -0.8526 
12461.2038       16692.4468       4.6005e-08       -1.0367 
12461.2038       16692.4468       5.0605e-08       -1.2282 
12461.2038       16692.4468       5.5205e-08       -1.4258 
12461.2038       16692.4468       5.9806e-08       -1.6289 
12461.2038       16692.4468       6.4406e-08       -1.8366 
12461.2038       16692.4468       6.9007e-08       -2.0484 
12461.2038       16692.4468       7.3607e-08       -2.2637 
12461.2038       16692.4468       7.8208e-08       -2.4824 
12461.2038       16692.4468       8.2808e-08       -2.7038 
16692.4468       22360.9371       0.0000e+00       -0.0000 
16692.4468       22360.9371       2.6541e-14       0.0000 
16692.4468       22360.9371       3.3559e-09       -0.1501 
16692.4468       22360.9371       6.7119e-09       -0.3002 
16692.4468       22360.9371       1.0068e-08       -0.4504 
16692.4468       22360.9371       1.3424e-08       -0.6006 
16692.4468       22360.9371       1.6780e-08       -0.7508 
16692.4468       22360.9371       2.0136e-08       -0.9010 
16692.4468       22360.9371       2.3491e-08       -1.0513 
16692.4468       22360.9371       2.6847e-08       -1.2016 
16692.4468       22360.9371       3.0203e-08       -1.3519 
16692.4468       22360.9371       3.3559e-08       -1.5022 
16692.4468       22360.9371       3.6915e-08       -1.6526 
16692.4468       22360.9371       4.0271e-08       -1.8030 
16692.4468       22360.9371       4.3627e-08       -1.9534 
16692.4468       22360.9371       4.6983e-08       -2.1039 
16692.4468       22360.9371       5.0339e-08       -2.2543 
16692.4468       22360.9371       5.3695e-08       -2.4048 
16692.4468       22360.9371       5.7051e-08       -2.5554 
16692.4468       22360.9371       6.0406e-08       -2.7059 
22360.9371       29953.6672       0.0000e+00       -0.0000 
22360.9371       29953.6672       1.3287e-14       0.0000 
22360.9371       29953.6672       4.9225e-09       -0.1462 
22360.9371       29953.6672       9.8449e-09       -0.2930 
22360.9371       29953.6672       1.4767e-08       -0.4404 
22360.9371       29953.6672       1.9690e-08       -0.5884 
22360.9371       29953.6672       2.4612e-08       -0.7369 
22360.9371       29953.6672       2.9535e-08       -0.8858 
22360.9371       29953.6672       3.4457e-08       -1.0353 
22360.9371       29953.6672       3.9380e-08       -1.1852 
22360.9371       29953.6672       4.4302e-08       -1.3355 
22360.9371       29953.6672       4.9224e-08       -1.4863 
22360.9371       29953.6672       5.4147e-08       -1.6375 
22360.9371       29953.6672       5.9069e-08       -1.7890 
22360.9371       29953.6672       6.3992e-08       -1.9410 
22360.9371       29953.6672       6.8914e-08       -2.0933 
22360.9371       29953.6672       7.3837e-08       -2.2459 
22360.9371       29953.6672       7.8759e-08       -2.3989 
22360.9371       29953.6672       8.3682e-08       -2.5522 
22360.9371       29953.6672       8.8604e-08       -2.7058 
29953.6672       40124.5339       0.0000e+00       -0.0000 
29953.6672       40124.5339       6.6514e-15       0.0000 
29953.6672       40124.5339       6.0723e-09       -0.1500 
29953.6672       40124.5339       1.2145e-08       -0.3000 
29953.6672       40124.5339       1.8217e-08       -0.4500 
29953.6672       40124.5339       2.4289e-08       -0.6001 
29953.6672       40124.5339       3.0362e-08       -0.7503 
29953.6672       40124.5339       3.6434e-08       -0.9004 
29953.6672       40124.5339       4.2506e-08       -1.0507 
29953.6672       40124.5339       4.8578e-08       -1.2009 
29953.6672       40124.5339       5.4651e-08       -1.3513 
29953.6672       40124.5339       6.0723e-08       -1.5016 
29953.6672       40124.5339       6.6795e-08       -1.6520 
29953.6672       40124.5339       7.2868e-08       -1.8024 
29953.6672       40124.5339       7.8940e-08       -1.9529 
29953.6672       40124.5339       8.5012e-08       -2.1034 
29953.6672       40124.5339       9.1085e-08       -2.2540 
29953.6672       40124.5339       9.7157e-08       -2.4046 
29953.6672       40124.5339       1.0323e-07       -2.5552 
29953.6672       40124.5339       1.0930e-07       -2.7059 
40124.5339       53748.9519       0.0000e+00       -0.0000 
40124.5339       53748.9519       3.3255e-15       0.0000 
40124.5339       53748.9519       1.3978e-08       -0.0576 
40124.5339       53748.9519       2.7956e-08       -0.1369 
40124.5339       53748.9519       4.1934e-08       -0.2337 
40124.5339       53748.9519       5.5911e-08       -0.3452 
40124.5339       53748.9519       6.9889e-08       -0.4689 
40124.5339       53748.9519       8.3867e-08       -0.6032 
40124.5339       53748.9519       9.7845e-08       -0.7466 
40124.5339       53748.9519       1.1182e-07       -0.8980 
40124.5339       53748.9519       1.2580e-07       -1.0564 
40124.5339       53748.9519       1.3978e-07       -1.2211 
40124.5339       53748.9519       1.5376e-07       -1.3914 
40124.5339       53748.9519       1.6773e-07       -1.5667 
40124.5339       53748.9519       1.8171e-07       -1.7466 
40124.5339       53748.9519       1.9569e-07       -1.9306 
40124.5339       53748.9519       2.0967e-07       -2.1185 
40124.5339       53748.9519       2.2365e-07       -2.3098 
40124.5339       53748.9519       2.3762e-07       -2.5043 
40124.5339       53748.9519       2.5160e-07       -2.7018 
53748.9519       72001.2440       0.0000e+00       -0.0000 
53748.9519       72001.2440       1.6622e-15       0.0000 
53748.9519       72001.2440       1.0265e-08       -0.1503 
53748.9519       72001.2440       2.0529e-08       -0.3007 
53748.9519       72001.2440       3.0794e-08       -0.4510 
53748.9519       72001.2440       4.1058e-08       -0.6013 
53748.9519       72001.2440       5.1323e-08       -0.7516 
53748.9519       72001.2440       6.1588e-08       -0.9020 
53748.9519       72001.2440       7.1852e-08       -1.0523 
53748.9519       72001.2440       8.2117e-08       -1.2026 
53748.9519       72001.2440       9.2382e-08       -1.3529 
53748.9519       72001.2440       1.0265e-07       -1.5033 
53748.9519       72001.2440       1.1291e-07       -1.6536 
53748.9519       72001.2440       1.2318e-07       -1.8039 
53748.9519       72001.2440       1.3344e-07       -1.9543 
53748.9519       72001.2440       1.4370e-07       -2.1046 
53748.9519       72001.2440       1.5397e-07       -2.2549 
53748.9519       72001.2440       1.6423e-07       -2.4052 
53748.9519       72001.2440       1.7450e-07       -2.5556 
53748.9519       72001.2440       1.8476e-07       -2.7059 
72001.2440       96449.5043       0.0000e+00       -0.0000 
72001.2440       96449.5043       8.3076e-16       0.0000 
72001.2440       96449.5043       1.3885e-08       -0.1503 
72001.2440       96449.5043       2.7769e-08       -0.3006 
72001.2440       96449.5043       4.1654e-08       -0.4510 
72001.2440       96449.5043       5.5538e-08       -0.6013 
72001.2440       96449.5043       6.9423e-08       -0.7516 
72001.2440       96449.5043       8.3307e-08       -0.9019 
72001.2440       96449.5043       9.7192e-08       -1.0523 
72001.2440       96449.5043       1.1108e-07       -1.2026 
72001.2440       96449.5043       1.2496e-07       -1.3529 
72001.2440       96449.5043       1.3885e-07       -1.5032 
72001.2440       96449.5043       1.5273e-07       -1.6536 
72001.2440       96449.5043       1.6661e-07       -1.8039 
72001.2440       96449.5043       1.8050e-07       -1.9542 
72001.2440       96449.5043       1.9438e-07       -2.1046 
72001.2440       96449.5043       2.0827e-07       -2.2549 
72001.2440       96449.5043       2.2215e-07       -2.4052 
72001.2440       96449.5043       2.3604e-07       -2.5556 
72001.2440       96449.5043       2.4992e-07       -2.7059 
96449.5043       129199.2522       0.0000e+00       -0.0000 
96449.5043       129199.2522       4.1525e-16       0.0000 
96449.5043       129199.2522       1.8591e-08       -0.1503 
96449.5043       129199.2522       3.7183e-08       -0.3007 
96449.5043       129199.2522       5.5774e-08       -0.4510 
96449.5043       129199.2522       7.4366e-08       -0.6013 
96449.5043       129199.2522       9.2957e-08       -0.7516 
96449.5043       129199.2522       1.1155e-07       -0.9020 
96449.5043       129199.2522       1.3014e-07       -1.0523 
96449.5043       129199.2522       1.4873e-07       -1.2026 
96449.5043       129199.2522       1.6732e-07       -1.3529 
96449.5043       129199.2522       1.8591e-07       -1.5033 
96449.5043       129199.2522       2.0451e-07       -1.6536 
96449.5043       129199.2522       2.2310e-07       -1.8039 
96449.5043       129199.2522       2.4169e-07       -1.9543 
96449.5043       129199.2522       2.6028e-07       -2.1046 
96449.5043       129199.2522       2.7887e-07       -2.2549 
96449.5043       129199.2522       2.9746e-07       -2.4052 
96449.5043       129199.2522       3.1605e-07       -2.5556 
96449.5043       129199.2522       3.3465e-07       -2.7059 
129199.2522       173069.2852       0.0000e+00       -0.0000 
129199.2522       173069.2852       2.0756e-16       0.0000 
129199.2522       173069.2852       2.5094e-08       -0.1503 
129199.2522       173069.2852       5.0189e-08       -0.3007 
129199.2522       173069.2852       7.5283e-08       -0.4510 
129199.2522       173069.2852       1.0038e-07       -0.6013 
129199.2522       173069.2852       1.2547e-07       -0.7516 
129199.2522       173069.2852       1.5057e-07       -0.9020 
129199.2522       173069.2852       1.7566e-07       -1.0523 
129199.2522       173069.2852       2.0076e-07       -1.2026 
129199.2522       173069.2852       2.2585e-07       -1.3530 
129199.2522       173069.2852       2.5094e-07       -1.5033 
129199.2522       173069.2852       2.7604e-07       -1.6536 
129199.2522       173069.2852       3.0113e-07       -1.8039 
129199.2522       173069.2852       3.2623e-07       -1.9543 
129199.2522       173069.2852       3.5132e-07       -2.1046 
129199.2522       173069.2852       3.7642e-07       -2.2549 
129199.2522       173069.2852       4.0151e-07       -2.4052 
129199.2522       173069.2852       4.2660e-07       -2.5556 
129199.2522       173069.2852       4.5170e-07       -2.7059 
173069.2852       231840.8711       0.0000e+00       -0.0000 
173069.2852       231840.8711       1.0375e-16       0.0000 
173069.2852       231840.8711       3.3697e-08       -0.1503 
173069.2852       231840.8711       6.7394e-08       -0.3007 
173069.2852       231840.8711       1.0109e-07       -0.4510 
173069.2852       231840.8711       1.3479e-07       -0.6013 
173069.2852       231840.8711       1.6849e-07       -0.7516 
173069.2852       231840.8711       2.0218e-07       -0.9020 
173069.2852       231840.8711       2.3588e-07       -1.0523 
173069.2852       231840.8711       2.6958e-07       -1.2026 
173069.2852       231840.8711       3.0327e-07       -1.3529 
173069.2852       231840.8711       3.3697e-07       -1.5033 
173069.2852       231840.8711       3.7067e-07       -1.6536 
173069.2852       231840.8711       4.0437e-07       -1.8039 
173069.2852       231840.8711       4.3806e-07       -1.9543 
173069.2852       231840.8711       4.7176e-07       -2.1046 
173069.2852       231840.8711       5.0546e-07       -2.2549 
173069.2852       231840.8711       5.3915e-07       -2.4052 
173069.2852       231840.8711       5.7285e-07       -2.5556 
173069.2852       231840.8711       6.0655e-07       -2.7059 
231840.8711       310563.2050       0.0000e+00       -0.0000 
231840.8711       310563.2050       5.1851e-17       0.0000 
231840.8711       310563.2050       4.6157e-08       -0.1503 
231840.8711       310563.2050       9.2314e-08       -0.3006 
231840.8711       310563.2050       1.3847e-07       -0.4509 
231840.8711       310563.2050       1.8463e-07       -0.6012 
231840.8711       310563.2050       2.3078e-07       -0.7515 
231840.8711       310563.2050       2.7694e-07       -0.9018 
231840.8711       310563.2050       3.2310e-07       -1.0521 
231840.8711       310563.2050       3.6925e-07       -1.2025 
231840.8711       310563.2050       4.1541e-07       -1.3528 
231840.8711       310563.2050       4.6157e-07       -1.5031 
231840.8711       310563.2050       5.0773e-07       -1.6535 
231840.8711       310563.2050       5.5388e-07       -1.8038 
231840.8711       310563.2050       6.0004e-07       -1.9541 
231840.8711       310563.2050       6.4620e-07       -2.1045 
231840.8711       310563.2050       6.9235e-07       -2.2548 
231840.8711       310563.2050       7.3851e-07       -2.4052 
231840.8711       310563.2050       7.8467e-07       -2.5555 
231840.8711       310563.2050       8.3082e-07       -2.7059 
310563.2050       416015.9675       0.0000e+00       -0.0000 
310563.2050       416015.9675       2.5917e-17       0.0000 
310563.2050       416015.9675       6.1171e-08       -0.1503 
310563.2050       416015.9675       1.2234e-07       -0.3007 
310563.2050       416015.9675       1.8351e-07       -0.4510 
310563.2050       416015.9675       2.4468e-07       -0.6013 
310563.2050       416015.9675       3.0585e-07       -0.7516 
310563.2050       416015.9675       3.6702e-07       -0.9020 
310563.2050       416015.9675       4.2819e-07       -1.0523 
310563.2050       416015.9675       4.8937e-07       -1.2026 
310563.2050       416015.9675       5.5054e-07       -1.3529 
310563.2050       416015.9675       6.1171e-07       -1.5033 
310563.2050       416015.9675       6.7288e-07       -1.6536 
310563.2050       416015.9675       7.3405e-07       -1.8039 
310563.2050       416015.9675       7.9522e-07       -1.9543 
310563.2050       416015.9675       8.5639e-07       -2.1046 
310563.2050       416015.9675       9.1756e-07       -2.2549 
310563.2050       416015.9675       9.7873e-07       -2.4052 
310563.2050       416015.9675       1.0399e-06       -2.5556 
310563.2050       416015.9675       1.1011e-06       -2.7059 
416015.9675       557275.5639       0.0000e+00       -0.0000 
416015.9675       557275.5639       1.2954e-17       0.0000 
416015.9675       557275.5639       8.2961e-08       -0.1503 
416015.9675       557275.5639       1.6592e-07       -0.3007 
416015.9675       557275.5639       2.4888e-07       -0.4510 
416015.9675       557275.5639       3.3184e-07       -0.6013 
416015.9675       557275.5639       4.1480e-07       -0.7516 
416015.9675       557275.5639       4.9776e-07       -0.9020 
416015.9675       557275.5639       5.8072e-07       -1.0523 
416015.9675       557275.5639       6.6368e-07       -1.2026 
416015.9675       557275.5639       7.4665e-07       -1.3529 
416015.9675       557275.5639       8.2961e-07       -1.5033 
416015.9675       557275.5639       9.1257e-07       -1.6536 
416015.9675       557275.5639       9.9553e-07       -1.8039 
416015.9675       557275.5639       1.0785e-06       -1.9543 
416015.9675       557275.5639       1.1614e-06       -2.1046 
416015.9675       557275.5639       1.2444e-06       -2.2549 
416015.9675       557275.5639       1.3274e-06       -2.4052 
416015.9675       557275.5639       1.4103e-06       -2.5556 
416015.9675       557275.5639       1.4933e-06       -2.7059 
557275.5639       746517.5120       0.0000e+00       -0.0000 
557275.5639       746517.5120       6.4752e-18       0.0000 
557275.5639       746517.5120       1.1354e-07       -0.1503 
557275.5639       746517.5120       2.2707e-07       -0.3007 
557275.5639       746517.5120       3.4061e-07       -0.4510 
557275.5639       746517.5120       4.5415e-07       -0.6013 
557275.5639       746517.5120       5.6768e-07       -0.7516 
557275.5639       746517.5120       6.8122e-07       -0.9020 
557275.5639       746517.5120       7.9476e-07       -1.0523 
557275.5639       746517.5120       9.0829e-07       -1.2026 
557275.5639       746517.5120       1.0218e-06       -1.3529 
557275.5639       746517.5120       1.1354e-06       -1.5033 
557275.5639       746517.5120       1.2489e-06       -1.6536 
557275.5639       746517.5120       1.3624e-06       -1.8039 
557275.5639       746517.5120       1.4760e-06       -1.9543 
557275.5639       746517.5120       1.5895e-06       -2.1046 
557275.5639       746517.5120       1.7030e-06       -2.2549 
557275.5639       746517.5120       1.8166e-06       -2.4052 
557275.5639       746517.5120       1.9301e-06       -2.5556 
557275.5639       746517.5120       2.0437e-06       -2.7059 
746517.5120       1000000.0000       0.0000e+00       -0.0000 
746517.5120       1000000.0000       3.2362e-18       0.0000 
746517.5120       1000000.0000       1.6271e-07       -0.1503 
746517.5120       1000000.0000       3.2542e-07       -0.3007 
746517.5120       1000000.0000       4.8813e-07       -0.4510 
746517.5120       1000000.0000       6.5084e-07       -0.6013 
746517.5120       1000000.0000       8.1355e-07       -0.7516 
746517.5120       1000000.0000       9.7626e-07       -0.9020 
746517.5120       1000000.0000       1.1390e-06       -1.0523 
746517.5120       1000000.0000       1.3017e-06       -1.2026 
746517.5120       1000000.0000       1.4644e-06       -1.3529 
746517.5120       1000000.0000       1.6271e-06       -1.5033 
746517.5120       1000000.0000       1.7898e-06       -1.6536 
746517.5120       1000000.0000       1.9525e-06       -1.8039 
746517.5120       1000000.0000       2.1152e-06       -1.9542 
746517.5120       1000000.0000       2.2779e-06       -2.1046 
746517.5120       1000000.0000       2.4406e-06       -2.2549 
746517.5120       1000000.0000       2.6033e-06       -2.4052 
746517.5120       1000000.0000       2.7661e-06       -2.5556 
746517.5120       1000000.0000       2.9288e-06       -2.7059 
