#Carina_2  Log10(Jfactor)=18.250   sigmaJ=0.545 
#[0]emin(MeV) [1]emax(MeV) [2]eflux(MeV/cm^2/s) [3]deltaLogLike 
500.0000       669.7766       0.0000e+00       -1.4765 
500.0000       669.7766       9.6763e-09       -1.1547 
500.0000       669.7766       1.9353e-08       -0.8751 
500.0000       669.7766       2.9029e-08       -0.6364 
500.0000       669.7766       3.8705e-08       -0.4375 
500.0000       669.7766       4.8381e-08       -0.2771 
500.0000       669.7766       5.8058e-08       -0.1541 
500.0000       669.7766       6.7734e-08       -0.0676 
500.0000       669.7766       7.7410e-08       -0.0165 
500.0000       669.7766       8.7086e-08       0.0000 
500.0000       669.7766       1.0002e-07       -0.0303 
500.0000       669.7766       1.1295e-07       -0.1187 
500.0000       669.7766       1.2588e-07       -0.2634 
500.0000       669.7766       1.3881e-07       -0.4627 
500.0000       669.7766       1.5174e-07       -0.7149 
500.0000       669.7766       1.6467e-07       -1.0184 
500.0000       669.7766       1.7760e-07       -1.3719 
500.0000       669.7766       1.9053e-07       -1.7739 
500.0000       669.7766       2.0346e-07       -2.2231 
500.0000       669.7766       2.1638e-07       -2.7184 
669.7766       897.2222       0.0000e+00       0.0000 
669.7766       897.2222       1.4378e-13       -0.0000 
669.7766       897.2222       4.2419e-09       -0.0694 
669.7766       897.2222       8.4837e-09       -0.1492 
669.7766       897.2222       1.2725e-08       -0.2394 
669.7766       897.2222       1.6967e-08       -0.3396 
669.7766       897.2222       2.1209e-08       -0.4497 
669.7766       897.2222       2.5451e-08       -0.5696 
669.7766       897.2222       2.9692e-08       -0.6989 
669.7766       897.2222       3.3934e-08       -0.8376 
669.7766       897.2222       3.8176e-08       -0.9855 
669.7766       897.2222       4.2418e-08       -1.1424 
669.7766       897.2222       4.6659e-08       -1.3081 
669.7766       897.2222       5.0901e-08       -1.4826 
669.7766       897.2222       5.5143e-08       -1.6656 
669.7766       897.2222       5.9385e-08       -1.8571 
669.7766       897.2222       6.3627e-08       -2.0568 
669.7766       897.2222       6.7868e-08       -2.2647 
669.7766       897.2222       7.2110e-08       -2.4806 
669.7766       897.2222       7.6352e-08       -2.7044 
897.2222       1201.8769       0.0000e+00       -0.0000 
897.2222       1201.8769       3.0561e-14       0.0000 
897.2222       1201.8769       3.1556e-09       -0.0943 
897.2222       1201.8769       6.3113e-09       -0.1959 
897.2222       1201.8769       9.4669e-09       -0.3048 
897.2222       1201.8769       1.2623e-08       -0.4207 
897.2222       1201.8769       1.5778e-08       -0.5434 
897.2222       1201.8769       1.8934e-08       -0.6729 
897.2222       1201.8769       2.2089e-08       -0.8091 
897.2222       1201.8769       2.5245e-08       -0.9516 
897.2222       1201.8769       2.8401e-08       -1.1005 
897.2222       1201.8769       3.1556e-08       -1.2556 
897.2222       1201.8769       3.4712e-08       -1.4167 
897.2222       1201.8769       3.7867e-08       -1.5838 
897.2222       1201.8769       4.1023e-08       -1.7568 
897.2222       1201.8769       4.4179e-08       -1.9355 
897.2222       1201.8769       4.7334e-08       -2.1199 
897.2222       1201.8769       5.0490e-08       -2.3097 
897.2222       1201.8769       5.3646e-08       -2.5050 
897.2222       1201.8769       5.6801e-08       -2.7057 
1201.8769       1609.9782       0.0000e+00       0.0000 
1201.8769       1609.9782       8.1186e-14       -0.0000 
1201.8769       1609.9782       3.4350e-09       -0.0577 
1201.8769       1609.9782       6.8700e-09       -0.1289 
1201.8769       1609.9782       1.0305e-08       -0.2129 
1201.8769       1609.9782       1.3740e-08       -0.3092 
1201.8769       1609.9782       1.7175e-08       -0.4172 
1201.8769       1609.9782       2.0610e-08       -0.5364 
1201.8769       1609.9782       2.4045e-08       -0.6663 
1201.8769       1609.9782       2.7480e-08       -0.8066 
1201.8769       1609.9782       3.0915e-08       -0.9569 
1201.8769       1609.9782       3.4350e-08       -1.1168 
1201.8769       1609.9782       3.7784e-08       -1.2859 
1201.8769       1609.9782       4.1219e-08       -1.4640 
1201.8769       1609.9782       4.4654e-08       -1.6508 
1201.8769       1609.9782       4.8089e-08       -1.8460 
1201.8769       1609.9782       5.1524e-08       -2.0493 
1201.8769       1609.9782       5.4959e-08       -2.2605 
1201.8769       1609.9782       5.8394e-08       -2.4795 
1201.8769       1609.9782       6.1829e-08       -2.7059 
1609.9782       2156.6516       0.0000e+00       -0.0000 
1609.9782       2156.6516       4.4756e-15       0.0000 
1609.9782       2156.6516       2.6628e-09       -0.0758 
1609.9782       2156.6516       5.3257e-09       -0.1628 
1609.9782       2156.6516       7.9885e-09       -0.2603 
1609.9782       2156.6516       1.0651e-08       -0.3677 
1609.9782       2156.6516       1.3314e-08       -0.4847 
1609.9782       2156.6516       1.5977e-08       -0.6107 
1609.9782       2156.6516       1.8640e-08       -0.7453 
1609.9782       2156.6516       2.1303e-08       -0.8882 
1609.9782       2156.6516       2.3966e-08       -1.0390 
1609.9782       2156.6516       2.6628e-08       -1.1973 
1609.9782       2156.6516       2.9291e-08       -1.3629 
1609.9782       2156.6516       3.1954e-08       -1.5355 
1609.9782       2156.6516       3.4617e-08       -1.7149 
1609.9782       2156.6516       3.7280e-08       -1.9007 
1609.9782       2156.6516       3.9943e-08       -2.0928 
1609.9782       2156.6516       4.2605e-08       -2.2910 
1609.9782       2156.6516       4.5268e-08       -2.4951 
1609.9782       2156.6516       4.7931e-08       -2.7048 
2156.6516       2889.0164       0.0000e+00       -0.0000 
2156.6516       2889.0164       1.4567e-13       0.0000 
2156.6516       2889.0164       1.6253e-09       -0.1365 
2156.6516       2889.0164       3.2505e-09       -0.2750 
2156.6516       2889.0164       4.8757e-09       -0.4153 
2156.6516       2889.0164       6.5009e-09       -0.5573 
2156.6516       2889.0164       8.1261e-09       -0.7011 
2156.6516       2889.0164       9.7512e-09       -0.8466 
2156.6516       2889.0164       1.1376e-08       -0.9936 
2156.6516       2889.0164       1.3002e-08       -1.1422 
2156.6516       2889.0164       1.4627e-08       -1.2924 
2156.6516       2889.0164       1.6252e-08       -1.4440 
2156.6516       2889.0164       1.7877e-08       -1.5970 
2156.6516       2889.0164       1.9502e-08       -1.7515 
2156.6516       2889.0164       2.1128e-08       -1.9073 
2156.6516       2889.0164       2.2753e-08       -2.0644 
2156.6516       2889.0164       2.4378e-08       -2.2229 
2156.6516       2889.0164       2.6003e-08       -2.3826 
2156.6516       2889.0164       2.7628e-08       -2.5435 
2156.6516       2889.0164       2.9253e-08       -2.7057 
2889.0164       3869.9914       0.0000e+00       -1.4979 
2889.0164       3869.9914       4.4720e-09       -1.1199 
2889.0164       3869.9914       8.9440e-09       -0.8151 
2889.0164       3869.9914       1.3416e-08       -0.5714 
2889.0164       3869.9914       1.7888e-08       -0.3797 
2889.0164       3869.9914       2.2360e-08       -0.2329 
2889.0164       3869.9914       2.6832e-08       -0.1257 
2889.0164       3869.9914       3.1304e-08       -0.0535 
2889.0164       3869.9914       3.5776e-08       -0.0126 
2889.0164       3869.9914       4.0248e-08       0.0000 
2889.0164       3869.9914       4.8169e-08       -0.0394 
2889.0164       3869.9914       5.6091e-08       -0.1480 
2889.0164       3869.9914       6.4013e-08       -0.3167 
2889.0164       3869.9914       7.1934e-08       -0.5385 
2889.0164       3869.9914       7.9856e-08       -0.8073 
2889.0164       3869.9914       8.7777e-08       -1.1185 
2889.0164       3869.9914       9.5699e-08       -1.4680 
2889.0164       3869.9914       1.0362e-07       -1.8523 
2889.0164       3869.9914       1.1154e-07       -2.2686 
2889.0164       3869.9914       1.1946e-07       -2.7142 
3869.9914       5184.0598       0.0000e+00       -0.0532 
3869.9914       5184.0598       7.7576e-09       0.0000 
3869.9914       5184.0598       1.2292e-08       -0.0150 
3869.9914       5184.0598       1.6827e-08       -0.0571 
3869.9914       5184.0598       2.1362e-08       -0.1225 
3869.9914       5184.0598       2.5897e-08       -0.2083 
3869.9914       5184.0598       3.0431e-08       -0.3122 
3869.9914       5184.0598       3.4966e-08       -0.4323 
3869.9914       5184.0598       3.9501e-08       -0.5671 
3869.9914       5184.0598       4.4036e-08       -0.7153 
3869.9914       5184.0598       4.8570e-08       -0.8758 
3869.9914       5184.0598       5.3105e-08       -1.0477 
3869.9914       5184.0598       5.7640e-08       -1.2302 
3869.9914       5184.0598       6.2175e-08       -1.4225 
3869.9914       5184.0598       6.6709e-08       -1.6240 
3869.9914       5184.0598       7.1244e-08       -1.8342 
3869.9914       5184.0598       7.5779e-08       -2.0525 
3869.9914       5184.0598       8.0314e-08       -2.2786 
3869.9914       5184.0598       8.4848e-08       -2.5120 
3869.9914       5184.0598       8.9383e-08       -2.7523 
5184.0598       6944.3244       0.0000e+00       -0.0011 
5184.0598       6944.3244       1.0249e-09       0.0000 
5184.0598       6944.3244       4.0054e-09       -0.0300 
5184.0598       6944.3244       6.9858e-09       -0.0963 
5184.0598       6944.3244       9.9663e-09       -0.1883 
5184.0598       6944.3244       1.2947e-08       -0.2995 
5184.0598       6944.3244       1.5927e-08       -0.4257 
5184.0598       6944.3244       1.8908e-08       -0.5637 
5184.0598       6944.3244       2.1888e-08       -0.7117 
5184.0598       6944.3244       2.4869e-08       -0.8678 
5184.0598       6944.3244       2.7849e-08       -1.0310 
5184.0598       6944.3244       3.0830e-08       -1.2002 
5184.0598       6944.3244       3.3810e-08       -1.3747 
5184.0598       6944.3244       3.6790e-08       -1.5538 
5184.0598       6944.3244       3.9771e-08       -1.7372 
5184.0598       6944.3244       4.2751e-08       -1.9242 
5184.0598       6944.3244       4.5732e-08       -2.1146 
5184.0598       6944.3244       4.8712e-08       -2.3082 
5184.0598       6944.3244       5.1693e-08       -2.5045 
5184.0598       6944.3244       5.4673e-08       -2.7034 
6944.3244       9302.5069       0.0000e+00       -0.4970 
6944.3244       9302.5069       2.7115e-08       0.0000 
6944.3244       9302.5069       3.2955e-08       -0.0161 
6944.3244       9302.5069       3.8794e-08       -0.0592 
6944.3244       9302.5069       4.4633e-08       -0.1256 
6944.3244       9302.5069       5.0472e-08       -0.2123 
6944.3244       9302.5069       5.6312e-08       -0.3167 
6944.3244       9302.5069       6.2151e-08       -0.4370 
6944.3244       9302.5069       6.7990e-08       -0.5715 
6944.3244       9302.5069       7.3829e-08       -0.7189 
6944.3244       9302.5069       7.9669e-08       -0.8779 
6944.3244       9302.5069       8.5508e-08       -1.0475 
6944.3244       9302.5069       9.1347e-08       -1.2270 
6944.3244       9302.5069       9.7186e-08       -1.4155 
6944.3244       9302.5069       1.0303e-07       -1.6124 
6944.3244       9302.5069       1.0886e-07       -1.8171 
6944.3244       9302.5069       1.1470e-07       -2.0291 
6944.3244       9302.5069       1.2054e-07       -2.2479 
6944.3244       9302.5069       1.2638e-07       -2.4731 
6944.3244       9302.5069       1.3222e-07       -2.7043 
9302.5069       12461.2038       0.0000e+00       -2.0756 
9302.5069       12461.2038       3.8373e-09       -1.1057 
9302.5069       12461.2038       7.6746e-09       -0.6809 
9302.5069       12461.2038       1.1512e-08       -0.4283 
9302.5069       12461.2038       1.5349e-08       -0.2632 
9302.5069       12461.2038       1.9187e-08       -0.1522 
9302.5069       12461.2038       2.3024e-08       -0.0785 
9302.5069       12461.2038       2.6861e-08       -0.0323 
9302.5069       12461.2038       3.0699e-08       -0.0075 
9302.5069       12461.2038       3.4536e-08       0.0000 
9302.5069       12461.2038       4.6156e-08       -0.0558 
9302.5069       12461.2038       5.7775e-08       -0.1965 
9302.5069       12461.2038       6.9395e-08       -0.3972 
9302.5069       12461.2038       8.1015e-08       -0.6433 
9302.5069       12461.2038       9.2635e-08       -0.9256 
9302.5069       12461.2038       1.0425e-07       -1.2377 
9302.5069       12461.2038       1.1587e-07       -1.5749 
9302.5069       12461.2038       1.2749e-07       -1.9337 
9302.5069       12461.2038       1.3911e-07       -2.3114 
9302.5069       12461.2038       1.5073e-07       -2.7057 
12461.2038       16692.4468       0.0000e+00       0.0000 
12461.2038       16692.4468       7.0820e-14       -0.0000 
12461.2038       16692.4468       3.1484e-09       -0.1503 
12461.2038       16692.4468       6.2968e-09       -0.3006 
12461.2038       16692.4468       9.4452e-09       -0.4509 
12461.2038       16692.4468       1.2594e-08       -0.6012 
12461.2038       16692.4468       1.5742e-08       -0.7515 
12461.2038       16692.4468       1.8890e-08       -0.9018 
12461.2038       16692.4468       2.2039e-08       -1.0521 
12461.2038       16692.4468       2.5187e-08       -1.2025 
12461.2038       16692.4468       2.8335e-08       -1.3528 
12461.2038       16692.4468       3.1484e-08       -1.5031 
12461.2038       16692.4468       3.4632e-08       -1.6534 
12461.2038       16692.4468       3.7780e-08       -1.8038 
12461.2038       16692.4468       4.0929e-08       -1.9541 
12461.2038       16692.4468       4.4077e-08       -2.1045 
12461.2038       16692.4468       4.7226e-08       -2.2548 
12461.2038       16692.4468       5.0374e-08       -2.4052 
12461.2038       16692.4468       5.3522e-08       -2.5555 
12461.2038       16692.4468       5.6671e-08       -2.7059 
16692.4468       22360.9371       0.0000e+00       0.0000 
16692.4468       22360.9371       3.6094e-14       -0.0000 
16692.4468       22360.9371       6.4310e-09       -0.0687 
16692.4468       22360.9371       1.2862e-08       -0.1595 
16692.4468       22360.9371       1.9293e-08       -0.2672 
16692.4468       22360.9371       2.5724e-08       -0.3879 
16692.4468       22360.9371       3.2155e-08       -0.5193 
16692.4468       22360.9371       3.8586e-08       -0.6593 
16692.4468       22360.9371       4.5017e-08       -0.8067 
16692.4468       22360.9371       5.1448e-08       -0.9602 
16692.4468       22360.9371       5.7879e-08       -1.1190 
16692.4468       22360.9371       6.4310e-08       -1.2824 
16692.4468       22360.9371       7.0741e-08       -1.4499 
16692.4468       22360.9371       7.7172e-08       -1.6210 
16692.4468       22360.9371       8.3603e-08       -1.7952 
16692.4468       22360.9371       9.0034e-08       -1.9724 
16692.4468       22360.9371       9.6465e-08       -2.1521 
16692.4468       22360.9371       1.0290e-07       -2.3341 
16692.4468       22360.9371       1.0933e-07       -2.5183 
16692.4468       22360.9371       1.1576e-07       -2.7044 
22360.9371       29953.6672       0.0000e+00       -0.0000 
22360.9371       29953.6672       7.1519e-15       0.0000 
22360.9371       29953.6672       8.3545e-09       -0.0701 
22360.9371       29953.6672       1.6709e-08       -0.1619 
22360.9371       29953.6672       2.5064e-08       -0.2702 
22360.9371       29953.6672       3.3418e-08       -0.3913 
22360.9371       29953.6672       4.1773e-08       -0.5229 
22360.9371       29953.6672       5.0127e-08       -0.6630 
22360.9371       29953.6672       5.8482e-08       -0.8103 
22360.9371       29953.6672       6.6836e-08       -0.9637 
22360.9371       29953.6672       7.5191e-08       -1.1224 
22360.9371       29953.6672       8.3545e-08       -1.2856 
22360.9371       29953.6672       9.1900e-08       -1.4528 
22360.9371       29953.6672       1.0025e-07       -1.6236 
22360.9371       29953.6672       1.0861e-07       -1.7975 
22360.9371       29953.6672       1.1696e-07       -1.9743 
22360.9371       29953.6672       1.2532e-07       -2.1536 
22360.9371       29953.6672       1.3367e-07       -2.3352 
22360.9371       29953.6672       1.4203e-07       -2.5189 
22360.9371       29953.6672       1.5038e-07       -2.7045 
29953.6672       40124.5339       0.0000e+00       0.0000 
29953.6672       40124.5339       1.1280e-12       -0.0000 
29953.6672       40124.5339       7.7793e-09       -0.1493 
29953.6672       40124.5339       1.5558e-08       -0.2987 
29953.6672       40124.5339       2.3336e-08       -0.4483 
29953.6672       40124.5339       3.1114e-08       -0.5979 
29953.6672       40124.5339       3.8892e-08       -0.7478 
29953.6672       40124.5339       4.6670e-08       -0.8977 
29953.6672       40124.5339       5.4449e-08       -1.0478 
29953.6672       40124.5339       6.2227e-08       -1.1979 
29953.6672       40124.5339       7.0005e-08       -1.3483 
29953.6672       40124.5339       7.7783e-08       -1.4987 
29953.6672       40124.5339       8.5561e-08       -1.6492 
29953.6672       40124.5339       9.3340e-08       -1.7998 
29953.6672       40124.5339       1.0112e-07       -1.9506 
29953.6672       40124.5339       1.0890e-07       -2.1014 
29953.6672       40124.5339       1.1667e-07       -2.2524 
29953.6672       40124.5339       1.2445e-07       -2.4035 
29953.6672       40124.5339       1.3223e-07       -2.5546 
29953.6672       40124.5339       1.4001e-07       -2.7059 
40124.5339       53748.9519       0.0000e+00       0.0000 
40124.5339       53748.9519       9.2843e-15       -0.0000 
40124.5339       53748.9519       9.7761e-09       -0.1503 
40124.5339       53748.9519       1.9552e-08       -0.3006 
40124.5339       53748.9519       2.9328e-08       -0.4509 
40124.5339       53748.9519       3.9105e-08       -0.6012 
40124.5339       53748.9519       4.8881e-08       -0.7515 
40124.5339       53748.9519       5.8657e-08       -0.9018 
40124.5339       53748.9519       6.8433e-08       -1.0521 
40124.5339       53748.9519       7.8209e-08       -1.2025 
40124.5339       53748.9519       8.7985e-08       -1.3528 
40124.5339       53748.9519       9.7761e-08       -1.5031 
40124.5339       53748.9519       1.0754e-07       -1.6534 
40124.5339       53748.9519       1.1731e-07       -1.8038 
40124.5339       53748.9519       1.2709e-07       -1.9541 
40124.5339       53748.9519       1.3687e-07       -2.1045 
40124.5339       53748.9519       1.4664e-07       -2.2548 
40124.5339       53748.9519       1.5642e-07       -2.4052 
40124.5339       53748.9519       1.6619e-07       -2.5555 
40124.5339       53748.9519       1.7597e-07       -2.7059 
53748.9519       72001.2440       0.0000e+00       -0.0000 
53748.9519       72001.2440       7.1799e-14       0.0000 
53748.9519       72001.2440       1.2886e-08       -0.1503 
53748.9519       72001.2440       2.5771e-08       -0.3007 
53748.9519       72001.2440       3.8657e-08       -0.4510 
53748.9519       72001.2440       5.1542e-08       -0.6013 
53748.9519       72001.2440       6.4428e-08       -0.7516 
53748.9519       72001.2440       7.7313e-08       -0.9020 
53748.9519       72001.2440       9.0199e-08       -1.0523 
53748.9519       72001.2440       1.0308e-07       -1.2026 
53748.9519       72001.2440       1.1597e-07       -1.3529 
53748.9519       72001.2440       1.2886e-07       -1.5033 
53748.9519       72001.2440       1.4174e-07       -1.6536 
53748.9519       72001.2440       1.5463e-07       -1.8039 
53748.9519       72001.2440       1.6751e-07       -1.9543 
53748.9519       72001.2440       1.8040e-07       -2.1046 
53748.9519       72001.2440       1.9328e-07       -2.2549 
53748.9519       72001.2440       2.0617e-07       -2.4052 
53748.9519       72001.2440       2.1905e-07       -2.5556 
53748.9519       72001.2440       2.3194e-07       -2.7059 
72001.2440       96449.5043       0.0000e+00       0.0000 
72001.2440       96449.5043       2.7065e-14       -0.0000 
72001.2440       96449.5043       1.7341e-08       -0.1503 
72001.2440       96449.5043       3.4682e-08       -0.3007 
72001.2440       96449.5043       5.2023e-08       -0.4510 
72001.2440       96449.5043       6.9363e-08       -0.6013 
72001.2440       96449.5043       8.6704e-08       -0.7516 
72001.2440       96449.5043       1.0405e-07       -0.9020 
72001.2440       96449.5043       1.2139e-07       -1.0523 
72001.2440       96449.5043       1.3873e-07       -1.2026 
72001.2440       96449.5043       1.5607e-07       -1.3530 
72001.2440       96449.5043       1.7341e-07       -1.5033 
72001.2440       96449.5043       1.9075e-07       -1.6536 
72001.2440       96449.5043       2.0809e-07       -1.8039 
72001.2440       96449.5043       2.2543e-07       -1.9543 
72001.2440       96449.5043       2.4277e-07       -2.1046 
72001.2440       96449.5043       2.6011e-07       -2.2549 
72001.2440       96449.5043       2.7745e-07       -2.4052 
72001.2440       96449.5043       2.9479e-07       -2.5556 
72001.2440       96449.5043       3.1214e-07       -2.7059 
96449.5043       129199.2522       0.0000e+00       -0.0000 
96449.5043       129199.2522       5.4495e-13       0.0000 
96449.5043       129199.2522       3.2461e-08       -0.1159 
96449.5043       129199.2522       6.4922e-08       -0.2391 
96449.5043       129199.2522       9.7383e-08       -0.3684 
96449.5043       129199.2522       1.2984e-07       -0.5031 
96449.5043       129199.2522       1.6231e-07       -0.6423 
96449.5043       129199.2522       1.9477e-07       -0.7856 
96449.5043       129199.2522       2.2723e-07       -0.9325 
96449.5043       129199.2522       2.5969e-07       -1.0825 
96449.5043       129199.2522       2.9215e-07       -1.2355 
96449.5043       129199.2522       3.2461e-07       -1.3910 
96449.5043       129199.2522       3.5707e-07       -1.5488 
96449.5043       129199.2522       3.8953e-07       -1.7088 
96449.5043       129199.2522       4.2199e-07       -1.8707 
96449.5043       129199.2522       4.5445e-07       -2.0345 
96449.5043       129199.2522       4.8691e-07       -2.1998 
96449.5043       129199.2522       5.1938e-07       -2.3667 
96449.5043       129199.2522       5.5184e-07       -2.5350 
96449.5043       129199.2522       5.8430e-07       -2.7046 
129199.2522       173069.2852       0.0000e+00       0.0000 
129199.2522       173069.2852       1.0267e-14       -0.0000 
129199.2522       173069.2852       4.2508e-08       -0.1181 
129199.2522       173069.2852       8.5016e-08       -0.2429 
129199.2522       173069.2852       1.2752e-07       -0.3734 
129199.2522       173069.2852       1.7003e-07       -0.5088 
129199.2522       173069.2852       2.1254e-07       -0.6486 
129199.2522       173069.2852       2.5505e-07       -0.7922 
129199.2522       173069.2852       2.9756e-07       -0.9391 
129199.2522       173069.2852       3.4006e-07       -1.0891 
129199.2522       173069.2852       3.8257e-07       -1.2418 
129199.2522       173069.2852       4.2508e-07       -1.3970 
129199.2522       173069.2852       4.6759e-07       -1.5544 
129199.2522       173069.2852       5.1009e-07       -1.7138 
129199.2522       173069.2852       5.5260e-07       -1.8751 
129199.2522       173069.2852       5.9511e-07       -2.0380 
129199.2522       173069.2852       6.3762e-07       -2.2026 
129199.2522       173069.2852       6.8013e-07       -2.3686 
129199.2522       173069.2852       7.2263e-07       -2.5360 
129199.2522       173069.2852       7.6514e-07       -2.7046 
173069.2852       231840.8711       0.0000e+00       0.0000 
173069.2852       231840.8711       5.2525e-14       -0.0000 
173069.2852       231840.8711       4.2817e-08       -0.1503 
173069.2852       231840.8711       8.5635e-08       -0.3006 
173069.2852       231840.8711       1.2845e-07       -0.4509 
173069.2852       231840.8711       1.7127e-07       -0.6012 
173069.2852       231840.8711       2.1409e-07       -0.7515 
173069.2852       231840.8711       2.5690e-07       -0.9018 
173069.2852       231840.8711       2.9972e-07       -1.0521 
173069.2852       231840.8711       3.4254e-07       -1.2024 
173069.2852       231840.8711       3.8536e-07       -1.3527 
173069.2852       231840.8711       4.2817e-07       -1.5031 
173069.2852       231840.8711       4.7099e-07       -1.6534 
173069.2852       231840.8711       5.1381e-07       -1.8038 
173069.2852       231840.8711       5.5662e-07       -1.9541 
173069.2852       231840.8711       5.9944e-07       -2.1045 
173069.2852       231840.8711       6.4226e-07       -2.2548 
173069.2852       231840.8711       6.8508e-07       -2.4052 
173069.2852       231840.8711       7.2789e-07       -2.5555 
173069.2852       231840.8711       7.7071e-07       -2.7059 
231840.8711       310563.2050       0.0000e+00       -1.6546 
231840.8711       310563.2050       3.8779e-08       -0.9017 
231840.8711       310563.2050       7.7559e-08       -0.5497 
231840.8711       310563.2050       1.1634e-07       -0.3410 
231840.8711       310563.2050       1.5512e-07       -0.2066 
231840.8711       310563.2050       1.9390e-07       -0.1179 
231840.8711       310563.2050       2.3268e-07       -0.0600 
231840.8711       310563.2050       2.7146e-07       -0.0243 
231840.8711       310563.2050       3.1023e-07       -0.0056 
231840.8711       310563.2050       3.4901e-07       0.0000 
231840.8711       310563.2050       5.1187e-07       -0.0731 
231840.8711       310563.2050       6.7473e-07       -0.2415 
231840.8711       310563.2050       8.3759e-07       -0.4650 
231840.8711       310563.2050       1.0004e-06       -0.7245 
231840.8711       310563.2050       1.1633e-06       -1.0093 
231840.8711       310563.2050       1.3262e-06       -1.3130 
231840.8711       310563.2050       1.4890e-06       -1.6313 
231840.8711       310563.2050       1.6519e-06       -1.9611 
231840.8711       310563.2050       1.8147e-06       -2.3004 
231840.8711       310563.2050       1.9776e-06       -2.6475 
310563.2050       416015.9675       0.0000e+00       0.0000 
310563.2050       416015.9675       2.2121e-12       -0.0000 
310563.2050       416015.9675       7.6481e-08       -0.1503 
310563.2050       416015.9675       1.5296e-07       -0.3007 
310563.2050       416015.9675       2.2944e-07       -0.4510 
310563.2050       416015.9675       3.0592e-07       -0.6013 
310563.2050       416015.9675       3.8239e-07       -0.7516 
310563.2050       416015.9675       4.5887e-07       -0.9020 
310563.2050       416015.9675       5.3535e-07       -1.0523 
310563.2050       416015.9675       6.1183e-07       -1.2026 
310563.2050       416015.9675       6.8831e-07       -1.3530 
310563.2050       416015.9675       7.6479e-07       -1.5033 
310563.2050       416015.9675       8.4126e-07       -1.6536 
310563.2050       416015.9675       9.1774e-07       -1.8039 
310563.2050       416015.9675       9.9422e-07       -1.9543 
310563.2050       416015.9675       1.0707e-06       -2.1046 
310563.2050       416015.9675       1.1472e-06       -2.2549 
310563.2050       416015.9675       1.2237e-06       -2.4052 
310563.2050       416015.9675       1.3001e-06       -2.5556 
310563.2050       416015.9675       1.3766e-06       -2.7059 
416015.9675       557275.5639       0.0000e+00       0.0000 
416015.9675       557275.5639       1.1232e-14       -0.0000 
416015.9675       557275.5639       1.0387e-07       -0.1503 
416015.9675       557275.5639       2.0775e-07       -0.3007 
416015.9675       557275.5639       3.1162e-07       -0.4510 
416015.9675       557275.5639       4.1550e-07       -0.6013 
416015.9675       557275.5639       5.1937e-07       -0.7516 
416015.9675       557275.5639       6.2324e-07       -0.9020 
416015.9675       557275.5639       7.2712e-07       -1.0523 
416015.9675       557275.5639       8.3099e-07       -1.2026 
416015.9675       557275.5639       9.3486e-07       -1.3529 
416015.9675       557275.5639       1.0387e-06       -1.5033 
416015.9675       557275.5639       1.1426e-06       -1.6536 
416015.9675       557275.5639       1.2465e-06       -1.8039 
416015.9675       557275.5639       1.3504e-06       -1.9543 
416015.9675       557275.5639       1.4542e-06       -2.1046 
416015.9675       557275.5639       1.5581e-06       -2.2549 
416015.9675       557275.5639       1.6620e-06       -2.4052 
416015.9675       557275.5639       1.7659e-06       -2.5556 
416015.9675       557275.5639       1.8697e-06       -2.7059 
557275.5639       746517.5120       0.0000e+00       0.0000 
557275.5639       746517.5120       1.1170e-14       -0.0000 
557275.5639       746517.5120       1.4246e-07       -0.1503 
557275.5639       746517.5120       2.8493e-07       -0.3007 
557275.5639       746517.5120       4.2739e-07       -0.4510 
557275.5639       746517.5120       5.6986e-07       -0.6013 
557275.5639       746517.5120       7.1232e-07       -0.7516 
557275.5639       746517.5120       8.5479e-07       -0.9020 
557275.5639       746517.5120       9.9725e-07       -1.0523 
557275.5639       746517.5120       1.1397e-06       -1.2026 
557275.5639       746517.5120       1.2822e-06       -1.3529 
557275.5639       746517.5120       1.4246e-06       -1.5033 
557275.5639       746517.5120       1.5671e-06       -1.6536 
557275.5639       746517.5120       1.7096e-06       -1.8039 
557275.5639       746517.5120       1.8520e-06       -1.9543 
557275.5639       746517.5120       1.9945e-06       -2.1046 
557275.5639       746517.5120       2.1370e-06       -2.2549 
557275.5639       746517.5120       2.2794e-06       -2.4052 
557275.5639       746517.5120       2.4219e-06       -2.5556 
557275.5639       746517.5120       2.5644e-06       -2.7059 
746517.5120       1000000.0000       0.0000e+00       0.0000 
746517.5120       1000000.0000       7.0841e-12       -0.0000 
746517.5120       1000000.0000       2.0715e-07       -0.1503 
746517.5120       1000000.0000       4.1429e-07       -0.3007 
746517.5120       1000000.0000       6.2143e-07       -0.4510 
746517.5120       1000000.0000       8.2857e-07       -0.6013 
746517.5120       1000000.0000       1.0357e-06       -0.7516 
746517.5120       1000000.0000       1.2429e-06       -0.9020 
746517.5120       1000000.0000       1.4500e-06       -1.0523 
746517.5120       1000000.0000       1.6571e-06       -1.2026 
746517.5120       1000000.0000       1.8643e-06       -1.3529 
746517.5120       1000000.0000       2.0714e-06       -1.5033 
746517.5120       1000000.0000       2.2786e-06       -1.6536 
746517.5120       1000000.0000       2.4857e-06       -1.8039 
746517.5120       1000000.0000       2.6929e-06       -1.9543 
746517.5120       1000000.0000       2.9000e-06       -2.1046 
746517.5120       1000000.0000       3.1071e-06       -2.2549 
746517.5120       1000000.0000       3.3143e-06       -2.4052 
746517.5120       1000000.0000       3.5214e-06       -2.5556 
746517.5120       1000000.0000       3.7286e-06       -2.7059 
