#Canes_V1  Log10(Jfactor)=17.420   sigmaJ=0.160 
#[0]emin(MeV) [1]emax(MeV) [2]eflux(MeV/cm^2/s) [3]deltaLogLike 
500.0000       669.7766       0.0000e+00       0.0000 
500.0000       669.7766       6.1674e-13       -0.0000 
500.0000       669.7766       2.8852e-09       -0.0923 
500.0000       669.7766       5.7699e-09       -0.1922 
500.0000       669.7766       8.6545e-09       -0.2996 
500.0000       669.7766       1.1539e-08       -0.4141 
500.0000       669.7766       1.4424e-08       -0.5358 
500.0000       669.7766       1.7308e-08       -0.6645 
500.0000       669.7766       2.0193e-08       -0.8000 
500.0000       669.7766       2.3078e-08       -0.9421 
500.0000       669.7766       2.5962e-08       -1.0909 
500.0000       669.7766       2.8847e-08       -1.2460 
500.0000       669.7766       3.1732e-08       -1.4075 
500.0000       669.7766       3.4616e-08       -1.5750 
500.0000       669.7766       3.7501e-08       -1.7487 
500.0000       669.7766       4.0385e-08       -1.9283 
500.0000       669.7766       4.3270e-08       -2.1138 
500.0000       669.7766       4.6155e-08       -2.3050 
500.0000       669.7766       4.9039e-08       -2.5019 
500.0000       669.7766       5.1924e-08       -2.7043 
669.7766       897.2222       0.0000e+00       0.0000 
669.7766       897.2222       9.7277e-13       -0.0000 
669.7766       897.2222       2.2950e-09       -0.1026 
669.7766       897.2222       4.5891e-09       -0.2116 
669.7766       897.2222       6.8832e-09       -0.3268 
669.7766       897.2222       9.1772e-09       -0.4481 
669.7766       897.2222       1.1471e-08       -0.5753 
669.7766       897.2222       1.3765e-08       -0.7082 
669.7766       897.2222       1.6059e-08       -0.8467 
669.7766       897.2222       1.8353e-08       -0.9907 
669.7766       897.2222       2.0648e-08       -1.1401 
669.7766       897.2222       2.2942e-08       -1.2945 
669.7766       897.2222       2.5236e-08       -1.4542 
669.7766       897.2222       2.7530e-08       -1.6188 
669.7766       897.2222       2.9824e-08       -1.7883 
669.7766       897.2222       3.2118e-08       -1.9624 
669.7766       897.2222       3.4412e-08       -2.1413 
669.7766       897.2222       3.6706e-08       -2.3248 
669.7766       897.2222       3.9000e-08       -2.5128 
669.7766       897.2222       4.1294e-08       -2.7051 
897.2222       1201.8769       0.0000e+00       0.0000 
897.2222       1201.8769       4.4536e-13       -0.0000 
897.2222       1201.8769       1.8752e-09       -0.1082 
897.2222       1201.8769       3.7500e-09       -0.2222 
897.2222       1201.8769       5.6248e-09       -0.3418 
897.2222       1201.8769       7.4995e-09       -0.4668 
897.2222       1201.8769       9.3743e-09       -0.5969 
897.2222       1201.8769       1.1249e-08       -0.7322 
897.2222       1201.8769       1.3124e-08       -0.8724 
897.2222       1201.8769       1.4999e-08       -1.0174 
897.2222       1201.8769       1.6873e-08       -1.1671 
897.2222       1201.8769       1.8748e-08       -1.3213 
897.2222       1201.8769       2.0623e-08       -1.4800 
897.2222       1201.8769       2.2498e-08       -1.6429 
897.2222       1201.8769       2.4372e-08       -1.8101 
897.2222       1201.8769       2.6247e-08       -1.9813 
897.2222       1201.8769       2.8122e-08       -2.1565 
897.2222       1201.8769       2.9997e-08       -2.3357 
897.2222       1201.8769       3.1872e-08       -2.5187 
897.2222       1201.8769       3.3746e-08       -2.7054 
1201.8769       1609.9782       0.0000e+00       0.0000 
1201.8769       1609.9782       4.0451e-13       -0.0000 
1201.8769       1609.9782       1.7493e-09       -0.1090 
1201.8769       1609.9782       3.4982e-09       -0.2241 
1201.8769       1609.9782       5.2471e-09       -0.3449 
1201.8769       1609.9782       6.9960e-09       -0.4712 
1201.8769       1609.9782       8.7449e-09       -0.6026 
1201.8769       1609.9782       1.0494e-08       -0.7391 
1201.8769       1609.9782       1.2243e-08       -0.8804 
1201.8769       1609.9782       1.3992e-08       -1.0263 
1201.8769       1609.9782       1.5741e-08       -1.1766 
1201.8769       1609.9782       1.7489e-08       -1.3312 
1201.8769       1609.9782       1.9238e-08       -1.4899 
1201.8769       1609.9782       2.0987e-08       -1.6525 
1201.8769       1609.9782       2.2736e-08       -1.8190 
1201.8769       1609.9782       2.4485e-08       -1.9892 
1201.8769       1609.9782       2.6234e-08       -2.1630 
1201.8769       1609.9782       2.7983e-08       -2.3402 
1201.8769       1609.9782       2.9732e-08       -2.5209 
1201.8769       1609.9782       3.1481e-08       -2.7049 
1609.9782       2156.6516       0.0000e+00       -0.0000 
1609.9782       2156.6516       5.3697e-15       0.0000 
1609.9782       2156.6516       1.3726e-09       -0.1247 
1609.9782       2156.6516       2.7452e-09       -0.2535 
1609.9782       2156.6516       4.1178e-09       -0.3860 
1609.9782       2156.6516       5.4904e-09       -0.5221 
1609.9782       2156.6516       6.8630e-09       -0.6615 
1609.9782       2156.6516       8.2356e-09       -0.8040 
1609.9782       2156.6516       9.6082e-09       -0.9494 
1609.9782       2156.6516       1.0981e-08       -1.0976 
1609.9782       2156.6516       1.2353e-08       -1.2484 
1609.9782       2156.6516       1.3726e-08       -1.4017 
1609.9782       2156.6516       1.5099e-08       -1.5574 
1609.9782       2156.6516       1.6471e-08       -1.7153 
1609.9782       2156.6516       1.7844e-08       -1.8754 
1609.9782       2156.6516       1.9216e-08       -2.0376 
1609.9782       2156.6516       2.0589e-08       -2.2017 
1609.9782       2156.6516       2.1962e-08       -2.3678 
1609.9782       2156.6516       2.3334e-08       -2.5357 
1609.9782       2156.6516       2.4707e-08       -2.7054 
2156.6516       2889.0164       0.0000e+00       -0.0000 
2156.6516       2889.0164       1.2907e-11       0.0000 
2156.6516       2889.0164       2.6465e-09       -0.0119 
2156.6516       2889.0164       5.2801e-09       -0.0521 
2156.6516       2889.0164       7.9137e-09       -0.1162 
2156.6516       2889.0164       1.0547e-08       -0.2013 
2156.6516       2889.0164       1.3181e-08       -0.3046 
2156.6516       2889.0164       1.5814e-08       -0.4242 
2156.6516       2889.0164       1.8448e-08       -0.5584 
2156.6516       2889.0164       2.1082e-08       -0.7056 
2156.6516       2889.0164       2.3715e-08       -0.8648 
2156.6516       2889.0164       2.6349e-08       -1.0349 
2156.6516       2889.0164       2.8982e-08       -1.2151 
2156.6516       2889.0164       3.1616e-08       -1.4045 
2156.6516       2889.0164       3.4250e-08       -1.6025 
2156.6516       2889.0164       3.6883e-08       -1.8086 
2156.6516       2889.0164       3.9517e-08       -2.0222 
2156.6516       2889.0164       4.2150e-08       -2.2428 
2156.6516       2889.0164       4.4784e-08       -2.4700 
2156.6516       2889.0164       4.7418e-08       -2.7035 
2889.0164       3869.9914       0.0000e+00       0.0000 
2889.0164       3869.9914       1.0254e-12       -0.0000 
2889.0164       3869.9914       1.9943e-09       -0.1073 
2889.0164       3869.9914       3.9876e-09       -0.2219 
2889.0164       3869.9914       5.9808e-09       -0.3432 
2889.0164       3869.9914       7.9741e-09       -0.4707 
2889.0164       3869.9914       9.9674e-09       -0.6038 
2889.0164       3869.9914       1.1961e-08       -0.7421 
2889.0164       3869.9914       1.3954e-08       -0.8853 
2889.0164       3869.9914       1.5947e-08       -1.0329 
2889.0164       3869.9914       1.7940e-08       -1.1848 
2889.0164       3869.9914       1.9934e-08       -1.3407 
2889.0164       3869.9914       2.1927e-08       -1.5002 
2889.0164       3869.9914       2.3920e-08       -1.6633 
2889.0164       3869.9914       2.5914e-08       -1.8296 
2889.0164       3869.9914       2.7907e-08       -1.9991 
2889.0164       3869.9914       2.9900e-08       -2.1716 
2889.0164       3869.9914       3.1893e-08       -2.3470 
2889.0164       3869.9914       3.3887e-08       -2.5250 
2889.0164       3869.9914       3.5880e-08       -2.7057 
3869.9914       5184.0598       0.0000e+00       0.0000 
3869.9914       5184.0598       1.8104e-14       -0.0000 
3869.9914       5184.0598       1.2480e-09       -0.1500 
3869.9914       5184.0598       2.4959e-09       -0.3000 
3869.9914       5184.0598       3.7438e-09       -0.4501 
3869.9914       5184.0598       4.9918e-09       -0.6002 
3869.9914       5184.0598       6.2397e-09       -0.7504 
3869.9914       5184.0598       7.4877e-09       -0.9006 
3869.9914       5184.0598       8.7356e-09       -1.0508 
3869.9914       5184.0598       9.9835e-09       -1.2011 
3869.9914       5184.0598       1.1231e-08       -1.3514 
3869.9914       5184.0598       1.2479e-08       -1.5017 
3869.9914       5184.0598       1.3727e-08       -1.6521 
3869.9914       5184.0598       1.4975e-08       -1.8026 
3869.9914       5184.0598       1.6223e-08       -1.9530 
3869.9914       5184.0598       1.7471e-08       -2.1035 
3869.9914       5184.0598       1.8719e-08       -2.2541 
3869.9914       5184.0598       1.9967e-08       -2.4046 
3869.9914       5184.0598       2.1215e-08       -2.5552 
3869.9914       5184.0598       2.2463e-08       -2.7059 
5184.0598       6944.3244       0.0000e+00       -0.0000 
5184.0598       6944.3244       6.3726e-12       0.0000 
5184.0598       6944.3244       2.5834e-09       -0.0114 
5184.0598       6944.3244       5.1604e-09       -0.0682 
5184.0598       6944.3244       7.7374e-09       -0.1557 
5184.0598       6944.3244       1.0314e-08       -0.2653 
5184.0598       6944.3244       1.2891e-08       -0.3918 
5184.0598       6944.3244       1.5468e-08       -0.5313 
5184.0598       6944.3244       1.8045e-08       -0.6815 
5184.0598       6944.3244       2.0623e-08       -0.8404 
5184.0598       6944.3244       2.3200e-08       -1.0066 
5184.0598       6944.3244       2.5777e-08       -1.1789 
5184.0598       6944.3244       2.8354e-08       -1.3566 
5184.0598       6944.3244       3.0931e-08       -1.5389 
5184.0598       6944.3244       3.3508e-08       -1.7253 
5184.0598       6944.3244       3.6085e-08       -1.9153 
5184.0598       6944.3244       3.8662e-08       -2.1085 
5184.0598       6944.3244       4.1239e-08       -2.3045 
5184.0598       6944.3244       4.3816e-08       -2.5032 
5184.0598       6944.3244       4.6393e-08       -2.7042 
6944.3244       9302.5069       0.0000e+00       -0.8283 
6944.3244       9302.5069       1.3909e-09       -0.5407 
6944.3244       9302.5069       2.7817e-09       -0.3570 
6944.3244       9302.5069       4.1726e-09       -0.2321 
6944.3244       9302.5069       5.5635e-09       -0.1452 
6944.3244       9302.5069       6.9544e-09       -0.0847 
6944.3244       9302.5069       8.3452e-09       -0.0438 
6944.3244       9302.5069       9.7361e-09       -0.0180 
6944.3244       9302.5069       1.1127e-08       -0.0041 
6944.3244       9302.5069       1.2518e-08       0.0000 
6944.3244       9302.5069       1.9182e-08       -0.0729 
6944.3244       9302.5069       2.5846e-08       -0.2410 
6944.3244       9302.5069       3.2510e-08       -0.4650 
6944.3244       9302.5069       3.9174e-08       -0.7259 
6944.3244       9302.5069       4.5838e-08       -1.0132 
6944.3244       9302.5069       5.2502e-08       -1.3204 
6944.3244       9302.5069       5.9166e-08       -1.6433 
6944.3244       9302.5069       6.5830e-08       -1.9787 
6944.3244       9302.5069       7.2495e-08       -2.3247 
6944.3244       9302.5069       7.9159e-08       -2.6795 
9302.5069       12461.2038       0.0000e+00       0.0000 
9302.5069       12461.2038       2.3718e-12       -0.0001 
9302.5069       12461.2038       3.2419e-09       -0.1457 
9302.5069       12461.2038       6.4814e-09       -0.2920 
9302.5069       12461.2038       9.7210e-09       -0.4390 
9302.5069       12461.2038       1.2961e-08       -0.5865 
9302.5069       12461.2038       1.6200e-08       -0.7346 
9302.5069       12461.2038       1.9440e-08       -0.8833 
9302.5069       12461.2038       2.2679e-08       -1.0326 
9302.5069       12461.2038       2.5919e-08       -1.1823 
9302.5069       12461.2038       2.9158e-08       -1.3326 
9302.5069       12461.2038       3.2398e-08       -1.4834 
9302.5069       12461.2038       3.5637e-08       -1.6347 
9302.5069       12461.2038       3.8877e-08       -1.7864 
9302.5069       12461.2038       4.2116e-08       -1.9386 
9302.5069       12461.2038       4.5356e-08       -2.0912 
9302.5069       12461.2038       4.8595e-08       -2.2442 
9302.5069       12461.2038       5.1835e-08       -2.3977 
9302.5069       12461.2038       5.5074e-08       -2.5516 
9302.5069       12461.2038       5.8314e-08       -2.7058 
12461.2038       16692.4468       0.0000e+00       0.0000 
12461.2038       16692.4468       1.6960e-12       -0.0000 
12461.2038       16692.4468       3.8351e-09       -0.1480 
12461.2038       16692.4468       7.6685e-09       -0.2963 
12461.2038       16692.4468       1.1502e-08       -0.4449 
12461.2038       16692.4468       1.5335e-08       -0.5938 
12461.2038       16692.4468       1.9169e-08       -0.7430 
12461.2038       16692.4468       2.3002e-08       -0.8925 
12461.2038       16692.4468       2.6836e-08       -1.0423 
12461.2038       16692.4468       3.0669e-08       -1.1923 
12461.2038       16692.4468       3.4502e-08       -1.3426 
12461.2038       16692.4468       3.8336e-08       -1.4931 
12461.2038       16692.4468       4.2169e-08       -1.6439 
12461.2038       16692.4468       4.6003e-08       -1.7950 
12461.2038       16692.4468       4.9836e-08       -1.9463 
12461.2038       16692.4468       5.3669e-08       -2.0977 
12461.2038       16692.4468       5.7503e-08       -2.2495 
12461.2038       16692.4468       6.1336e-08       -2.4014 
12461.2038       16692.4468       6.5170e-08       -2.5535 
12461.2038       16692.4468       6.9003e-08       -2.7059 
16692.4468       22360.9371       0.0000e+00       0.0000 
16692.4468       22360.9371       1.4354e-12       -0.0000 
16692.4468       22360.9371       4.5775e-09       -0.1503 
16692.4468       22360.9371       9.1535e-09       -0.3006 
16692.4468       22360.9371       1.3730e-08       -0.4509 
16692.4468       22360.9371       1.8306e-08       -0.6012 
16692.4468       22360.9371       2.2882e-08       -0.7515 
16692.4468       22360.9371       2.7458e-08       -0.9018 
16692.4468       22360.9371       3.2034e-08       -1.0521 
16692.4468       22360.9371       3.6610e-08       -1.2024 
16692.4468       22360.9371       4.1186e-08       -1.3527 
16692.4468       22360.9371       4.5762e-08       -1.5031 
16692.4468       22360.9371       5.0338e-08       -1.6534 
16692.4468       22360.9371       5.4914e-08       -1.8037 
16692.4468       22360.9371       5.9490e-08       -1.9541 
16692.4468       22360.9371       6.4066e-08       -2.1044 
16692.4468       22360.9371       6.8642e-08       -2.2548 
16692.4468       22360.9371       7.3218e-08       -2.4051 
16692.4468       22360.9371       7.7794e-08       -2.5555 
16692.4468       22360.9371       8.2370e-08       -2.7059 
22360.9371       29953.6672       0.0000e+00       0.0000 
22360.9371       29953.6672       1.2015e-12       -0.0000 
22360.9371       29953.6672       6.4400e-09       -0.1496 
22360.9371       29953.6672       1.2879e-08       -0.2994 
22360.9371       29953.6672       1.9318e-08       -0.4492 
22360.9371       29953.6672       2.5756e-08       -0.5990 
22360.9371       29953.6672       3.2195e-08       -0.7490 
22360.9371       29953.6672       3.8634e-08       -0.8991 
22360.9371       29953.6672       4.5073e-08       -1.0492 
22360.9371       29953.6672       5.1512e-08       -1.1994 
22360.9371       29953.6672       5.7950e-08       -1.3497 
22360.9371       29953.6672       6.4389e-08       -1.5001 
22360.9371       29953.6672       7.0828e-08       -1.6506 
22360.9371       29953.6672       7.7267e-08       -1.8011 
22360.9371       29953.6672       8.3706e-08       -1.9517 
22360.9371       29953.6672       9.0144e-08       -2.1024 
22360.9371       29953.6672       9.6583e-08       -2.2532 
22360.9371       29953.6672       1.0302e-07       -2.4040 
22360.9371       29953.6672       1.0946e-07       -2.5549 
22360.9371       29953.6672       1.1590e-07       -2.7059 
29953.6672       40124.5339       0.0000e+00       0.0000 
29953.6672       40124.5339       9.4018e-13       -0.0000 
29953.6672       40124.5339       7.8554e-09       -0.1503 
29953.6672       40124.5339       1.5710e-08       -0.3007 
29953.6672       40124.5339       2.3564e-08       -0.4510 
29953.6672       40124.5339       3.1419e-08       -0.6013 
29953.6672       40124.5339       3.9273e-08       -0.7516 
29953.6672       40124.5339       4.7127e-08       -0.9020 
29953.6672       40124.5339       5.4982e-08       -1.0523 
29953.6672       40124.5339       6.2836e-08       -1.2026 
29953.6672       40124.5339       7.0691e-08       -1.3529 
29953.6672       40124.5339       7.8545e-08       -1.5033 
29953.6672       40124.5339       8.6400e-08       -1.6536 
29953.6672       40124.5339       9.4254e-08       -1.8039 
29953.6672       40124.5339       1.0211e-07       -1.9543 
29953.6672       40124.5339       1.0996e-07       -2.1046 
29953.6672       40124.5339       1.1782e-07       -2.2549 
29953.6672       40124.5339       1.2567e-07       -2.4052 
29953.6672       40124.5339       1.3353e-07       -2.5556 
29953.6672       40124.5339       1.4138e-07       -2.7059 
40124.5339       53748.9519       0.0000e+00       0.0000 
40124.5339       53748.9519       7.3008e-13       -0.0000 
40124.5339       53748.9519       1.0714e-08       -0.1501 
40124.5339       53748.9519       2.1427e-08       -0.3002 
40124.5339       53748.9519       3.2140e-08       -0.4504 
40124.5339       53748.9519       4.2853e-08       -0.6006 
40124.5339       53748.9519       5.3566e-08       -0.7508 
40124.5339       53748.9519       6.4279e-08       -0.9010 
40124.5339       53748.9519       7.4992e-08       -1.0513 
40124.5339       53748.9519       8.5705e-08       -1.2016 
40124.5339       53748.9519       9.6418e-08       -1.3519 
40124.5339       53748.9519       1.0713e-07       -1.5023 
40124.5339       53748.9519       1.1784e-07       -1.6526 
40124.5339       53748.9519       1.2856e-07       -1.8030 
40124.5339       53748.9519       1.3927e-07       -1.9534 
40124.5339       53748.9519       1.4998e-07       -2.1039 
40124.5339       53748.9519       1.6070e-07       -2.2544 
40124.5339       53748.9519       1.7141e-07       -2.4048 
40124.5339       53748.9519       1.8212e-07       -2.5554 
40124.5339       53748.9519       1.9284e-07       -2.7059 
53748.9519       72001.2440       0.0000e+00       -0.0000 
53748.9519       72001.2440       5.6446e-13       0.0000 
53748.9519       72001.2440       1.5341e-08       -0.1483 
53748.9519       72001.2440       3.0681e-08       -0.2969 
53748.9519       72001.2440       4.6021e-08       -0.4458 
53748.9519       72001.2440       6.1361e-08       -0.5949 
53748.9519       72001.2440       7.6701e-08       -0.7443 
53748.9519       72001.2440       9.2041e-08       -0.8939 
53748.9519       72001.2440       1.0738e-07       -1.0438 
53748.9519       72001.2440       1.2272e-07       -1.1939 
53748.9519       72001.2440       1.3806e-07       -1.3442 
53748.9519       72001.2440       1.5340e-07       -1.4947 
53748.9519       72001.2440       1.6874e-07       -1.6454 
53748.9519       72001.2440       1.8408e-07       -1.7964 
53748.9519       72001.2440       1.9942e-07       -1.9475 
53748.9519       72001.2440       2.1476e-07       -2.0988 
53748.9519       72001.2440       2.3010e-07       -2.2503 
53748.9519       72001.2440       2.4544e-07       -2.4020 
53748.9519       72001.2440       2.6078e-07       -2.5538 
53748.9519       72001.2440       2.7612e-07       -2.7059 
72001.2440       96449.5043       0.0000e+00       0.0000 
72001.2440       96449.5043       4.2748e-13       -0.0000 
72001.2440       96449.5043       1.8940e-08       -0.1503 
72001.2440       96449.5043       3.7879e-08       -0.3006 
72001.2440       96449.5043       5.6818e-08       -0.4510 
72001.2440       96449.5043       7.5757e-08       -0.6013 
72001.2440       96449.5043       9.4696e-08       -0.7516 
72001.2440       96449.5043       1.1363e-07       -0.9019 
72001.2440       96449.5043       1.3257e-07       -1.0522 
72001.2440       96449.5043       1.5151e-07       -1.2026 
72001.2440       96449.5043       1.7045e-07       -1.3529 
72001.2440       96449.5043       1.8939e-07       -1.5032 
72001.2440       96449.5043       2.0833e-07       -1.6536 
72001.2440       96449.5043       2.2727e-07       -1.8039 
72001.2440       96449.5043       2.4621e-07       -1.9542 
72001.2440       96449.5043       2.6515e-07       -2.1046 
72001.2440       96449.5043       2.8409e-07       -2.2549 
72001.2440       96449.5043       3.0303e-07       -2.4052 
72001.2440       96449.5043       3.2196e-07       -2.5556 
72001.2440       96449.5043       3.4090e-07       -2.7059 
96449.5043       129199.2522       0.0000e+00       -0.0000 
96449.5043       129199.2522       3.2454e-13       0.0000 
96449.5043       129199.2522       2.5418e-08       -0.1503 
96449.5043       129199.2522       5.0835e-08       -0.3006 
96449.5043       129199.2522       7.6253e-08       -0.4510 
96449.5043       129199.2522       1.0167e-07       -0.6013 
96449.5043       129199.2522       1.2709e-07       -0.7516 
96449.5043       129199.2522       1.5251e-07       -0.9019 
96449.5043       129199.2522       1.7792e-07       -1.0523 
96449.5043       129199.2522       2.0334e-07       -1.2026 
96449.5043       129199.2522       2.2876e-07       -1.3529 
96449.5043       129199.2522       2.5418e-07       -1.5032 
96449.5043       129199.2522       2.7959e-07       -1.6536 
96449.5043       129199.2522       3.0501e-07       -1.8039 
96449.5043       129199.2522       3.3043e-07       -1.9542 
96449.5043       129199.2522       3.5585e-07       -2.1046 
96449.5043       129199.2522       3.8126e-07       -2.2549 
96449.5043       129199.2522       4.0668e-07       -2.4052 
96449.5043       129199.2522       4.3210e-07       -2.5556 
96449.5043       129199.2522       4.5752e-07       -2.7059 
129199.2522       173069.2852       0.0000e+00       -0.0000 
129199.2522       173069.2852       2.4583e-13       0.0000 
129199.2522       173069.2852       3.4688e-08       -0.1503 
129199.2522       173069.2852       6.9376e-08       -0.3005 
129199.2522       173069.2852       1.0406e-07       -0.4508 
129199.2522       173069.2852       1.3875e-07       -0.6011 
129199.2522       173069.2852       1.7344e-07       -0.7514 
129199.2522       173069.2852       2.0813e-07       -0.9017 
129199.2522       173069.2852       2.4282e-07       -1.0520 
129199.2522       173069.2852       2.7750e-07       -1.2023 
129199.2522       173069.2852       3.1219e-07       -1.3527 
129199.2522       173069.2852       3.4688e-07       -1.5030 
129199.2522       173069.2852       3.8157e-07       -1.6533 
129199.2522       173069.2852       4.1626e-07       -1.8037 
129199.2522       173069.2852       4.5094e-07       -1.9540 
129199.2522       173069.2852       4.8563e-07       -2.1044 
129199.2522       173069.2852       5.2032e-07       -2.2548 
129199.2522       173069.2852       5.5501e-07       -2.4051 
129199.2522       173069.2852       5.8970e-07       -2.5555 
129199.2522       173069.2852       6.2438e-07       -2.7059 
173069.2852       231840.8711       0.0000e+00       -0.0000 
173069.2852       231840.8711       1.8616e-13       0.0000 
173069.2852       231840.8711       4.5968e-08       -0.1503 
173069.2852       231840.8711       9.1935e-08       -0.3006 
173069.2852       231840.8711       1.3790e-07       -0.4510 
173069.2852       231840.8711       1.8387e-07       -0.6013 
173069.2852       231840.8711       2.2984e-07       -0.7516 
173069.2852       231840.8711       2.7581e-07       -0.9020 
173069.2852       231840.8711       3.2177e-07       -1.0523 
173069.2852       231840.8711       3.6774e-07       -1.2026 
173069.2852       231840.8711       4.1371e-07       -1.3529 
173069.2852       231840.8711       4.5968e-07       -1.5033 
173069.2852       231840.8711       5.0564e-07       -1.6536 
173069.2852       231840.8711       5.5161e-07       -1.8039 
173069.2852       231840.8711       5.9758e-07       -1.9543 
173069.2852       231840.8711       6.4355e-07       -2.1046 
173069.2852       231840.8711       6.8951e-07       -2.2549 
173069.2852       231840.8711       7.3548e-07       -2.4052 
173069.2852       231840.8711       7.8145e-07       -2.5556 
173069.2852       231840.8711       8.2742e-07       -2.7059 
231840.8711       310563.2050       0.0000e+00       -0.0000 
231840.8711       310563.2050       1.4083e-13       0.0000 
231840.8711       310563.2050       6.3871e-08       -0.1501 
231840.8711       310563.2050       1.2774e-07       -0.3002 
231840.8711       310563.2050       1.9161e-07       -0.4504 
231840.8711       310563.2050       2.5548e-07       -0.6005 
231840.8711       310563.2050       3.1935e-07       -0.7507 
231840.8711       310563.2050       3.8322e-07       -0.9010 
231840.8711       310563.2050       4.4710e-07       -1.0512 
231840.8711       310563.2050       5.1097e-07       -1.2015 
231840.8711       310563.2050       5.7484e-07       -1.3519 
231840.8711       310563.2050       6.3871e-07       -1.5022 
231840.8711       310563.2050       7.0258e-07       -1.6526 
231840.8711       310563.2050       7.6645e-07       -1.8030 
231840.8711       310563.2050       8.3032e-07       -1.9534 
231840.8711       310563.2050       8.9419e-07       -2.1038 
231840.8711       310563.2050       9.5806e-07       -2.2543 
231840.8711       310563.2050       1.0219e-06       -2.4048 
231840.8711       310563.2050       1.0858e-06       -2.5553 
231840.8711       310563.2050       1.1497e-06       -2.7059 
310563.2050       416015.9675       0.0000e+00       -0.0000 
310563.2050       416015.9675       1.0656e-13       0.0000 
310563.2050       416015.9675       8.3396e-08       -0.1503 
310563.2050       416015.9675       1.6679e-07       -0.3007 
310563.2050       416015.9675       2.5019e-07       -0.4510 
310563.2050       416015.9675       3.3359e-07       -0.6013 
310563.2050       416015.9675       4.1698e-07       -0.7516 
310563.2050       416015.9675       5.0038e-07       -0.9020 
310563.2050       416015.9675       5.8377e-07       -1.0523 
310563.2050       416015.9675       6.6717e-07       -1.2026 
310563.2050       416015.9675       7.5057e-07       -1.3529 
310563.2050       416015.9675       8.3396e-07       -1.5033 
310563.2050       416015.9675       9.1736e-07       -1.6536 
310563.2050       416015.9675       1.0008e-06       -1.8039 
310563.2050       416015.9675       1.0842e-06       -1.9543 
310563.2050       416015.9675       1.1675e-06       -2.1046 
310563.2050       416015.9675       1.2509e-06       -2.2549 
310563.2050       416015.9675       1.3343e-06       -2.4052 
310563.2050       416015.9675       1.4177e-06       -2.5556 
310563.2050       416015.9675       1.5011e-06       -2.7059 
416015.9675       557275.5639       0.0000e+00       -0.0000 
416015.9675       557275.5639       8.0614e-14       0.0000 
416015.9675       557275.5639       1.1348e-07       -0.1503 
416015.9675       557275.5639       2.2697e-07       -0.3007 
416015.9675       557275.5639       3.4045e-07       -0.4510 
416015.9675       557275.5639       4.5393e-07       -0.6013 
416015.9675       557275.5639       5.6742e-07       -0.7516 
416015.9675       557275.5639       6.8090e-07       -0.9020 
416015.9675       557275.5639       7.9438e-07       -1.0523 
416015.9675       557275.5639       9.0786e-07       -1.2026 
416015.9675       557275.5639       1.0213e-06       -1.3529 
416015.9675       557275.5639       1.1348e-06       -1.5033 
416015.9675       557275.5639       1.2483e-06       -1.6536 
416015.9675       557275.5639       1.3618e-06       -1.8039 
416015.9675       557275.5639       1.4753e-06       -1.9543 
416015.9675       557275.5639       1.5888e-06       -2.1046 
416015.9675       557275.5639       1.7022e-06       -2.2549 
416015.9675       557275.5639       1.8157e-06       -2.4052 
416015.9675       557275.5639       1.9292e-06       -2.5556 
416015.9675       557275.5639       2.0427e-06       -2.7059 
557275.5639       746517.5120       0.0000e+00       -0.0000 
557275.5639       746517.5120       6.0986e-14       0.0000 
557275.5639       746517.5120       1.5611e-07       -0.1503 
557275.5639       746517.5120       3.1221e-07       -0.3007 
557275.5639       746517.5120       4.6832e-07       -0.4510 
557275.5639       746517.5120       6.2442e-07       -0.6013 
557275.5639       746517.5120       7.8053e-07       -0.7516 
557275.5639       746517.5120       9.3664e-07       -0.9020 
557275.5639       746517.5120       1.0927e-06       -1.0523 
557275.5639       746517.5120       1.2488e-06       -1.2026 
557275.5639       746517.5120       1.4050e-06       -1.3530 
557275.5639       746517.5120       1.5611e-06       -1.5033 
557275.5639       746517.5120       1.7172e-06       -1.6536 
557275.5639       746517.5120       1.8733e-06       -1.8039 
557275.5639       746517.5120       2.0294e-06       -1.9543 
557275.5639       746517.5120       2.1855e-06       -2.1046 
557275.5639       746517.5120       2.3416e-06       -2.2549 
557275.5639       746517.5120       2.4977e-06       -2.4053 
557275.5639       746517.5120       2.6538e-06       -2.5556 
557275.5639       746517.5120       2.8099e-06       -2.7059 
746517.5120       1000000.0000       0.0000e+00       -0.0000 
746517.5120       1000000.0000       4.6129e-14       0.0000 
746517.5120       1000000.0000       2.2524e-07       -0.1503 
746517.5120       1000000.0000       4.5048e-07       -0.3007 
746517.5120       1000000.0000       6.7572e-07       -0.4510 
746517.5120       1000000.0000       9.0096e-07       -0.6013 
746517.5120       1000000.0000       1.1262e-06       -0.7516 
746517.5120       1000000.0000       1.3514e-06       -0.9020 
746517.5120       1000000.0000       1.5767e-06       -1.0523 
746517.5120       1000000.0000       1.8019e-06       -1.2026 
746517.5120       1000000.0000       2.0272e-06       -1.3529 
746517.5120       1000000.0000       2.2524e-06       -1.5033 
746517.5120       1000000.0000       2.4776e-06       -1.6536 
746517.5120       1000000.0000       2.7029e-06       -1.8039 
746517.5120       1000000.0000       2.9281e-06       -1.9543 
746517.5120       1000000.0000       3.1534e-06       -2.1046 
746517.5120       1000000.0000       3.3786e-06       -2.2549 
746517.5120       1000000.0000       3.6039e-06       -2.4052 
746517.5120       1000000.0000       3.8291e-06       -2.5556 
746517.5120       1000000.0000       4.0543e-06       -2.7059 
