#Pegasus_3  Log10(Jfactor)=18.300   sigmaJ=0.930 
#[0]emin(MeV) [1]emax(MeV) [2]eflux(MeV/cm^2/s) [3]deltaLogLike 
500.0000       669.7766       0.0000e+00       0.0000 
500.0000       669.7766       1.0956e-12       -0.0000 
500.0000       669.7766       7.0468e-09       -0.0225 
500.0000       669.7766       1.4093e-08       -0.0618 
500.0000       669.7766       2.1138e-08       -0.1174 
500.0000       669.7766       2.8184e-08       -0.1891 
500.0000       669.7766       3.5230e-08       -0.2765 
500.0000       669.7766       4.2275e-08       -0.3792 
500.0000       669.7766       4.9321e-08       -0.4968 
500.0000       669.7766       5.6367e-08       -0.6292 
500.0000       669.7766       6.3413e-08       -0.7760 
500.0000       669.7766       7.0458e-08       -0.9370 
500.0000       669.7766       7.7504e-08       -1.1117 
500.0000       669.7766       8.4550e-08       -1.3001 
500.0000       669.7766       9.1595e-08       -1.5018 
500.0000       669.7766       9.8641e-08       -1.7166 
500.0000       669.7766       1.0569e-07       -1.9443 
500.0000       669.7766       1.1273e-07       -2.1847 
500.0000       669.7766       1.1978e-07       -2.4374 
500.0000       669.7766       1.2682e-07       -2.7025 
669.7766       897.2222       0.0000e+00       -0.6529 
669.7766       897.2222       5.6091e-09       -0.5101 
669.7766       897.2222       1.1218e-08       -0.3863 
669.7766       897.2222       1.6827e-08       -0.2807 
669.7766       897.2222       2.2436e-08       -0.1929 
669.7766       897.2222       2.8045e-08       -0.1221 
669.7766       897.2222       3.3655e-08       -0.0679 
669.7766       897.2222       3.9264e-08       -0.0298 
669.7766       897.2222       4.4873e-08       -0.0073 
669.7766       897.2222       5.0482e-08       0.0000 
669.7766       897.2222       6.2151e-08       -0.0315 
669.7766       897.2222       7.3820e-08       -0.1235 
669.7766       897.2222       8.5489e-08       -0.2727 
669.7766       897.2222       9.7158e-08       -0.4765 
669.7766       897.2222       1.0883e-07       -0.7324 
669.7766       897.2222       1.2050e-07       -1.0380 
669.7766       897.2222       1.3216e-07       -1.3913 
669.7766       897.2222       1.4383e-07       -1.7903 
669.7766       897.2222       1.5550e-07       -2.2332 
669.7766       897.2222       1.6717e-07       -2.7185 
897.2222       1201.8769       0.0000e+00       -0.0000 
897.2222       1201.8769       9.9130e-14       0.0000 
897.2222       1201.8769       3.3239e-09       -0.0914 
897.2222       1201.8769       6.6478e-09       -0.1910 
897.2222       1201.8769       9.9716e-09       -0.2985 
897.2222       1201.8769       1.3295e-08       -0.4137 
897.2222       1201.8769       1.6619e-08       -0.5362 
897.2222       1201.8769       1.9943e-08       -0.6658 
897.2222       1201.8769       2.3267e-08       -0.8023 
897.2222       1201.8769       2.6591e-08       -0.9455 
897.2222       1201.8769       2.9915e-08       -1.0951 
897.2222       1201.8769       3.3238e-08       -1.2510 
897.2222       1201.8769       3.6562e-08       -1.4130 
897.2222       1201.8769       3.9886e-08       -1.5809 
897.2222       1201.8769       4.3210e-08       -1.7547 
897.2222       1201.8769       4.6534e-08       -1.9340 
897.2222       1201.8769       4.9858e-08       -2.1188 
897.2222       1201.8769       5.3182e-08       -2.3090 
897.2222       1201.8769       5.6505e-08       -2.5044 
897.2222       1201.8769       5.9829e-08       -2.7049 
1201.8769       1609.9782       0.0000e+00       -0.1393 
1201.8769       1609.9782       1.4487e-08       0.0000 
1201.8769       1609.9782       1.8878e-08       -0.0111 
1201.8769       1609.9782       2.3269e-08       -0.0439 
1201.8769       1609.9782       2.7660e-08       -0.0970 
1201.8769       1609.9782       3.2052e-08       -0.1690 
1201.8769       1609.9782       3.6443e-08       -0.2589 
1201.8769       1609.9782       4.0834e-08       -0.3658 
1201.8769       1609.9782       4.5225e-08       -0.4885 
1201.8769       1609.9782       4.9616e-08       -0.6265 
1201.8769       1609.9782       5.4007e-08       -0.7789 
1201.8769       1609.9782       5.8398e-08       -0.9450 
1201.8769       1609.9782       6.2789e-08       -1.1243 
1201.8769       1609.9782       6.7180e-08       -1.3162 
1201.8769       1609.9782       7.1571e-08       -1.5201 
1201.8769       1609.9782       7.5962e-08       -1.7356 
1201.8769       1609.9782       8.0353e-08       -1.9622 
1201.8769       1609.9782       8.4744e-08       -2.1995 
1201.8769       1609.9782       8.9135e-08       -2.4471 
1201.8769       1609.9782       9.3526e-08       -2.7047 
1609.9782       2156.6516       0.0000e+00       -0.0387 
1609.9782       2156.6516       5.9441e-09       0.0000 
1609.9782       2156.6516       9.5732e-09       -0.0126 
1609.9782       2156.6516       1.3202e-08       -0.0492 
1609.9782       2156.6516       1.6831e-08       -0.1077 
1609.9782       2156.6516       2.0461e-08       -0.1860 
1609.9782       2156.6516       2.4090e-08       -0.2826 
1609.9782       2156.6516       2.7719e-08       -0.3961 
1609.9782       2156.6516       3.1348e-08       -0.5252 
1609.9782       2156.6516       3.4977e-08       -0.6688 
1609.9782       2156.6516       3.8606e-08       -0.8260 
1609.9782       2156.6516       4.2235e-08       -0.9959 
1609.9782       2156.6516       4.5864e-08       -1.1778 
1609.9782       2156.6516       4.9494e-08       -1.3709 
1609.9782       2156.6516       5.3123e-08       -1.5747 
1609.9782       2156.6516       5.6752e-08       -1.7886 
1609.9782       2156.6516       6.0381e-08       -2.0120 
1609.9782       2156.6516       6.4010e-08       -2.2446 
1609.9782       2156.6516       6.7639e-08       -2.4858 
1609.9782       2156.6516       7.1268e-08       -2.7353 
2156.6516       2889.0164       0.0000e+00       -0.2091 
2156.6516       2889.0164       1.2757e-08       0.0000 
2156.6516       2889.0164       1.6583e-08       -0.0147 
2156.6516       2889.0164       2.0408e-08       -0.0551 
2156.6516       2889.0164       2.4234e-08       -0.1180 
2156.6516       2889.0164       2.8059e-08       -0.2007 
2156.6516       2889.0164       3.1885e-08       -0.3012 
2156.6516       2889.0164       3.5710e-08       -0.4177 
2156.6516       2889.0164       3.9536e-08       -0.5488 
2156.6516       2889.0164       4.3361e-08       -0.6934 
2156.6516       2889.0164       4.7187e-08       -0.8503 
2156.6516       2889.0164       5.1013e-08       -1.0188 
2156.6516       2889.0164       5.4838e-08       -1.1980 
2156.6516       2889.0164       5.8664e-08       -1.3873 
2156.6516       2889.0164       6.2489e-08       -1.5860 
2156.6516       2889.0164       6.6315e-08       -1.7936 
2156.6516       2889.0164       7.0140e-08       -2.0097 
2156.6516       2889.0164       7.3966e-08       -2.2337 
2156.6516       2889.0164       7.7791e-08       -2.4653 
2156.6516       2889.0164       8.1617e-08       -2.7042 
2889.0164       3869.9914       0.0000e+00       -0.0000 
2889.0164       3869.9914       3.5511e-16       0.0000 
2889.0164       3869.9914       1.8396e-09       -0.1426 
2889.0164       3869.9914       3.6792e-09       -0.2863 
2889.0164       3869.9914       5.5189e-09       -0.4310 
2889.0164       3869.9914       7.3585e-09       -0.5767 
2889.0164       3869.9914       9.1981e-09       -0.7233 
2889.0164       3869.9914       1.1038e-08       -0.8708 
2889.0164       3869.9914       1.2877e-08       -1.0193 
2889.0164       3869.9914       1.4717e-08       -1.1686 
2889.0164       3869.9914       1.6557e-08       -1.3188 
2889.0164       3869.9914       1.8396e-08       -1.4698 
2889.0164       3869.9914       2.0236e-08       -1.6216 
2889.0164       3869.9914       2.2075e-08       -1.7742 
2889.0164       3869.9914       2.3915e-08       -1.9276 
2889.0164       3869.9914       2.5755e-08       -2.0818 
2889.0164       3869.9914       2.7594e-08       -2.2367 
2889.0164       3869.9914       2.9434e-08       -2.3924 
2889.0164       3869.9914       3.1274e-08       -2.5487 
2889.0164       3869.9914       3.3113e-08       -2.7058 
3869.9914       5184.0598       0.0000e+00       -0.0000 
3869.9914       5184.0598       4.0329e-16       0.0000 
3869.9914       5184.0598       2.4597e-09       -0.1314 
3869.9914       5184.0598       4.9194e-09       -0.2657 
3869.9914       5184.0598       7.3790e-09       -0.4026 
3869.9914       5184.0598       9.8387e-09       -0.5422 
3869.9914       5184.0598       1.2298e-08       -0.6842 
3869.9914       5184.0598       1.4758e-08       -0.8285 
3869.9914       5184.0598       1.7218e-08       -0.9750 
3869.9914       5184.0598       1.9677e-08       -1.1236 
3869.9914       5184.0598       2.2137e-08       -1.2741 
3869.9914       5184.0598       2.4597e-08       -1.4266 
3869.9914       5184.0598       2.7056e-08       -1.5808 
3869.9914       5184.0598       2.9516e-08       -1.7368 
3869.9914       5184.0598       3.1976e-08       -1.8945 
3869.9914       5184.0598       3.4435e-08       -2.0538 
3869.9914       5184.0598       3.6895e-08       -2.2146 
3869.9914       5184.0598       3.9355e-08       -2.3769 
3869.9914       5184.0598       4.1814e-08       -2.5406 
3869.9914       5184.0598       4.4274e-08       -2.7057 
5184.0598       6944.3244       0.0000e+00       -0.2472 
5184.0598       6944.3244       1.3815e-08       0.0000 
5184.0598       6944.3244       1.8392e-08       -0.0175 
5184.0598       6944.3244       2.2969e-08       -0.0657 
5184.0598       6944.3244       2.7546e-08       -0.1389 
5184.0598       6944.3244       3.2123e-08       -0.2327 
5184.0598       6944.3244       3.6700e-08       -0.3442 
5184.0598       6944.3244       4.1277e-08       -0.4708 
5184.0598       6944.3244       4.5853e-08       -0.6106 
5184.0598       6944.3244       5.0430e-08       -0.7620 
5184.0598       6944.3244       5.5007e-08       -0.9237 
5184.0598       6944.3244       5.9584e-08       -1.0947 
5184.0598       6944.3244       6.4161e-08       -1.2741 
5184.0598       6944.3244       6.8738e-08       -1.4611 
5184.0598       6944.3244       7.3315e-08       -1.6550 
5184.0598       6944.3244       7.7892e-08       -1.8553 
5184.0598       6944.3244       8.2468e-08       -2.0615 
5184.0598       6944.3244       8.7045e-08       -2.2731 
5184.0598       6944.3244       9.1622e-08       -2.4897 
5184.0598       6944.3244       9.6199e-08       -2.7110 
6944.3244       9302.5069       0.0000e+00       -0.1916 
6944.3244       9302.5069       1.0449e-08       0.0000 
6944.3244       9302.5069       1.5155e-08       -0.0226 
6944.3244       9302.5069       1.9860e-08       -0.0814 
6944.3244       9302.5069       2.4566e-08       -0.1665 
6944.3244       9302.5069       2.9271e-08       -0.2720 
6944.3244       9302.5069       3.3977e-08       -0.3936 
6944.3244       9302.5069       3.8682e-08       -0.5285 
6944.3244       9302.5069       4.3388e-08       -0.6743 
6944.3244       9302.5069       4.8094e-08       -0.8296 
6944.3244       9302.5069       5.2799e-08       -0.9930 
6944.3244       9302.5069       5.7505e-08       -1.1634 
6944.3244       9302.5069       6.2210e-08       -1.3401 
6944.3244       9302.5069       6.6916e-08       -1.5224 
6944.3244       9302.5069       7.1621e-08       -1.7097 
6944.3244       9302.5069       7.6327e-08       -1.9015 
6944.3244       9302.5069       8.1033e-08       -2.0974 
6944.3244       9302.5069       8.5738e-08       -2.2970 
6944.3244       9302.5069       9.0444e-08       -2.5001 
6944.3244       9302.5069       9.5149e-08       -2.7064 
9302.5069       12461.2038       0.0000e+00       0.0000 
9302.5069       12461.2038       4.6517e-17       -0.0000 
9302.5069       12461.2038       3.4716e-09       -0.1495 
9302.5069       12461.2038       6.9431e-09       -0.2991 
9302.5069       12461.2038       1.0415e-08       -0.4488 
9302.5069       12461.2038       1.3886e-08       -0.5986 
9302.5069       12461.2038       1.7358e-08       -0.7486 
9302.5069       12461.2038       2.0829e-08       -0.8986 
9302.5069       12461.2038       2.4301e-08       -1.0487 
9302.5069       12461.2038       2.7773e-08       -1.1989 
9302.5069       12461.2038       3.1244e-08       -1.3492 
9302.5069       12461.2038       3.4716e-08       -1.4995 
9302.5069       12461.2038       3.8187e-08       -1.6500 
9302.5069       12461.2038       4.1659e-08       -1.8006 
9302.5069       12461.2038       4.5130e-08       -1.9513 
9302.5069       12461.2038       4.8602e-08       -2.1020 
9302.5069       12461.2038       5.2074e-08       -2.2528 
9302.5069       12461.2038       5.5545e-08       -2.4038 
9302.5069       12461.2038       5.9017e-08       -2.5548 
9302.5069       12461.2038       6.2488e-08       -2.7059 
12461.2038       16692.4468       0.0000e+00       0.0000 
12461.2038       16692.4468       2.7482e-11       -0.0001 
12461.2038       16692.4468       9.3568e-09       -0.0503 
12461.2038       16692.4468       1.8686e-08       -0.1242 
12461.2038       16692.4468       2.8015e-08       -0.2173 
12461.2038       16692.4468       3.7345e-08       -0.3257 
12461.2038       16692.4468       4.6674e-08       -0.4471 
12461.2038       16692.4468       5.6003e-08       -0.5797 
12461.2038       16692.4468       6.5333e-08       -0.7220 
12461.2038       16692.4468       7.4662e-08       -0.8728 
12461.2038       16692.4468       8.3991e-08       -1.0312 
12461.2038       16692.4468       9.3321e-08       -1.1964 
12461.2038       16692.4468       1.0265e-07       -1.3678 
12461.2038       16692.4468       1.1198e-07       -1.5448 
12461.2038       16692.4468       1.2131e-07       -1.7270 
12461.2038       16692.4468       1.3064e-07       -1.9140 
12461.2038       16692.4468       1.3997e-07       -2.1053 
12461.2038       16692.4468       1.4930e-07       -2.3009 
12461.2038       16692.4468       1.5863e-07       -2.5002 
12461.2038       16692.4468       1.6796e-07       -2.7032 
16692.4468       22360.9371       0.0000e+00       0.0000 
16692.4468       22360.9371       1.6395e-11       -0.0004 
16692.4468       22360.9371       5.4817e-09       -0.1506 
16692.4468       22360.9371       1.0947e-08       -0.3008 
16692.4468       22360.9371       1.6412e-08       -0.4510 
16692.4468       22360.9371       2.1878e-08       -0.6012 
16692.4468       22360.9371       2.7343e-08       -0.7514 
16692.4468       22360.9371       3.2808e-08       -0.9017 
16692.4468       22360.9371       3.8274e-08       -1.0519 
16692.4468       22360.9371       4.3739e-08       -1.2022 
16692.4468       22360.9371       4.9204e-08       -1.3525 
16692.4468       22360.9371       5.4669e-08       -1.5028 
16692.4468       22360.9371       6.0135e-08       -1.6532 
16692.4468       22360.9371       6.5600e-08       -1.8035 
16692.4468       22360.9371       7.1065e-08       -1.9539 
16692.4468       22360.9371       7.6531e-08       -2.1042 
16692.4468       22360.9371       8.1996e-08       -2.2546 
16692.4468       22360.9371       8.7461e-08       -2.4050 
16692.4468       22360.9371       9.2927e-08       -2.5555 
16692.4468       22360.9371       9.8392e-08       -2.7059 
22360.9371       29953.6672       0.0000e+00       0.0000 
22360.9371       29953.6672       9.9761e-12       -0.0002 
22360.9371       29953.6672       7.1153e-09       -0.1505 
22360.9371       29953.6672       1.4221e-08       -0.3008 
22360.9371       29953.6672       2.1326e-08       -0.4510 
22360.9371       29953.6672       2.8431e-08       -0.6013 
22360.9371       29953.6672       3.5537e-08       -0.7516 
22360.9371       29953.6672       4.2642e-08       -0.9019 
22360.9371       29953.6672       4.9747e-08       -1.0522 
22360.9371       29953.6672       5.6853e-08       -1.2025 
22360.9371       29953.6672       6.3958e-08       -1.3528 
22360.9371       29953.6672       7.1063e-08       -1.5031 
22360.9371       29953.6672       7.8169e-08       -1.6535 
22360.9371       29953.6672       8.5274e-08       -1.8038 
22360.9371       29953.6672       9.2379e-08       -1.9541 
22360.9371       29953.6672       9.9485e-08       -2.1045 
22360.9371       29953.6672       1.0659e-07       -2.2548 
22360.9371       29953.6672       1.1370e-07       -2.4052 
22360.9371       29953.6672       1.2080e-07       -2.5555 
22360.9371       29953.6672       1.2791e-07       -2.7059 
29953.6672       40124.5339       0.0000e+00       0.0000 
29953.6672       40124.5339       6.0270e-12       -0.0001 
29953.6672       40124.5339       9.0323e-09       -0.1504 
29953.6672       40124.5339       1.8059e-08       -0.3007 
29953.6672       40124.5339       2.7085e-08       -0.4511 
29953.6672       40124.5339       3.6111e-08       -0.6014 
29953.6672       40124.5339       4.5137e-08       -0.7517 
29953.6672       40124.5339       5.4164e-08       -0.9020 
29953.6672       40124.5339       6.3190e-08       -1.0524 
29953.6672       40124.5339       7.2216e-08       -1.2027 
29953.6672       40124.5339       8.1242e-08       -1.3530 
29953.6672       40124.5339       9.0269e-08       -1.5033 
29953.6672       40124.5339       9.9295e-08       -1.6536 
29953.6672       40124.5339       1.0832e-07       -1.8040 
29953.6672       40124.5339       1.1735e-07       -1.9543 
29953.6672       40124.5339       1.2637e-07       -2.1046 
29953.6672       40124.5339       1.3540e-07       -2.2549 
29953.6672       40124.5339       1.4443e-07       -2.4053 
29953.6672       40124.5339       1.5345e-07       -2.5556 
29953.6672       40124.5339       1.6248e-07       -2.7059 
40124.5339       53748.9519       0.0000e+00       0.0000 
40124.5339       53748.9519       3.6625e-12       -0.0000 
40124.5339       53748.9519       1.2379e-08       -0.1502 
40124.5339       53748.9519       2.4754e-08       -0.3003 
40124.5339       53748.9519       3.7129e-08       -0.4505 
40124.5339       53748.9519       4.9504e-08       -0.6007 
40124.5339       53748.9519       6.1880e-08       -0.7510 
40124.5339       53748.9519       7.4255e-08       -0.9012 
40124.5339       53748.9519       8.6630e-08       -1.0515 
40124.5339       53748.9519       9.9005e-08       -1.2018 
40124.5339       53748.9519       1.1138e-07       -1.3521 
40124.5339       53748.9519       1.2376e-07       -1.5024 
40124.5339       53748.9519       1.3613e-07       -1.6528 
40124.5339       53748.9519       1.4851e-07       -1.8032 
40124.5339       53748.9519       1.6088e-07       -1.9536 
40124.5339       53748.9519       1.7326e-07       -2.1040 
40124.5339       53748.9519       1.8563e-07       -2.2544 
40124.5339       53748.9519       1.9801e-07       -2.4049 
40124.5339       53748.9519       2.1038e-07       -2.5554 
40124.5339       53748.9519       2.2276e-07       -2.7059 
53748.9519       72001.2440       0.0000e+00       0.0000 
53748.9519       72001.2440       2.2149e-12       -0.0000 
53748.9519       72001.2440       1.6077e-08       -0.1503 
53748.9519       72001.2440       3.2151e-08       -0.3007 
53748.9519       72001.2440       4.8226e-08       -0.4510 
53748.9519       72001.2440       6.4301e-08       -0.6013 
53748.9519       72001.2440       8.0375e-08       -0.7516 
53748.9519       72001.2440       9.6450e-08       -0.9020 
53748.9519       72001.2440       1.1252e-07       -1.0523 
53748.9519       72001.2440       1.2860e-07       -1.2026 
53748.9519       72001.2440       1.4467e-07       -1.3529 
53748.9519       72001.2440       1.6075e-07       -1.5033 
53748.9519       72001.2440       1.7682e-07       -1.6536 
53748.9519       72001.2440       1.9290e-07       -1.8039 
53748.9519       72001.2440       2.0897e-07       -1.9543 
53748.9519       72001.2440       2.2505e-07       -2.1046 
53748.9519       72001.2440       2.4112e-07       -2.2549 
53748.9519       72001.2440       2.5720e-07       -2.4052 
53748.9519       72001.2440       2.7327e-07       -2.5556 
53748.9519       72001.2440       2.8935e-07       -2.7059 
72001.2440       96449.5043       0.0000e+00       0.0000 
72001.2440       96449.5043       1.3382e-12       -0.0000 
72001.2440       96449.5043       2.1518e-08       -0.1503 
72001.2440       96449.5043       4.3035e-08       -0.3007 
72001.2440       96449.5043       6.4552e-08       -0.4510 
72001.2440       96449.5043       8.6069e-08       -0.6013 
72001.2440       96449.5043       1.0759e-07       -0.7516 
72001.2440       96449.5043       1.2910e-07       -0.9020 
72001.2440       96449.5043       1.5062e-07       -1.0523 
72001.2440       96449.5043       1.7214e-07       -1.2026 
72001.2440       96449.5043       1.9365e-07       -1.3530 
72001.2440       96449.5043       2.1517e-07       -1.5033 
72001.2440       96449.5043       2.3669e-07       -1.6536 
72001.2440       96449.5043       2.5821e-07       -1.8039 
72001.2440       96449.5043       2.7972e-07       -1.9543 
72001.2440       96449.5043       3.0124e-07       -2.1046 
72001.2440       96449.5043       3.2276e-07       -2.2549 
72001.2440       96449.5043       3.4427e-07       -2.4052 
72001.2440       96449.5043       3.6579e-07       -2.5556 
72001.2440       96449.5043       3.8731e-07       -2.7059 
96449.5043       129199.2522       0.0000e+00       0.0000 
96449.5043       129199.2522       8.0836e-13       -0.0000 
96449.5043       129199.2522       4.5399e-08       -0.0872 
96449.5043       129199.2522       9.0798e-08       -0.1899 
96449.5043       129199.2522       1.3620e-07       -0.3050 
96449.5043       129199.2522       1.8160e-07       -0.4302 
96449.5043       129199.2522       2.2699e-07       -0.5637 
96449.5043       129199.2522       2.7239e-07       -0.7043 
96449.5043       129199.2522       3.1779e-07       -0.8508 
96449.5043       129199.2522       3.6319e-07       -1.0026 
96449.5043       129199.2522       4.0859e-07       -1.1589 
96449.5043       129199.2522       4.5399e-07       -1.3193 
96449.5043       129199.2522       4.9939e-07       -1.4831 
96449.5043       129199.2522       5.4478e-07       -1.6502 
96449.5043       129199.2522       5.9018e-07       -1.8202 
96449.5043       129199.2522       6.3558e-07       -1.9927 
96449.5043       129199.2522       6.8098e-07       -2.1676 
96449.5043       129199.2522       7.2638e-07       -2.3447 
96449.5043       129199.2522       7.7178e-07       -2.5238 
96449.5043       129199.2522       8.1718e-07       -2.7047 
129199.2522       173069.2852       0.0000e+00       0.0000 
129199.2522       173069.2852       4.8821e-13       -0.0000 
129199.2522       173069.2852       3.9253e-08       -0.1503 
129199.2522       173069.2852       7.8505e-08       -0.3006 
129199.2522       173069.2852       1.1776e-07       -0.4510 
129199.2522       173069.2852       1.5701e-07       -0.6013 
129199.2522       173069.2852       1.9626e-07       -0.7516 
129199.2522       173069.2852       2.3551e-07       -0.9020 
129199.2522       173069.2852       2.7477e-07       -1.0523 
129199.2522       173069.2852       3.1402e-07       -1.2026 
129199.2522       173069.2852       3.5327e-07       -1.3529 
129199.2522       173069.2852       3.9252e-07       -1.5033 
129199.2522       173069.2852       4.3177e-07       -1.6536 
129199.2522       173069.2852       4.7103e-07       -1.8039 
129199.2522       173069.2852       5.1028e-07       -1.9542 
129199.2522       173069.2852       5.4953e-07       -2.1046 
129199.2522       173069.2852       5.8878e-07       -2.2549 
129199.2522       173069.2852       6.2803e-07       -2.4052 
129199.2522       173069.2852       6.6729e-07       -2.5556 
129199.2522       173069.2852       7.0654e-07       -2.7059 
173069.2852       231840.8711       0.0000e+00       0.0000 
173069.2852       231840.8711       2.9488e-13       -0.0000 
173069.2852       231840.8711       5.2830e-08       -0.1503 
173069.2852       231840.8711       1.0566e-07       -0.3007 
173069.2852       231840.8711       1.5849e-07       -0.4510 
173069.2852       231840.8711       2.1132e-07       -0.6013 
173069.2852       231840.8711       2.6415e-07       -0.7516 
173069.2852       231840.8711       3.1698e-07       -0.9020 
173069.2852       231840.8711       3.6981e-07       -1.0523 
173069.2852       231840.8711       4.2264e-07       -1.2026 
173069.2852       231840.8711       4.7547e-07       -1.3529 
173069.2852       231840.8711       5.2830e-07       -1.5033 
173069.2852       231840.8711       5.8113e-07       -1.6536 
173069.2852       231840.8711       6.3396e-07       -1.8039 
173069.2852       231840.8711       6.8678e-07       -1.9543 
173069.2852       231840.8711       7.3961e-07       -2.1046 
173069.2852       231840.8711       7.9244e-07       -2.2549 
173069.2852       231840.8711       8.4527e-07       -2.4052 
173069.2852       231840.8711       8.9810e-07       -2.5556 
173069.2852       231840.8711       9.5093e-07       -2.7059 
231840.8711       310563.2050       0.0000e+00       -0.0000 
231840.8711       310563.2050       1.7808e-13       0.0000 
231840.8711       310563.2050       7.0727e-08       -0.1503 
231840.8711       310563.2050       1.4145e-07       -0.3007 
231840.8711       310563.2050       2.1218e-07       -0.4510 
231840.8711       310563.2050       2.8291e-07       -0.6013 
231840.8711       310563.2050       3.5363e-07       -0.7516 
231840.8711       310563.2050       4.2436e-07       -0.9020 
231840.8711       310563.2050       4.9509e-07       -1.0523 
231840.8711       310563.2050       5.6581e-07       -1.2026 
231840.8711       310563.2050       6.3654e-07       -1.3529 
231840.8711       310563.2050       7.0727e-07       -1.5033 
231840.8711       310563.2050       7.7799e-07       -1.6536 
231840.8711       310563.2050       8.4872e-07       -1.8039 
231840.8711       310563.2050       9.1945e-07       -1.9543 
231840.8711       310563.2050       9.9017e-07       -2.1046 
231840.8711       310563.2050       1.0609e-06       -2.2549 
231840.8711       310563.2050       1.1316e-06       -2.4052 
231840.8711       310563.2050       1.2024e-06       -2.5556 
231840.8711       310563.2050       1.2731e-06       -2.7059 
310563.2050       416015.9675       0.0000e+00       -0.0000 
310563.2050       416015.9675       1.0756e-13       0.0000 
310563.2050       416015.9675       9.5587e-08       -0.1503 
310563.2050       416015.9675       1.9117e-07       -0.3007 
310563.2050       416015.9675       2.8676e-07       -0.4510 
310563.2050       416015.9675       3.8235e-07       -0.6013 
310563.2050       416015.9675       4.7794e-07       -0.7516 
310563.2050       416015.9675       5.7352e-07       -0.9020 
310563.2050       416015.9675       6.6911e-07       -1.0523 
310563.2050       416015.9675       7.6470e-07       -1.2026 
310563.2050       416015.9675       8.6029e-07       -1.3529 
310563.2050       416015.9675       9.5587e-07       -1.5033 
310563.2050       416015.9675       1.0515e-06       -1.6536 
310563.2050       416015.9675       1.1470e-06       -1.8039 
310563.2050       416015.9675       1.2426e-06       -1.9543 
310563.2050       416015.9675       1.3382e-06       -2.1046 
310563.2050       416015.9675       1.4338e-06       -2.2549 
310563.2050       416015.9675       1.5294e-06       -2.4052 
310563.2050       416015.9675       1.6250e-06       -2.5556 
310563.2050       416015.9675       1.7206e-06       -2.7059 
416015.9675       557275.5639       0.0000e+00       0.0000 
416015.9675       557275.5639       6.4958e-14       -0.0000 
416015.9675       557275.5639       1.3038e-07       -0.1503 
416015.9675       557275.5639       2.6077e-07       -0.3007 
416015.9675       557275.5639       3.9115e-07       -0.4510 
416015.9675       557275.5639       5.2154e-07       -0.6013 
416015.9675       557275.5639       6.5192e-07       -0.7516 
416015.9675       557275.5639       7.8231e-07       -0.9020 
416015.9675       557275.5639       9.1269e-07       -1.0523 
416015.9675       557275.5639       1.0431e-06       -1.2026 
416015.9675       557275.5639       1.1735e-06       -1.3529 
416015.9675       557275.5639       1.3038e-06       -1.5033 
416015.9675       557275.5639       1.4342e-06       -1.6536 
416015.9675       557275.5639       1.5646e-06       -1.8039 
416015.9675       557275.5639       1.6950e-06       -1.9543 
416015.9675       557275.5639       1.8254e-06       -2.1046 
416015.9675       557275.5639       1.9558e-06       -2.2549 
416015.9675       557275.5639       2.0862e-06       -2.4052 
416015.9675       557275.5639       2.2165e-06       -2.5556 
416015.9675       557275.5639       2.3469e-06       -2.7059 
557275.5639       746517.5120       0.0000e+00       -0.0000 
557275.5639       746517.5120       3.9234e-14       0.0000 
557275.5639       746517.5120       1.7971e-07       -0.1503 
557275.5639       746517.5120       3.5941e-07       -0.3007 
557275.5639       746517.5120       5.3912e-07       -0.4510 
557275.5639       746517.5120       7.1883e-07       -0.6013 
557275.5639       746517.5120       8.9853e-07       -0.7516 
557275.5639       746517.5120       1.0782e-06       -0.9020 
557275.5639       746517.5120       1.2579e-06       -1.0523 
557275.5639       746517.5120       1.4377e-06       -1.2026 
557275.5639       746517.5120       1.6174e-06       -1.3529 
557275.5639       746517.5120       1.7971e-06       -1.5033 
557275.5639       746517.5120       1.9768e-06       -1.6536 
557275.5639       746517.5120       2.1565e-06       -1.8039 
557275.5639       746517.5120       2.3362e-06       -1.9543 
557275.5639       746517.5120       2.5159e-06       -2.1046 
557275.5639       746517.5120       2.6956e-06       -2.2549 
557275.5639       746517.5120       2.8753e-06       -2.4052 
557275.5639       746517.5120       3.0550e-06       -2.5556 
557275.5639       746517.5120       3.2347e-06       -2.7059 
746517.5120       1000000.0000       0.0000e+00       -0.0000 
746517.5120       1000000.0000       2.3693e-14       0.0000 
746517.5120       1000000.0000       2.5973e-07       -0.1503 
746517.5120       1000000.0000       5.1946e-07       -0.3007 
746517.5120       1000000.0000       7.7919e-07       -0.4510 
746517.5120       1000000.0000       1.0389e-06       -0.6013 
746517.5120       1000000.0000       1.2986e-06       -0.7516 
746517.5120       1000000.0000       1.5584e-06       -0.9020 
746517.5120       1000000.0000       1.8181e-06       -1.0523 
746517.5120       1000000.0000       2.0778e-06       -1.2026 
746517.5120       1000000.0000       2.3376e-06       -1.3530 
746517.5120       1000000.0000       2.5973e-06       -1.5033 
746517.5120       1000000.0000       2.8570e-06       -1.6536 
746517.5120       1000000.0000       3.1168e-06       -1.8039 
746517.5120       1000000.0000       3.3765e-06       -1.9543 
746517.5120       1000000.0000       3.6362e-06       -2.1046 
746517.5120       1000000.0000       3.8959e-06       -2.2549 
746517.5120       1000000.0000       4.1557e-06       -2.4052 
746517.5120       1000000.0000       4.4154e-06       -2.5556 
746517.5120       1000000.0000       4.6751e-06       -2.7059 
