#Hydrus_1  Log10(Jfactor)=18.190   sigmaJ=0.360 
#[0]emin(MeV) [1]emax(MeV) [2]eflux(MeV/cm^2/s) [3]deltaLogLike 
500.0000       669.7766       0.0000e+00       -0.2726 
500.0000       669.7766       3.8597e-08       0.0000 
500.0000       669.7766       4.5842e-08       -0.0092 
500.0000       669.7766       5.3088e-08       -0.0365 
500.0000       669.7766       6.0333e-08       -0.0817 
500.0000       669.7766       6.7579e-08       -0.1443 
500.0000       669.7766       7.4824e-08       -0.2241 
500.0000       669.7766       8.2070e-08       -0.3207 
500.0000       669.7766       8.9315e-08       -0.4340 
500.0000       669.7766       9.6561e-08       -0.5635 
500.0000       669.7766       1.0381e-07       -0.7090 
500.0000       669.7766       1.1105e-07       -0.8703 
500.0000       669.7766       1.1830e-07       -1.0471 
500.0000       669.7766       1.2554e-07       -1.2392 
500.0000       669.7766       1.3279e-07       -1.4463 
500.0000       669.7766       1.4003e-07       -1.6682 
500.0000       669.7766       1.4728e-07       -1.9047 
500.0000       669.7766       1.5453e-07       -2.1555 
500.0000       669.7766       1.6177e-07       -2.4206 
500.0000       669.7766       1.6902e-07       -2.6996 
669.7766       897.2222       0.0000e+00       -2.9678 
669.7766       897.2222       3.2484e-09       -2.7471 
669.7766       897.2222       1.4519e-08       -2.0579 
669.7766       897.2222       2.5790e-08       -1.4812 
669.7766       897.2222       3.7061e-08       -1.0089 
669.7766       897.2222       4.8332e-08       -0.6341 
669.7766       897.2222       5.9602e-08       -0.3510 
669.7766       897.2222       7.0873e-08       -0.1540 
669.7766       897.2222       8.2144e-08       -0.0384 
669.7766       897.2222       9.3415e-08       0.0000 
669.7766       897.2222       1.0377e-07       -0.0294 
669.7766       897.2222       1.1412e-07       -0.1180 
669.7766       897.2222       1.2448e-07       -0.2632 
669.7766       897.2222       1.3483e-07       -0.4629 
669.7766       897.2222       1.4518e-07       -0.7147 
669.7766       897.2222       1.5554e-07       -1.0169 
669.7766       897.2222       1.6589e-07       -1.3676 
669.7766       897.2222       1.7624e-07       -1.7651 
669.7766       897.2222       1.8660e-07       -2.2077 
669.7766       897.2222       1.9695e-07       -2.6941 
897.2222       1201.8769       0.0000e+00       -0.6333 
897.2222       1201.8769       4.2325e-09       -0.4944 
897.2222       1201.8769       8.4649e-09       -0.3742 
897.2222       1201.8769       1.2697e-08       -0.2718 
897.2222       1201.8769       1.6930e-08       -0.1867 
897.2222       1201.8769       2.1162e-08       -0.1182 
897.2222       1201.8769       2.5395e-08       -0.0658 
897.2222       1201.8769       2.9627e-08       -0.0289 
897.2222       1201.8769       3.3860e-08       -0.0071 
897.2222       1201.8769       3.8092e-08       0.0000 
897.2222       1201.8769       4.7140e-08       -0.0318 
897.2222       1201.8769       5.6189e-08       -0.1246 
897.2222       1201.8769       6.5237e-08       -0.2749 
897.2222       1201.8769       7.4286e-08       -0.4799 
897.2222       1201.8769       8.3334e-08       -0.7366 
897.2222       1201.8769       9.2382e-08       -1.0425 
897.2222       1201.8769       1.0143e-07       -1.3955 
897.2222       1201.8769       1.1048e-07       -1.7934 
897.2222       1201.8769       1.1953e-07       -2.2343 
897.2222       1201.8769       1.2858e-07       -2.7164 
1201.8769       1609.9782       0.0000e+00       -0.4936 
1201.8769       1609.9782       2.5416e-08       0.0000 
1201.8769       1609.9782       2.9484e-08       -0.0109 
1201.8769       1609.9782       3.3552e-08       -0.0424 
1201.8769       1609.9782       3.7620e-08       -0.0936 
1201.8769       1609.9782       4.1688e-08       -0.1634 
1201.8769       1609.9782       4.5756e-08       -0.2508 
1201.8769       1609.9782       4.9824e-08       -0.3552 
1201.8769       1609.9782       5.3892e-08       -0.4756 
1201.8769       1609.9782       5.7960e-08       -0.6115 
1201.8769       1609.9782       6.2028e-08       -0.7622 
1201.8769       1609.9782       6.6096e-08       -0.9271 
1201.8769       1609.9782       7.0164e-08       -1.1057 
1201.8769       1609.9782       7.4232e-08       -1.2975 
1201.8769       1609.9782       7.8300e-08       -1.5020 
1201.8769       1609.9782       8.2368e-08       -1.7188 
1201.8769       1609.9782       8.6436e-08       -1.9474 
1201.8769       1609.9782       9.0504e-08       -2.1875 
1201.8769       1609.9782       9.4571e-08       -2.4387 
1201.8769       1609.9782       9.8639e-08       -2.7006 
1609.9782       2156.6516       0.0000e+00       -0.0281 
1609.9782       2156.6516       5.3210e-09       0.0000 
1609.9782       2156.6516       8.8282e-09       -0.0136 
1609.9782       2156.6516       1.2335e-08       -0.0501 
1609.9782       2156.6516       1.5843e-08       -0.1076 
1609.9782       2156.6516       1.9350e-08       -0.1843 
1609.9782       2156.6516       2.2857e-08       -0.2790 
1609.9782       2156.6516       2.6364e-08       -0.3904 
1609.9782       2156.6516       2.9871e-08       -0.5174 
1609.9782       2156.6516       3.3379e-08       -0.6590 
1609.9782       2156.6516       3.6886e-08       -0.8144 
1609.9782       2156.6516       4.0393e-08       -0.9828 
1609.9782       2156.6516       4.3900e-08       -1.1635 
1609.9782       2156.6516       4.7407e-08       -1.3560 
1609.9782       2156.6516       5.0915e-08       -1.5596 
1609.9782       2156.6516       5.4422e-08       -1.7737 
1609.9782       2156.6516       5.7929e-08       -1.9981 
1609.9782       2156.6516       6.1436e-08       -2.2321 
1609.9782       2156.6516       6.4943e-08       -2.4754 
1609.9782       2156.6516       6.8451e-08       -2.7277 
2156.6516       2889.0164       0.0000e+00       -2.1700 
2156.6516       2889.0164       4.8224e-09       -1.6033 
2156.6516       2889.0164       9.6447e-09       -1.1571 
2156.6516       2889.0164       1.4467e-08       -0.8064 
2156.6516       2889.0164       1.9289e-08       -0.5339 
2156.6516       2889.0164       2.4112e-08       -0.3273 
2156.6516       2889.0164       2.8934e-08       -0.1772 
2156.6516       2889.0164       3.3757e-08       -0.0763 
2156.6516       2889.0164       3.8579e-08       -0.0188 
2156.6516       2889.0164       4.3401e-08       0.0000 
2156.6516       2889.0164       5.0698e-08       -0.0366 
2156.6516       2889.0164       5.7994e-08       -0.1420 
2156.6516       2889.0164       6.5291e-08       -0.3079 
2156.6516       2889.0164       7.2587e-08       -0.5272 
2156.6516       2889.0164       7.9884e-08       -0.7943 
2156.6516       2889.0164       8.7180e-08       -1.1047 
2156.6516       2889.0164       9.4476e-08       -1.4544 
2156.6516       2889.0164       1.0177e-07       -1.8399 
2156.6516       2889.0164       1.0907e-07       -2.2586 
2156.6516       2889.0164       1.1637e-07       -2.7077 
2889.0164       3869.9914       0.0000e+00       0.0000 
2889.0164       3869.9914       1.7043e-11       -0.0000 
2889.0164       3869.9914       2.9348e-09       -0.0254 
2889.0164       3869.9914       5.8525e-09       -0.0806 
2889.0164       3869.9914       8.7703e-09       -0.1593 
2889.0164       3869.9914       1.1688e-08       -0.2572 
2889.0164       3869.9914       1.4606e-08       -0.3710 
2889.0164       3869.9914       1.7524e-08       -0.4986 
2889.0164       3869.9914       2.0441e-08       -0.6383 
2889.0164       3869.9914       2.3359e-08       -0.7885 
2889.0164       3869.9914       2.6277e-08       -0.9483 
2889.0164       3869.9914       2.9195e-08       -1.1168 
2889.0164       3869.9914       3.2112e-08       -1.2931 
2889.0164       3869.9914       3.5030e-08       -1.4767 
2889.0164       3869.9914       3.7948e-08       -1.6670 
2889.0164       3869.9914       4.0866e-08       -1.8636 
2889.0164       3869.9914       4.3783e-08       -2.0660 
2889.0164       3869.9914       4.6701e-08       -2.2738 
2889.0164       3869.9914       4.9619e-08       -2.4868 
2889.0164       3869.9914       5.2537e-08       -2.7047 
3869.9914       5184.0598       0.0000e+00       -0.0482 
3869.9914       5184.0598       7.0142e-09       0.0000 
3869.9914       5184.0598       1.1139e-08       -0.0165 
3869.9914       5184.0598       1.5263e-08       -0.0598 
3869.9914       5184.0598       1.9388e-08       -0.1264 
3869.9914       5184.0598       2.3513e-08       -0.2133 
3869.9914       5184.0598       2.7637e-08       -0.3182 
3869.9914       5184.0598       3.1762e-08       -0.4392 
3869.9914       5184.0598       3.5886e-08       -0.5747 
3869.9914       5184.0598       4.0011e-08       -0.7234 
3869.9914       5184.0598       4.4136e-08       -0.8842 
3869.9914       5184.0598       4.8260e-08       -1.0561 
3869.9914       5184.0598       5.2385e-08       -1.2382 
3869.9914       5184.0598       5.6510e-08       -1.4298 
3869.9914       5184.0598       6.0634e-08       -1.6302 
3869.9914       5184.0598       6.4759e-08       -1.8389 
3869.9914       5184.0598       6.8883e-08       -2.0553 
3869.9914       5184.0598       7.3008e-08       -2.2789 
3869.9914       5184.0598       7.7133e-08       -2.5094 
3869.9914       5184.0598       8.1257e-08       -2.7463 
5184.0598       6944.3244       0.0000e+00       -0.7161 
5184.0598       6944.3244       1.9265e-09       -0.5159 
5184.0598       6944.3244       3.8530e-09       -0.3650 
5184.0598       6944.3244       5.7796e-09       -0.2503 
5184.0598       6944.3244       7.7061e-09       -0.1637 
5184.0598       6944.3244       9.6326e-09       -0.0994 
5184.0598       6944.3244       1.1559e-08       -0.0535 
5184.0598       6944.3244       1.3486e-08       -0.0231 
5184.0598       6944.3244       1.5412e-08       -0.0058 
5184.0598       6944.3244       1.7339e-08       0.0000 
5184.0598       6944.3244       2.4181e-08       -0.0528 
5184.0598       6944.3244       3.1023e-08       -0.1915 
5184.0598       6944.3244       3.7865e-08       -0.3922 
5184.0598       6944.3244       4.4707e-08       -0.6401 
5184.0598       6944.3244       5.1549e-08       -0.9253 
5184.0598       6944.3244       5.8392e-08       -1.2410 
5184.0598       6944.3244       6.5234e-08       -1.5820 
5184.0598       6944.3244       7.2076e-08       -1.9446 
5184.0598       6944.3244       7.8918e-08       -2.3258 
5184.0598       6944.3244       8.5760e-08       -2.7231 
6944.3244       9302.5069       0.0000e+00       0.0000 
6944.3244       9302.5069       1.6288e-13       -0.0000 
6944.3244       9302.5069       3.4935e-09       -0.1039 
6944.3244       9302.5069       6.9868e-09       -0.2172 
6944.3244       9302.5069       1.0480e-08       -0.3384 
6944.3244       9302.5069       1.3974e-08       -0.4667 
6944.3244       9302.5069       1.7467e-08       -0.6011 
6944.3244       9302.5069       2.0960e-08       -0.7410 
6944.3244       9302.5069       2.4454e-08       -0.8858 
6944.3244       9302.5069       2.7947e-08       -1.0350 
6944.3244       9302.5069       3.1440e-08       -1.1882 
6944.3244       9302.5069       3.4934e-08       -1.3452 
6944.3244       9302.5069       3.8427e-08       -1.5055 
6944.3244       9302.5069       4.1920e-08       -1.6690 
6944.3244       9302.5069       4.5414e-08       -1.8353 
6944.3244       9302.5069       4.8907e-08       -2.0044 
6944.3244       9302.5069       5.2400e-08       -2.1760 
6944.3244       9302.5069       5.5894e-08       -2.3500 
6944.3244       9302.5069       5.9387e-08       -2.5263 
6944.3244       9302.5069       6.2880e-08       -2.7046 
9302.5069       12461.2038       0.0000e+00       -0.5293 
9302.5069       12461.2038       1.9584e-09       -0.3797 
9302.5069       12461.2038       3.9167e-09       -0.2678 
9302.5069       12461.2038       5.8751e-09       -0.1833 
9302.5069       12461.2038       7.8334e-09       -0.1197 
9302.5069       12461.2038       9.7918e-09       -0.0727 
9302.5069       12461.2038       1.1750e-08       -0.0393 
9302.5069       12461.2038       1.3708e-08       -0.0171 
9302.5069       12461.2038       1.5667e-08       -0.0044 
9302.5069       12461.2038       1.7625e-08       0.0000 
9302.5069       12461.2038       2.6635e-08       -0.0598 
9302.5069       12461.2038       3.5646e-08       -0.2114 
9302.5069       12461.2038       4.4656e-08       -0.4237 
9302.5069       12461.2038       5.3666e-08       -0.6794 
9302.5069       12461.2038       6.2676e-08       -0.9678 
9302.5069       12461.2038       7.1686e-08       -1.2817 
9302.5069       12461.2038       8.0696e-08       -1.6163 
9302.5069       12461.2038       8.9706e-08       -1.9680 
9302.5069       12461.2038       9.8717e-08       -2.3339 
9302.5069       12461.2038       1.0773e-07       -2.7120 
12461.2038       16692.4468       0.0000e+00       -1.0326 
12461.2038       16692.4468       3.0271e-09       -0.6627 
12461.2038       16692.4468       6.0541e-09       -0.4351 
12461.2038       16692.4468       9.0812e-09       -0.2826 
12461.2038       16692.4468       1.2108e-08       -0.1769 
12461.2038       16692.4468       1.5135e-08       -0.1036 
12461.2038       16692.4468       1.8162e-08       -0.0538 
12461.2038       16692.4468       2.1189e-08       -0.0223 
12461.2038       16692.4468       2.4217e-08       -0.0052 
12461.2038       16692.4468       2.7244e-08       0.0000 
12461.2038       16692.4468       3.9363e-08       -0.0644 
12461.2038       16692.4468       5.1482e-08       -0.2204 
12461.2038       16692.4468       6.3601e-08       -0.4353 
12461.2038       16692.4468       7.5720e-08       -0.6918 
12461.2038       16692.4468       8.7839e-08       -0.9796 
12461.2038       16692.4468       9.9958e-08       -1.2918 
12461.2038       16692.4468       1.1208e-07       -1.6237 
12461.2038       16692.4468       1.2420e-07       -1.9721 
12461.2038       16692.4468       1.3631e-07       -2.3342 
12461.2038       16692.4468       1.4843e-07       -2.7082 
16692.4468       22360.9371       0.0000e+00       0.0000 
16692.4468       22360.9371       7.2673e-14       -0.0000 
16692.4468       22360.9371       4.5829e-09       -0.1497 
16692.4468       22360.9371       9.1657e-09       -0.2995 
16692.4468       22360.9371       1.3748e-08       -0.4494 
16692.4468       22360.9371       1.8331e-08       -0.5993 
16692.4468       22360.9371       2.2914e-08       -0.7493 
16692.4468       22360.9371       2.7497e-08       -0.8994 
16692.4468       22360.9371       3.2080e-08       -1.0496 
16692.4468       22360.9371       3.6662e-08       -1.1998 
16692.4468       22360.9371       4.1245e-08       -1.3501 
16692.4468       22360.9371       4.5828e-08       -1.5005 
16692.4468       22360.9371       5.0411e-08       -1.6510 
16692.4468       22360.9371       5.4994e-08       -1.8015 
16692.4468       22360.9371       5.9576e-08       -1.9520 
16692.4468       22360.9371       6.4159e-08       -2.1027 
16692.4468       22360.9371       6.8742e-08       -2.2534 
16692.4468       22360.9371       7.3325e-08       -2.4042 
16692.4468       22360.9371       7.7908e-08       -2.5550 
16692.4468       22360.9371       8.2490e-08       -2.7059 
22360.9371       29953.6672       0.0000e+00       -0.0000 
22360.9371       29953.6672       4.3744e-15       0.0000 
22360.9371       29953.6672       7.7771e-09       -0.1297 
22360.9371       29953.6672       1.5554e-08       -0.2633 
22360.9371       29953.6672       2.3331e-08       -0.4001 
22360.9371       29953.6672       3.1108e-08       -0.5401 
22360.9371       29953.6672       3.8886e-08       -0.6827 
22360.9371       29953.6672       4.6663e-08       -0.8278 
22360.9371       29953.6672       5.4440e-08       -0.9753 
22360.9371       29953.6672       6.2217e-08       -1.1247 
22360.9371       29953.6672       6.9994e-08       -1.2761 
22360.9371       29953.6672       7.7771e-08       -1.4293 
22360.9371       29953.6672       8.5548e-08       -1.5841 
22360.9371       29953.6672       9.3325e-08       -1.7404 
22360.9371       29953.6672       1.0110e-07       -1.8982 
22360.9371       29953.6672       1.0888e-07       -2.0572 
22360.9371       29953.6672       1.1666e-07       -2.2175 
22360.9371       29953.6672       1.2443e-07       -2.3790 
22360.9371       29953.6672       1.3221e-07       -2.5416 
22360.9371       29953.6672       1.3999e-07       -2.7052 
29953.6672       40124.5339       0.0000e+00       -0.1513 
29953.6672       40124.5339       2.8956e-08       0.0000 
29953.6672       40124.5339       4.3185e-08       -0.0226 
29953.6672       40124.5339       5.7414e-08       -0.0812 
29953.6672       40124.5339       7.1643e-08       -0.1662 
29953.6672       40124.5339       8.5872e-08       -0.2715 
29953.6672       40124.5339       1.0010e-07       -0.3931 
29953.6672       40124.5339       1.1433e-07       -0.5279 
29953.6672       40124.5339       1.2856e-07       -0.6737 
29953.6672       40124.5339       1.4279e-07       -0.8289 
29953.6672       40124.5339       1.5702e-07       -0.9923 
29953.6672       40124.5339       1.7125e-07       -1.1627 
29953.6672       40124.5339       1.8548e-07       -1.3393 
29953.6672       40124.5339       1.9971e-07       -1.5214 
29953.6672       40124.5339       2.1393e-07       -1.7085 
29953.6672       40124.5339       2.2816e-07       -1.9000 
29953.6672       40124.5339       2.4239e-07       -2.0956 
29953.6672       40124.5339       2.5662e-07       -2.2949 
29953.6672       40124.5339       2.7085e-07       -2.4975 
29953.6672       40124.5339       2.8508e-07       -2.7032 
40124.5339       53748.9519       0.0000e+00       -0.0000 
40124.5339       53748.9519       6.8983e-15       0.0000 
40124.5339       53748.9519       1.0526e-08       -0.1500 
40124.5339       53748.9519       2.1052e-08       -0.3000 
40124.5339       53748.9519       3.1578e-08       -0.4500 
40124.5339       53748.9519       4.2104e-08       -0.6001 
40124.5339       53748.9519       5.2631e-08       -0.7502 
40124.5339       53748.9519       6.3157e-08       -0.9004 
40124.5339       53748.9519       7.3683e-08       -1.0507 
40124.5339       53748.9519       8.4209e-08       -1.2009 
40124.5339       53748.9519       9.4735e-08       -1.3512 
40124.5339       53748.9519       1.0526e-07       -1.5016 
40124.5339       53748.9519       1.1579e-07       -1.6520 
40124.5339       53748.9519       1.2631e-07       -1.8024 
40124.5339       53748.9519       1.3684e-07       -1.9529 
40124.5339       53748.9519       1.4737e-07       -2.1034 
40124.5339       53748.9519       1.5789e-07       -2.2540 
40124.5339       53748.9519       1.6842e-07       -2.4046 
40124.5339       53748.9519       1.7894e-07       -2.5552 
40124.5339       53748.9519       1.8947e-07       -2.7059 
53748.9519       72001.2440       0.0000e+00       0.0000 
53748.9519       72001.2440       1.4154e-15       -0.0000 
53748.9519       72001.2440       1.3508e-08       -0.1503 
53748.9519       72001.2440       2.7015e-08       -0.3007 
53748.9519       72001.2440       4.0523e-08       -0.4510 
53748.9519       72001.2440       5.4031e-08       -0.6013 
53748.9519       72001.2440       6.7539e-08       -0.7516 
53748.9519       72001.2440       8.1046e-08       -0.9020 
53748.9519       72001.2440       9.4554e-08       -1.0523 
53748.9519       72001.2440       1.0806e-07       -1.2026 
53748.9519       72001.2440       1.2157e-07       -1.3529 
53748.9519       72001.2440       1.3508e-07       -1.5033 
53748.9519       72001.2440       1.4859e-07       -1.6536 
53748.9519       72001.2440       1.6209e-07       -1.8039 
53748.9519       72001.2440       1.7560e-07       -1.9543 
53748.9519       72001.2440       1.8911e-07       -2.1046 
53748.9519       72001.2440       2.0262e-07       -2.2549 
53748.9519       72001.2440       2.1612e-07       -2.4052 
53748.9519       72001.2440       2.2963e-07       -2.5556 
53748.9519       72001.2440       2.4314e-07       -2.7059 
72001.2440       96449.5043       0.0000e+00       0.0000 
72001.2440       96449.5043       1.1068e-15       -0.0000 
72001.2440       96449.5043       1.8167e-08       -0.1503 
72001.2440       96449.5043       3.6335e-08       -0.3007 
72001.2440       96449.5043       5.4502e-08       -0.4510 
72001.2440       96449.5043       7.2669e-08       -0.6013 
72001.2440       96449.5043       9.0836e-08       -0.7516 
72001.2440       96449.5043       1.0900e-07       -0.9020 
72001.2440       96449.5043       1.2717e-07       -1.0523 
72001.2440       96449.5043       1.4534e-07       -1.2026 
72001.2440       96449.5043       1.6351e-07       -1.3529 
72001.2440       96449.5043       1.8167e-07       -1.5033 
72001.2440       96449.5043       1.9984e-07       -1.6536 
72001.2440       96449.5043       2.1801e-07       -1.8039 
72001.2440       96449.5043       2.3617e-07       -1.9543 
72001.2440       96449.5043       2.5434e-07       -2.1046 
72001.2440       96449.5043       2.7251e-07       -2.2549 
72001.2440       96449.5043       2.9068e-07       -2.4052 
72001.2440       96449.5043       3.0884e-07       -2.5556 
72001.2440       96449.5043       3.2701e-07       -2.7059 
96449.5043       129199.2522       0.0000e+00       0.0000 
96449.5043       129199.2522       8.6555e-16       -0.0000 
96449.5043       129199.2522       2.4479e-08       -0.1503 
96449.5043       129199.2522       4.8958e-08       -0.3007 
96449.5043       129199.2522       7.3438e-08       -0.4510 
96449.5043       129199.2522       9.7917e-08       -0.6013 
96449.5043       129199.2522       1.2240e-07       -0.7516 
96449.5043       129199.2522       1.4688e-07       -0.9020 
96449.5043       129199.2522       1.7135e-07       -1.0523 
96449.5043       129199.2522       1.9583e-07       -1.2026 
96449.5043       129199.2522       2.2031e-07       -1.3529 
96449.5043       129199.2522       2.4479e-07       -1.5033 
96449.5043       129199.2522       2.6927e-07       -1.6536 
96449.5043       129199.2522       2.9375e-07       -1.8039 
96449.5043       129199.2522       3.1823e-07       -1.9543 
96449.5043       129199.2522       3.4271e-07       -2.1046 
96449.5043       129199.2522       3.6719e-07       -2.2549 
96449.5043       129199.2522       3.9167e-07       -2.4052 
96449.5043       129199.2522       4.1615e-07       -2.5556 
96449.5043       129199.2522       4.4063e-07       -2.7059 
129199.2522       173069.2852       0.0000e+00       0.0000 
129199.2522       173069.2852       6.7683e-16       -0.0000 
129199.2522       173069.2852       3.3266e-08       -0.1503 
129199.2522       173069.2852       6.6533e-08       -0.3006 
129199.2522       173069.2852       9.9799e-08       -0.4510 
129199.2522       173069.2852       1.3307e-07       -0.6013 
129199.2522       173069.2852       1.6633e-07       -0.7516 
129199.2522       173069.2852       1.9960e-07       -0.9019 
129199.2522       173069.2852       2.3286e-07       -1.0523 
129199.2522       173069.2852       2.6613e-07       -1.2026 
129199.2522       173069.2852       2.9940e-07       -1.3529 
129199.2522       173069.2852       3.3266e-07       -1.5032 
129199.2522       173069.2852       3.6593e-07       -1.6536 
129199.2522       173069.2852       3.9920e-07       -1.8039 
129199.2522       173069.2852       4.3246e-07       -1.9542 
129199.2522       173069.2852       4.6573e-07       -2.1046 
129199.2522       173069.2852       4.9899e-07       -2.2549 
129199.2522       173069.2852       5.3226e-07       -2.4052 
129199.2522       173069.2852       5.6553e-07       -2.5556 
129199.2522       173069.2852       5.9879e-07       -2.7059 
173069.2852       231840.8711       0.0000e+00       0.0000 
173069.2852       231840.8711       5.2936e-16       -0.0000 
173069.2852       231840.8711       4.4427e-08       -0.1503 
173069.2852       231840.8711       8.8853e-08       -0.3007 
173069.2852       231840.8711       1.3328e-07       -0.4510 
173069.2852       231840.8711       1.7771e-07       -0.6013 
173069.2852       231840.8711       2.2213e-07       -0.7516 
173069.2852       231840.8711       2.6656e-07       -0.9020 
173069.2852       231840.8711       3.1099e-07       -1.0523 
173069.2852       231840.8711       3.5541e-07       -1.2026 
173069.2852       231840.8711       3.9984e-07       -1.3529 
173069.2852       231840.8711       4.4427e-07       -1.5033 
173069.2852       231840.8711       4.8869e-07       -1.6536 
173069.2852       231840.8711       5.3312e-07       -1.8039 
173069.2852       231840.8711       5.7754e-07       -1.9543 
173069.2852       231840.8711       6.2197e-07       -2.1046 
173069.2852       231840.8711       6.6640e-07       -2.2549 
173069.2852       231840.8711       7.1082e-07       -2.4052 
173069.2852       231840.8711       7.5525e-07       -2.5556 
173069.2852       231840.8711       7.9968e-07       -2.7059 
231840.8711       310563.2050       0.0000e+00       0.0000 
231840.8711       310563.2050       4.0621e-10       -0.0010 
231840.8711       310563.2050       6.3371e-08       -0.1507 
231840.8711       310563.2050       1.2634e-07       -0.3005 
231840.8711       310563.2050       1.8930e-07       -0.4504 
231840.8711       310563.2050       2.5227e-07       -0.6003 
231840.8711       310563.2050       3.1523e-07       -0.7503 
231840.8711       310563.2050       3.7820e-07       -0.9003 
231840.8711       310563.2050       4.4116e-07       -1.0505 
231840.8711       310563.2050       5.0413e-07       -1.2007 
231840.8711       310563.2050       5.6709e-07       -1.3509 
231840.8711       310563.2050       6.3006e-07       -1.5012 
231840.8711       310563.2050       6.9302e-07       -1.6516 
231840.8711       310563.2050       7.5599e-07       -1.8021 
231840.8711       310563.2050       8.1895e-07       -1.9526 
231840.8711       310563.2050       8.8192e-07       -2.1031 
231840.8711       310563.2050       9.4488e-07       -2.2537 
231840.8711       310563.2050       1.0078e-06       -2.4044 
231840.8711       310563.2050       1.0708e-06       -2.5551 
231840.8711       310563.2050       1.1338e-06       -2.7059 
310563.2050       416015.9675       0.0000e+00       0.0000 
310563.2050       416015.9675       3.1765e-10       -0.0006 
310563.2050       416015.9675       8.1480e-08       -0.1509 
310563.2050       416015.9675       1.6264e-07       -0.3012 
310563.2050       416015.9675       2.4381e-07       -0.4514 
310563.2050       416015.9675       3.2497e-07       -0.6017 
310563.2050       416015.9675       4.0613e-07       -0.7520 
310563.2050       416015.9675       4.8729e-07       -0.9023 
310563.2050       416015.9675       5.6846e-07       -1.0526 
310563.2050       416015.9675       6.4962e-07       -1.2029 
310563.2050       416015.9675       7.3078e-07       -1.3532 
310563.2050       416015.9675       8.1195e-07       -1.5035 
310563.2050       416015.9675       8.9311e-07       -1.6538 
310563.2050       416015.9675       9.7427e-07       -1.8041 
310563.2050       416015.9675       1.0554e-06       -1.9544 
310563.2050       416015.9675       1.1366e-06       -2.1047 
310563.2050       416015.9675       1.2178e-06       -2.2550 
310563.2050       416015.9675       1.2989e-06       -2.4053 
310563.2050       416015.9675       1.3801e-06       -2.5556 
310563.2050       416015.9675       1.4612e-06       -2.7059 
416015.9675       557275.5639       0.0000e+00       0.0000 
416015.9675       557275.5639       2.4841e-10       -0.0003 
416015.9675       557275.5639       1.1466e-07       -0.1502 
416015.9675       557275.5639       2.2907e-07       -0.3002 
416015.9675       557275.5639       3.4349e-07       -0.4502 
416015.9675       557275.5639       4.5790e-07       -0.6003 
416015.9675       557275.5639       5.7231e-07       -0.7504 
416015.9675       557275.5639       6.8672e-07       -0.9005 
416015.9675       557275.5639       8.0114e-07       -1.0507 
416015.9675       557275.5639       9.1555e-07       -1.2010 
416015.9675       557275.5639       1.0300e-06       -1.3513 
416015.9675       557275.5639       1.1444e-06       -1.5016 
416015.9675       557275.5639       1.2588e-06       -1.6520 
416015.9675       557275.5639       1.3732e-06       -1.8024 
416015.9675       557275.5639       1.4876e-06       -1.9529 
416015.9675       557275.5639       1.6020e-06       -2.1034 
416015.9675       557275.5639       1.7164e-06       -2.2540 
416015.9675       557275.5639       1.8308e-06       -2.4046 
416015.9675       557275.5639       1.9453e-06       -2.5552 
416015.9675       557275.5639       2.0597e-06       -2.7059 
557275.5639       746517.5120       0.0000e+00       0.0000 
557275.5639       746517.5120       1.9428e-10       -0.0002 
557275.5639       746517.5120       1.5094e-07       -0.1505 
557275.5639       746517.5120       3.0168e-07       -0.3008 
557275.5639       746517.5120       4.5242e-07       -0.4511 
557275.5639       746517.5120       6.0316e-07       -0.6014 
557275.5639       746517.5120       7.5390e-07       -0.7518 
557275.5639       746517.5120       9.0464e-07       -0.9021 
557275.5639       746517.5120       1.0554e-06       -1.0524 
557275.5639       746517.5120       1.2061e-06       -1.2027 
557275.5639       746517.5120       1.3569e-06       -1.3530 
557275.5639       746517.5120       1.5076e-06       -1.5033 
557275.5639       746517.5120       1.6583e-06       -1.6537 
557275.5639       746517.5120       1.8091e-06       -1.8040 
557275.5639       746517.5120       1.9598e-06       -1.9543 
557275.5639       746517.5120       2.1106e-06       -2.1046 
557275.5639       746517.5120       2.2613e-06       -2.2549 
557275.5639       746517.5120       2.4120e-06       -2.4053 
557275.5639       746517.5120       2.5628e-06       -2.5556 
557275.5639       746517.5120       2.7135e-06       -2.7059 
746517.5120       1000000.0000       0.0000e+00       0.0000 
746517.5120       1000000.0000       1.5191e-10       -0.0001 
746517.5120       1000000.0000       2.1649e-07       -0.1504 
746517.5120       1000000.0000       4.3282e-07       -0.3007 
746517.5120       1000000.0000       6.4916e-07       -0.4511 
746517.5120       1000000.0000       8.6549e-07       -0.6014 
746517.5120       1000000.0000       1.0818e-06       -0.7517 
746517.5120       1000000.0000       1.2982e-06       -0.9020 
746517.5120       1000000.0000       1.5145e-06       -1.0524 
746517.5120       1000000.0000       1.7308e-06       -1.2027 
746517.5120       1000000.0000       1.9472e-06       -1.3530 
746517.5120       1000000.0000       2.1635e-06       -1.5033 
746517.5120       1000000.0000       2.3798e-06       -1.6536 
746517.5120       1000000.0000       2.5962e-06       -1.8040 
746517.5120       1000000.0000       2.8125e-06       -1.9543 
746517.5120       1000000.0000       3.0288e-06       -2.1046 
746517.5120       1000000.0000       3.2452e-06       -2.2549 
746517.5120       1000000.0000       3.4615e-06       -2.4053 
746517.5120       1000000.0000       3.6778e-06       -2.5556 
746517.5120       1000000.0000       3.8942e-06       -2.7059 
