#Centaurus_1  Log10(Jfactor)=18.140   sigmaJ=0.600 
#[0]emin(MeV) [1]emax(MeV) [2]eflux(MeV/cm^2/s) [3]deltaLogLike 
500.0000       669.7766       0.0000e+00       0.0000 
500.0000       669.7766       9.3719e-14       -0.0000 
500.0000       669.7766       5.5858e-09       -0.0605 
500.0000       669.7766       1.1171e-08       -0.1326 
500.0000       669.7766       1.6757e-08       -0.2162 
500.0000       669.7766       2.2343e-08       -0.3108 
500.0000       669.7766       2.7928e-08       -0.4165 
500.0000       669.7766       3.3514e-08       -0.5329 
500.0000       669.7766       3.9100e-08       -0.6598 
500.0000       669.7766       4.4685e-08       -0.7971 
500.0000       669.7766       5.0271e-08       -0.9446 
500.0000       669.7766       5.5857e-08       -1.1022 
500.0000       669.7766       6.1442e-08       -1.2695 
500.0000       669.7766       6.7028e-08       -1.4466 
500.0000       669.7766       7.2614e-08       -1.6331 
500.0000       669.7766       7.8199e-08       -1.8290 
500.0000       669.7766       8.3785e-08       -2.0342 
500.0000       669.7766       8.9371e-08       -2.2484 
500.0000       669.7766       9.4956e-08       -2.4716 
500.0000       669.7766       1.0054e-07       -2.7035 
669.7766       897.2222       0.0000e+00       0.0000 
669.7766       897.2222       1.1090e-12       -0.0000 
669.7766       897.2222       4.7705e-09       -0.0703 
669.7766       897.2222       9.5400e-09       -0.1509 
669.7766       897.2222       1.4309e-08       -0.2418 
669.7766       897.2222       1.9079e-08       -0.3427 
669.7766       897.2222       2.3848e-08       -0.4534 
669.7766       897.2222       2.8618e-08       -0.5737 
669.7766       897.2222       3.3387e-08       -0.7034 
669.7766       897.2222       3.8157e-08       -0.8423 
669.7766       897.2222       4.2926e-08       -0.9902 
669.7766       897.2222       4.7695e-08       -1.1471 
669.7766       897.2222       5.2465e-08       -1.3127 
669.7766       897.2222       5.7234e-08       -1.4869 
669.7766       897.2222       6.2004e-08       -1.6695 
669.7766       897.2222       6.6773e-08       -1.8604 
669.7766       897.2222       7.1543e-08       -2.0594 
669.7766       897.2222       7.6312e-08       -2.2664 
669.7766       897.2222       8.1081e-08       -2.4814 
669.7766       897.2222       8.5851e-08       -2.7040 
897.2222       1201.8769       0.0000e+00       0.0000 
897.2222       1201.8769       1.2022e-11       -0.0001 
897.2222       1201.8769       4.6656e-09       -0.0369 
897.2222       1201.8769       9.3191e-09       -0.0896 
897.2222       1201.8769       1.3973e-08       -0.1577 
897.2222       1201.8769       1.8626e-08       -0.2406 
897.2222       1201.8769       2.3280e-08       -0.3377 
897.2222       1201.8769       2.7933e-08       -0.4485 
897.2222       1201.8769       3.2587e-08       -0.5726 
897.2222       1201.8769       3.7240e-08       -0.7095 
897.2222       1201.8769       4.1894e-08       -0.8587 
897.2222       1201.8769       4.6547e-08       -1.0201 
897.2222       1201.8769       5.1201e-08       -1.1930 
897.2222       1201.8769       5.5854e-08       -1.3773 
897.2222       1201.8769       6.0508e-08       -1.5727 
897.2222       1201.8769       6.5161e-08       -1.7787 
897.2222       1201.8769       6.9815e-08       -1.9951 
897.2222       1201.8769       7.4468e-08       -2.2217 
897.2222       1201.8769       7.9122e-08       -2.4582 
897.2222       1201.8769       8.3776e-08       -2.7043 
1201.8769       1609.9782       0.0000e+00       0.0000 
1201.8769       1609.9782       2.3211e-14       -0.0000 
1201.8769       1609.9782       2.5888e-09       -0.1138 
1201.8769       1609.9782       5.1776e-09       -0.2326 
1201.8769       1609.9782       7.7664e-09       -0.3561 
1201.8769       1609.9782       1.0355e-08       -0.4843 
1201.8769       1609.9782       1.2944e-08       -0.6170 
1201.8769       1609.9782       1.5533e-08       -0.7541 
1201.8769       1609.9782       1.8121e-08       -0.8955 
1201.8769       1609.9782       2.0710e-08       -1.0410 
1201.8769       1609.9782       2.3299e-08       -1.1906 
1201.8769       1609.9782       2.5888e-08       -1.3442 
1201.8769       1609.9782       2.8477e-08       -1.5017 
1201.8769       1609.9782       3.1065e-08       -1.6629 
1201.8769       1609.9782       3.3654e-08       -1.8279 
1201.8769       1609.9782       3.6243e-08       -1.9965 
1201.8769       1609.9782       3.8832e-08       -2.1686 
1201.8769       1609.9782       4.1421e-08       -2.3443 
1201.8769       1609.9782       4.4009e-08       -2.5233 
1201.8769       1609.9782       4.6598e-08       -2.7057 
1609.9782       2156.6516       0.0000e+00       0.0000 
1609.9782       2156.6516       4.0390e-13       -0.0000 
1609.9782       2156.6516       2.0287e-09       -0.1238 
1609.9782       2156.6516       4.0571e-09       -0.2514 
1609.9782       2156.6516       6.0854e-09       -0.3826 
1609.9782       2156.6516       8.1138e-09       -0.5174 
1609.9782       2156.6516       1.0142e-08       -0.6554 
1609.9782       2156.6516       1.2170e-08       -0.7967 
1609.9782       2156.6516       1.4199e-08       -0.9411 
1609.9782       2156.6516       1.6227e-08       -1.0885 
1609.9782       2156.6516       1.8255e-08       -1.2387 
1609.9782       2156.6516       2.0284e-08       -1.3917 
1609.9782       2156.6516       2.2312e-08       -1.5474 
1609.9782       2156.6516       2.4340e-08       -1.7056 
1609.9782       2156.6516       2.6369e-08       -1.8664 
1609.9782       2156.6516       2.8397e-08       -2.0296 
1609.9782       2156.6516       3.0425e-08       -2.1951 
1609.9782       2156.6516       3.2454e-08       -2.3630 
1609.9782       2156.6516       3.4482e-08       -2.5331 
1609.9782       2156.6516       3.6510e-08       -2.7054 
2156.6516       2889.0164       0.0000e+00       0.0000 
2156.6516       2889.0164       3.2212e-12       -0.0000 
2156.6516       2889.0164       2.6524e-09       -0.1090 
2156.6516       2889.0164       5.3017e-09       -0.2240 
2156.6516       2889.0164       7.9509e-09       -0.3447 
2156.6516       2889.0164       1.0600e-08       -0.4708 
2156.6516       2889.0164       1.3249e-08       -0.6022 
2156.6516       2889.0164       1.5899e-08       -0.7387 
2156.6516       2889.0164       1.8548e-08       -0.8799 
2156.6516       2889.0164       2.1197e-08       -1.0257 
2156.6516       2889.0164       2.3846e-08       -1.1760 
2156.6516       2889.0164       2.6495e-08       -1.3306 
2156.6516       2889.0164       2.9145e-08       -1.4894 
2156.6516       2889.0164       3.1794e-08       -1.6521 
2156.6516       2889.0164       3.4443e-08       -1.8187 
2156.6516       2889.0164       3.7092e-08       -1.9890 
2156.6516       2889.0164       3.9742e-08       -2.1629 
2156.6516       2889.0164       4.2391e-08       -2.3404 
2156.6516       2889.0164       4.5040e-08       -2.5212 
2156.6516       2889.0164       4.7689e-08       -2.7054 
2889.0164       3869.9914       0.0000e+00       -1.6020 
2889.0164       3869.9914       4.1772e-09       -1.1822 
2889.0164       3869.9914       8.3543e-09       -0.8517 
2889.0164       3869.9914       1.2531e-08       -0.5922 
2889.0164       3869.9914       1.6709e-08       -0.3910 
2889.0164       3869.9914       2.0886e-08       -0.2389 
2889.0164       3869.9914       2.5063e-08       -0.1287 
2889.0164       3869.9914       2.9240e-08       -0.0550 
2889.0164       3869.9914       3.3417e-08       -0.0133 
2889.0164       3869.9914       3.7594e-08       0.0000 
2889.0164       3869.9914       4.5279e-08       -0.0403 
2889.0164       3869.9914       5.2964e-08       -0.1525 
2889.0164       3869.9914       6.0649e-08       -0.3258 
2889.0164       3869.9914       6.8334e-08       -0.5518 
2889.0164       3869.9914       7.6018e-08       -0.8238 
2889.0164       3869.9914       8.3703e-08       -1.1365 
2889.0164       3869.9914       9.1388e-08       -1.4855 
2889.0164       3869.9914       9.9073e-08       -1.8672 
2889.0164       3869.9914       1.0676e-07       -2.2785 
2889.0164       3869.9914       1.1444e-07       -2.7167 
3869.9914       5184.0598       0.0000e+00       0.0000 
3869.9914       5184.0598       4.1522e-12       -0.0000 
3869.9914       5184.0598       3.8376e-09       -0.0483 
3869.9914       5184.0598       7.6710e-09       -0.1191 
3869.9914       5184.0598       1.1504e-08       -0.2084 
3869.9914       5184.0598       1.5338e-08       -0.3131 
3869.9914       5184.0598       1.9171e-08       -0.4312 
3869.9914       5184.0598       2.3005e-08       -0.5609 
3869.9914       5184.0598       2.6838e-08       -0.7008 
3869.9914       5184.0598       3.0671e-08       -0.8500 
3869.9914       5184.0598       3.4505e-08       -1.0074 
3869.9914       5184.0598       3.8338e-08       -1.1725 
3869.9914       5184.0598       4.2172e-08       -1.3445 
3869.9914       5184.0598       4.6005e-08       -1.5230 
3869.9914       5184.0598       4.9838e-08       -1.7074 
3869.9914       5184.0598       5.3672e-08       -1.8973 
3869.9914       5184.0598       5.7505e-08       -2.0925 
3869.9914       5184.0598       6.1339e-08       -2.2926 
3869.9914       5184.0598       6.5172e-08       -2.4972 
3869.9914       5184.0598       6.9005e-08       -2.7063 
5184.0598       6944.3244       0.0000e+00       0.0000 
5184.0598       6944.3244       1.9136e-12       -0.0001 
5184.0598       6944.3244       3.0919e-09       -0.1235 
5184.0598       6944.3244       6.1818e-09       -0.2514 
5184.0598       6944.3244       9.2718e-09       -0.3833 
5184.0598       6944.3244       1.2362e-08       -0.5190 
5184.0598       6944.3244       1.5452e-08       -0.6581 
5184.0598       6944.3244       1.8542e-08       -0.8005 
5184.0598       6944.3244       2.1632e-08       -0.9460 
5184.0598       6944.3244       2.4722e-08       -1.0943 
5184.0598       6944.3244       2.7811e-08       -1.2453 
5184.0598       6944.3244       3.0901e-08       -1.3989 
5184.0598       6944.3244       3.3991e-08       -1.5549 
5184.0598       6944.3244       3.7081e-08       -1.7132 
5184.0598       6944.3244       4.0171e-08       -1.8737 
5184.0598       6944.3244       4.3261e-08       -2.0363 
5184.0598       6944.3244       4.6351e-08       -2.2009 
5184.0598       6944.3244       4.9441e-08       -2.3674 
5184.0598       6944.3244       5.2531e-08       -2.5357 
5184.0598       6944.3244       5.5621e-08       -2.7058 
6944.3244       9302.5069       0.0000e+00       -0.0113 
6944.3244       9302.5069       3.1875e-12       -0.0112 
6944.3244       9302.5069       6.2941e-09       0.0000 
6944.3244       9302.5069       1.2585e-08       -0.0239 
6944.3244       9302.5069       1.8876e-08       -0.0771 
6944.3244       9302.5069       2.5167e-08       -0.1551 
6944.3244       9302.5069       3.1458e-08       -0.2546 
6944.3244       9302.5069       3.7749e-08       -0.3729 
6944.3244       9302.5069       4.4040e-08       -0.5077 
6944.3244       9302.5069       5.0331e-08       -0.6573 
6944.3244       9302.5069       5.6622e-08       -0.8201 
6944.3244       9302.5069       6.2912e-08       -0.9949 
6944.3244       9302.5069       6.9203e-08       -1.1806 
6944.3244       9302.5069       7.5494e-08       -1.3762 
6944.3244       9302.5069       8.1785e-08       -1.5809 
6944.3244       9302.5069       8.8076e-08       -1.7941 
6944.3244       9302.5069       9.4367e-08       -2.0151 
6944.3244       9302.5069       1.0066e-07       -2.2433 
6944.3244       9302.5069       1.0695e-07       -2.4783 
6944.3244       9302.5069       1.1324e-07       -2.7195 
9302.5069       12461.2038       0.0000e+00       0.0000 
9302.5069       12461.2038       1.2087e-12       -0.0000 
9302.5069       12461.2038       3.5956e-09       -0.1451 
9302.5069       12461.2038       7.1900e-09       -0.2909 
9302.5069       12461.2038       1.0784e-08       -0.4375 
9302.5069       12461.2038       1.4379e-08       -0.5847 
9302.5069       12461.2038       1.7973e-08       -0.7325 
9302.5069       12461.2038       2.1567e-08       -0.8810 
9302.5069       12461.2038       2.5162e-08       -1.0302 
9302.5069       12461.2038       2.8756e-08       -1.1799 
9302.5069       12461.2038       3.2351e-08       -1.3302 
9302.5069       12461.2038       3.5945e-08       -1.4810 
9302.5069       12461.2038       3.9539e-08       -1.6324 
9302.5069       12461.2038       4.3134e-08       -1.7843 
9302.5069       12461.2038       4.6728e-08       -1.9367 
9302.5069       12461.2038       5.0322e-08       -2.0896 
9302.5069       12461.2038       5.3917e-08       -2.2430 
9302.5069       12461.2038       5.7511e-08       -2.3968 
9302.5069       12461.2038       6.1106e-08       -2.5511 
9302.5069       12461.2038       6.4700e-08       -2.7058 
12461.2038       16692.4468       0.0000e+00       0.0000 
12461.2038       16692.4468       1.2669e-12       -0.0000 
12461.2038       16692.4468       3.9960e-09       -0.1498 
12461.2038       16692.4468       7.9908e-09       -0.2995 
12461.2038       16692.4468       1.1986e-08       -0.4494 
12461.2038       16692.4468       1.5980e-08       -0.5993 
12461.2038       16692.4468       1.9975e-08       -0.7493 
12461.2038       16692.4468       2.3970e-08       -0.8994 
12461.2038       16692.4468       2.7965e-08       -1.0496 
12461.2038       16692.4468       3.1960e-08       -1.1998 
12461.2038       16692.4468       3.5954e-08       -1.3501 
12461.2038       16692.4468       3.9949e-08       -1.5005 
12461.2038       16692.4468       4.3944e-08       -1.6509 
12461.2038       16692.4468       4.7939e-08       -1.8014 
12461.2038       16692.4468       5.1933e-08       -1.9520 
12461.2038       16692.4468       5.5928e-08       -2.1026 
12461.2038       16692.4468       5.9923e-08       -2.2534 
12461.2038       16692.4468       6.3918e-08       -2.4041 
12461.2038       16692.4468       6.7913e-08       -2.5550 
12461.2038       16692.4468       7.1907e-08       -2.7059 
16692.4468       22360.9371       0.0000e+00       0.0000 
16692.4468       22360.9371       1.1048e-12       -0.0000 
16692.4468       22360.9371       4.7959e-09       -0.1503 
16692.4468       22360.9371       9.5907e-09       -0.3007 
16692.4468       22360.9371       1.4385e-08       -0.4510 
16692.4468       22360.9371       1.9180e-08       -0.6013 
16692.4468       22360.9371       2.3975e-08       -0.7516 
16692.4468       22360.9371       2.8770e-08       -0.9019 
16692.4468       22360.9371       3.3565e-08       -1.0523 
16692.4468       22360.9371       3.8359e-08       -1.2026 
16692.4468       22360.9371       4.3154e-08       -1.3529 
16692.4468       22360.9371       4.7949e-08       -1.5032 
16692.4468       22360.9371       5.2744e-08       -1.6536 
16692.4468       22360.9371       5.7539e-08       -1.8039 
16692.4468       22360.9371       6.2333e-08       -1.9542 
16692.4468       22360.9371       6.7128e-08       -2.1046 
16692.4468       22360.9371       7.1923e-08       -2.2549 
16692.4468       22360.9371       7.6718e-08       -2.4052 
16692.4468       22360.9371       8.1513e-08       -2.5556 
16692.4468       22360.9371       8.6307e-08       -2.7059 
22360.9371       29953.6672       0.0000e+00       0.0000 
22360.9371       29953.6672       8.3257e-13       -0.0000 
22360.9371       29953.6672       8.8227e-09       -0.1328 
22360.9371       29953.6672       1.7645e-08       -0.2687 
22360.9371       29953.6672       2.6467e-08       -0.4074 
22360.9371       29953.6672       3.5288e-08       -0.5486 
22360.9371       29953.6672       4.4110e-08       -0.6921 
22360.9371       29953.6672       5.2932e-08       -0.8378 
22360.9371       29953.6672       6.1754e-08       -0.9853 
22360.9371       29953.6672       7.0576e-08       -1.1347 
22360.9371       29953.6672       7.9398e-08       -1.2858 
22360.9371       29953.6672       8.8220e-08       -1.4384 
22360.9371       29953.6672       9.7042e-08       -1.5925 
22360.9371       29953.6672       1.0586e-07       -1.7480 
22360.9371       29953.6672       1.1469e-07       -1.9048 
22360.9371       29953.6672       1.2351e-07       -2.0627 
22360.9371       29953.6672       1.3233e-07       -2.2218 
22360.9371       29953.6672       1.4115e-07       -2.3820 
22360.9371       29953.6672       1.4997e-07       -2.5431 
22360.9371       29953.6672       1.5879e-07       -2.7053 
29953.6672       40124.5339       0.0000e+00       0.0000 
29953.6672       40124.5339       6.1040e-13       -0.0000 
29953.6672       40124.5339       9.5503e-09       -0.1485 
29953.6672       40124.5339       1.9100e-08       -0.2972 
29953.6672       40124.5339       2.8650e-08       -0.4461 
29953.6672       40124.5339       3.8199e-08       -0.5953 
29953.6672       40124.5339       4.7749e-08       -0.7447 
29953.6672       40124.5339       5.7299e-08       -0.8943 
29953.6672       40124.5339       6.6849e-08       -1.0442 
29953.6672       40124.5339       7.6398e-08       -1.1942 
29953.6672       40124.5339       8.5948e-08       -1.3445 
29953.6672       40124.5339       9.5498e-08       -1.4950 
29953.6672       40124.5339       1.0505e-07       -1.6457 
29953.6672       40124.5339       1.1460e-07       -1.7966 
29953.6672       40124.5339       1.2415e-07       -1.9477 
29953.6672       40124.5339       1.3370e-07       -2.0990 
29953.6672       40124.5339       1.4325e-07       -2.2504 
29953.6672       40124.5339       1.5280e-07       -2.4021 
29953.6672       40124.5339       1.6235e-07       -2.5539 
29953.6672       40124.5339       1.7190e-07       -2.7059 
40124.5339       53748.9519       0.0000e+00       0.0000 
40124.5339       53748.9519       4.4874e-13       -0.0000 
40124.5339       53748.9519       1.1168e-08       -0.1503 
40124.5339       53748.9519       2.2335e-08       -0.3007 
40124.5339       53748.9519       3.3502e-08       -0.4510 
40124.5339       53748.9519       4.4670e-08       -0.6013 
40124.5339       53748.9519       5.5837e-08       -0.7516 
40124.5339       53748.9519       6.7004e-08       -0.9020 
40124.5339       53748.9519       7.8171e-08       -1.0523 
40124.5339       53748.9519       8.9339e-08       -1.2026 
40124.5339       53748.9519       1.0051e-07       -1.3529 
40124.5339       53748.9519       1.1167e-07       -1.5033 
40124.5339       53748.9519       1.2284e-07       -1.6536 
40124.5339       53748.9519       1.3401e-07       -1.8039 
40124.5339       53748.9519       1.4518e-07       -1.9542 
40124.5339       53748.9519       1.5634e-07       -2.1046 
40124.5339       53748.9519       1.6751e-07       -2.2549 
40124.5339       53748.9519       1.7868e-07       -2.4052 
40124.5339       53748.9519       1.8984e-07       -2.5556 
40124.5339       53748.9519       2.0101e-07       -2.7059 
53748.9519       72001.2440       0.0000e+00       0.0000 
53748.9519       72001.2440       3.2898e-13       -0.0000 
53748.9519       72001.2440       1.4854e-08       -0.1503 
53748.9519       72001.2440       2.9707e-08       -0.3007 
53748.9519       72001.2440       4.4560e-08       -0.4510 
53748.9519       72001.2440       5.9414e-08       -0.6013 
53748.9519       72001.2440       7.4267e-08       -0.7516 
53748.9519       72001.2440       8.9121e-08       -0.9020 
53748.9519       72001.2440       1.0397e-07       -1.0523 
53748.9519       72001.2440       1.1883e-07       -1.2026 
53748.9519       72001.2440       1.3368e-07       -1.3530 
53748.9519       72001.2440       1.4853e-07       -1.5033 
53748.9519       72001.2440       1.6339e-07       -1.6536 
53748.9519       72001.2440       1.7824e-07       -1.8039 
53748.9519       72001.2440       1.9309e-07       -1.9543 
53748.9519       72001.2440       2.0795e-07       -2.1046 
53748.9519       72001.2440       2.2280e-07       -2.2549 
53748.9519       72001.2440       2.3765e-07       -2.4052 
53748.9519       72001.2440       2.5251e-07       -2.5556 
53748.9519       72001.2440       2.6736e-07       -2.7059 
72001.2440       96449.5043       0.0000e+00       0.0000 
72001.2440       96449.5043       2.3980e-13       -0.0000 
72001.2440       96449.5043       2.0098e-08       -0.1503 
72001.2440       96449.5043       4.0195e-08       -0.3007 
72001.2440       96449.5043       6.0293e-08       -0.4510 
72001.2440       96449.5043       8.0391e-08       -0.6013 
72001.2440       96449.5043       1.0049e-07       -0.7516 
72001.2440       96449.5043       1.2059e-07       -0.9020 
72001.2440       96449.5043       1.4068e-07       -1.0523 
72001.2440       96449.5043       1.6078e-07       -1.2026 
72001.2440       96449.5043       1.8088e-07       -1.3529 
72001.2440       96449.5043       2.0098e-07       -1.5033 
72001.2440       96449.5043       2.2107e-07       -1.6536 
72001.2440       96449.5043       2.4117e-07       -1.8039 
72001.2440       96449.5043       2.6127e-07       -1.9543 
72001.2440       96449.5043       2.8137e-07       -2.1046 
72001.2440       96449.5043       3.0146e-07       -2.2549 
72001.2440       96449.5043       3.2156e-07       -2.4052 
72001.2440       96449.5043       3.4166e-07       -2.5556 
72001.2440       96449.5043       3.6176e-07       -2.7059 
96449.5043       129199.2522       0.0000e+00       0.0000 
96449.5043       129199.2522       1.7527e-13       -0.0000 
96449.5043       129199.2522       2.7053e-08       -0.1503 
96449.5043       129199.2522       5.4106e-08       -0.3007 
96449.5043       129199.2522       8.1159e-08       -0.4510 
96449.5043       129199.2522       1.0821e-07       -0.6013 
96449.5043       129199.2522       1.3526e-07       -0.7516 
96449.5043       129199.2522       1.6232e-07       -0.9020 
96449.5043       129199.2522       1.8937e-07       -1.0523 
96449.5043       129199.2522       2.1642e-07       -1.2026 
96449.5043       129199.2522       2.4348e-07       -1.3529 
96449.5043       129199.2522       2.7053e-07       -1.5033 
96449.5043       129199.2522       2.9758e-07       -1.6536 
96449.5043       129199.2522       3.2463e-07       -1.8039 
96449.5043       129199.2522       3.5169e-07       -1.9543 
96449.5043       129199.2522       3.7874e-07       -2.1046 
96449.5043       129199.2522       4.0579e-07       -2.2549 
96449.5043       129199.2522       4.3284e-07       -2.4052 
96449.5043       129199.2522       4.5990e-07       -2.5556 
96449.5043       129199.2522       4.8695e-07       -2.7059 
129199.2522       173069.2852       0.0000e+00       0.0000 
129199.2522       173069.2852       1.2798e-13       -0.0000 
129199.2522       173069.2852       3.6461e-08       -0.1503 
129199.2522       173069.2852       7.2922e-08       -0.3007 
129199.2522       173069.2852       1.0938e-07       -0.4510 
129199.2522       173069.2852       1.4584e-07       -0.6013 
129199.2522       173069.2852       1.8230e-07       -0.7516 
129199.2522       173069.2852       2.1877e-07       -0.9020 
129199.2522       173069.2852       2.5523e-07       -1.0523 
129199.2522       173069.2852       2.9169e-07       -1.2026 
129199.2522       173069.2852       3.2815e-07       -1.3529 
129199.2522       173069.2852       3.6461e-07       -1.5033 
129199.2522       173069.2852       4.0107e-07       -1.6536 
129199.2522       173069.2852       4.3753e-07       -1.8039 
129199.2522       173069.2852       4.7399e-07       -1.9543 
129199.2522       173069.2852       5.1045e-07       -2.1046 
129199.2522       173069.2852       5.4691e-07       -2.2549 
129199.2522       173069.2852       5.8338e-07       -2.4052 
129199.2522       173069.2852       6.1984e-07       -2.5556 
129199.2522       173069.2852       6.5630e-07       -2.7059 
173069.2852       231840.8711       0.0000e+00       -0.0000 
173069.2852       231840.8711       9.3201e-14       0.0000 
173069.2852       231840.8711       4.9180e-08       -0.1503 
173069.2852       231840.8711       9.8360e-08       -0.3007 
173069.2852       231840.8711       1.4754e-07       -0.4510 
173069.2852       231840.8711       1.9672e-07       -0.6013 
173069.2852       231840.8711       2.4590e-07       -0.7516 
173069.2852       231840.8711       2.9508e-07       -0.9020 
173069.2852       231840.8711       3.4426e-07       -1.0523 
173069.2852       231840.8711       3.9344e-07       -1.2026 
173069.2852       231840.8711       4.4262e-07       -1.3529 
173069.2852       231840.8711       4.9180e-07       -1.5033 
173069.2852       231840.8711       5.4098e-07       -1.6536 
173069.2852       231840.8711       5.9016e-07       -1.8039 
173069.2852       231840.8711       6.3934e-07       -1.9543 
173069.2852       231840.8711       6.8852e-07       -2.1046 
173069.2852       231840.8711       7.3770e-07       -2.2549 
173069.2852       231840.8711       7.8688e-07       -2.4052 
173069.2852       231840.8711       8.3606e-07       -2.5556 
173069.2852       231840.8711       8.8524e-07       -2.7059 
231840.8711       310563.2050       0.0000e+00       -0.0000 
231840.8711       310563.2050       6.7860e-14       0.0000 
231840.8711       310563.2050       6.6028e-08       -0.1503 
231840.8711       310563.2050       1.3206e-07       -0.3007 
231840.8711       310563.2050       1.9808e-07       -0.4510 
231840.8711       310563.2050       2.6411e-07       -0.6013 
231840.8711       310563.2050       3.3014e-07       -0.7516 
231840.8711       310563.2050       3.9617e-07       -0.9020 
231840.8711       310563.2050       4.6220e-07       -1.0523 
231840.8711       310563.2050       5.2823e-07       -1.2026 
231840.8711       310563.2050       5.9425e-07       -1.3530 
231840.8711       310563.2050       6.6028e-07       -1.5033 
231840.8711       310563.2050       7.2631e-07       -1.6536 
231840.8711       310563.2050       7.9234e-07       -1.8039 
231840.8711       310563.2050       8.5837e-07       -1.9543 
231840.8711       310563.2050       9.2440e-07       -2.1046 
231840.8711       310563.2050       9.9042e-07       -2.2549 
231840.8711       310563.2050       1.0565e-06       -2.4053 
231840.8711       310563.2050       1.1225e-06       -2.5556 
231840.8711       310563.2050       1.1885e-06       -2.7059 
310563.2050       416015.9675       0.0000e+00       -0.0000 
310563.2050       416015.9675       4.9412e-14       0.0000 
310563.2050       416015.9675       8.9200e-08       -0.1503 
310563.2050       416015.9675       1.7840e-07       -0.3007 
310563.2050       416015.9675       2.6760e-07       -0.4510 
310563.2050       416015.9675       3.5680e-07       -0.6013 
310563.2050       416015.9675       4.4600e-07       -0.7516 
310563.2050       416015.9675       5.3520e-07       -0.9020 
310563.2050       416015.9675       6.2440e-07       -1.0523 
310563.2050       416015.9675       7.1360e-07       -1.2026 
310563.2050       416015.9675       8.0280e-07       -1.3529 
310563.2050       416015.9675       8.9200e-07       -1.5033 
310563.2050       416015.9675       9.8120e-07       -1.6536 
310563.2050       416015.9675       1.0704e-06       -1.8039 
310563.2050       416015.9675       1.1596e-06       -1.9543 
310563.2050       416015.9675       1.2488e-06       -2.1046 
310563.2050       416015.9675       1.3380e-06       -2.2549 
310563.2050       416015.9675       1.4272e-06       -2.4052 
310563.2050       416015.9675       1.5164e-06       -2.5556 
310563.2050       416015.9675       1.6056e-06       -2.7059 
416015.9675       557275.5639       0.0000e+00       -0.0000 
416015.9675       557275.5639       3.5978e-14       0.0000 
416015.9675       557275.5639       1.2136e-07       -0.1503 
416015.9675       557275.5639       2.4273e-07       -0.3007 
416015.9675       557275.5639       3.6409e-07       -0.4510 
416015.9675       557275.5639       4.8546e-07       -0.6013 
416015.9675       557275.5639       6.0682e-07       -0.7516 
416015.9675       557275.5639       7.2819e-07       -0.9020 
416015.9675       557275.5639       8.4955e-07       -1.0523 
416015.9675       557275.5639       9.7092e-07       -1.2026 
416015.9675       557275.5639       1.0923e-06       -1.3529 
416015.9675       557275.5639       1.2136e-06       -1.5033 
416015.9675       557275.5639       1.3350e-06       -1.6536 
416015.9675       557275.5639       1.4564e-06       -1.8039 
416015.9675       557275.5639       1.5777e-06       -1.9543 
416015.9675       557275.5639       1.6991e-06       -2.1046 
416015.9675       557275.5639       1.8205e-06       -2.2549 
416015.9675       557275.5639       1.9418e-06       -2.4052 
416015.9675       557275.5639       2.0632e-06       -2.5556 
416015.9675       557275.5639       2.1846e-06       -2.7059 
557275.5639       746517.5120       0.0000e+00       -0.0000 
557275.5639       746517.5120       2.6198e-14       0.0000 
557275.5639       746517.5120       1.6758e-07       -0.1503 
557275.5639       746517.5120       3.3517e-07       -0.3006 
557275.5639       746517.5120       5.0275e-07       -0.4510 
557275.5639       746517.5120       6.7034e-07       -0.6013 
557275.5639       746517.5120       8.3792e-07       -0.7516 
557275.5639       746517.5120       1.0055e-06       -0.9019 
557275.5639       746517.5120       1.1731e-06       -1.0523 
557275.5639       746517.5120       1.3407e-06       -1.2026 
557275.5639       746517.5120       1.5083e-06       -1.3529 
557275.5639       746517.5120       1.6758e-06       -1.5032 
557275.5639       746517.5120       1.8434e-06       -1.6536 
557275.5639       746517.5120       2.0110e-06       -1.8039 
557275.5639       746517.5120       2.1786e-06       -1.9542 
557275.5639       746517.5120       2.3462e-06       -2.1046 
557275.5639       746517.5120       2.5138e-06       -2.2549 
557275.5639       746517.5120       2.6813e-06       -2.4052 
557275.5639       746517.5120       2.8489e-06       -2.5556 
557275.5639       746517.5120       3.0165e-06       -2.7059 
746517.5120       1000000.0000       0.0000e+00       -0.0000 
746517.5120       1000000.0000       1.9074e-14       0.0000 
746517.5120       1000000.0000       2.4024e-07       -0.1503 
746517.5120       1000000.0000       4.8047e-07       -0.3007 
746517.5120       1000000.0000       7.2071e-07       -0.4510 
746517.5120       1000000.0000       9.6094e-07       -0.6013 
746517.5120       1000000.0000       1.2012e-06       -0.7516 
746517.5120       1000000.0000       1.4414e-06       -0.9020 
746517.5120       1000000.0000       1.6817e-06       -1.0523 
746517.5120       1000000.0000       1.9219e-06       -1.2026 
746517.5120       1000000.0000       2.1621e-06       -1.3529 
746517.5120       1000000.0000       2.4024e-06       -1.5033 
746517.5120       1000000.0000       2.6426e-06       -1.6536 
746517.5120       1000000.0000       2.8828e-06       -1.8039 
746517.5120       1000000.0000       3.1231e-06       -1.9543 
746517.5120       1000000.0000       3.3633e-06       -2.1046 
746517.5120       1000000.0000       3.6035e-06       -2.2549 
746517.5120       1000000.0000       3.8438e-06       -2.4052 
746517.5120       1000000.0000       4.0840e-06       -2.5556 
746517.5120       1000000.0000       4.3243e-06       -2.7059 
