#Aquarius_2  Log10(Jfactor)=18.270   sigmaJ=0.550 
#[0]emin(MeV) [1]emax(MeV) [2]eflux(MeV/cm^2/s) [3]deltaLogLike 
500.0000       669.7766       0.0000e+00       -0.0486 
500.0000       669.7766       1.8829e-08       0.0000 
500.0000       669.7766       2.7128e-08       -0.0094 
500.0000       669.7766       3.5427e-08       -0.0372 
500.0000       669.7766       4.3726e-08       -0.0829 
500.0000       669.7766       5.2025e-08       -0.1462 
500.0000       669.7766       6.0324e-08       -0.2267 
500.0000       669.7766       6.8623e-08       -0.3240 
500.0000       669.7766       7.6922e-08       -0.4380 
500.0000       669.7766       8.5221e-08       -0.5682 
500.0000       669.7766       9.3520e-08       -0.7143 
500.0000       669.7766       1.0182e-07       -0.8761 
500.0000       669.7766       1.1012e-07       -1.0533 
500.0000       669.7766       1.1842e-07       -1.2456 
500.0000       669.7766       1.2672e-07       -1.4528 
500.0000       669.7766       1.3502e-07       -1.6746 
500.0000       669.7766       1.4331e-07       -1.9108 
500.0000       669.7766       1.5161e-07       -2.1611 
500.0000       669.7766       1.5991e-07       -2.4254 
500.0000       669.7766       1.6821e-07       -2.7034 
669.7766       897.2222       0.0000e+00       -0.0000 
669.7766       897.2222       3.4189e-13       0.0000 
669.7766       897.2222       4.0143e-09       -0.1033 
669.7766       897.2222       8.0284e-09       -0.2125 
669.7766       897.2222       1.2042e-08       -0.3276 
669.7766       897.2222       1.6056e-08       -0.4485 
669.7766       897.2222       2.0070e-08       -0.5752 
669.7766       897.2222       2.4084e-08       -0.7075 
669.7766       897.2222       2.8098e-08       -0.8453 
669.7766       897.2222       3.2112e-08       -0.9886 
669.7766       897.2222       3.6126e-08       -1.1373 
669.7766       897.2222       4.0140e-08       -1.2913 
669.7766       897.2222       4.4154e-08       -1.4504 
669.7766       897.2222       4.8168e-08       -1.6148 
669.7766       897.2222       5.2182e-08       -1.7842 
669.7766       897.2222       5.6196e-08       -1.9586 
669.7766       897.2222       6.0210e-08       -2.1380 
669.7766       897.2222       6.4224e-08       -2.3222 
669.7766       897.2222       6.8238e-08       -2.5113 
669.7766       897.2222       7.2252e-08       -2.7051 
897.2222       1201.8769       0.0000e+00       0.0000 
897.2222       1201.8769       1.7279e-11       -0.0001 
897.2222       1201.8769       4.2281e-09       -0.0566 
897.2222       1201.8769       8.4389e-09       -0.1263 
897.2222       1201.8769       1.2650e-08       -0.2088 
897.2222       1201.8769       1.6861e-08       -0.3034 
897.2222       1201.8769       2.1071e-08       -0.4098 
897.2222       1201.8769       2.5282e-08       -0.5275 
897.2222       1201.8769       2.9493e-08       -0.6562 
897.2222       1201.8769       3.3704e-08       -0.7954 
897.2222       1201.8769       3.7915e-08       -0.9450 
897.2222       1201.8769       4.2125e-08       -1.1044 
897.2222       1201.8769       4.6336e-08       -1.2735 
897.2222       1201.8769       5.0547e-08       -1.4519 
897.2222       1201.8769       5.4758e-08       -1.6394 
897.2222       1201.8769       5.8969e-08       -1.8357 
897.2222       1201.8769       6.3179e-08       -2.0406 
897.2222       1201.8769       6.7390e-08       -2.2538 
897.2222       1201.8769       7.1601e-08       -2.4752 
897.2222       1201.8769       7.5812e-08       -2.7046 
1201.8769       1609.9782       0.0000e+00       -0.4399 
1201.8769       1609.9782       2.7119e-08       0.0000 
1201.8769       1609.9782       3.1907e-08       -0.0113 
1201.8769       1609.9782       3.6695e-08       -0.0441 
1201.8769       1609.9782       4.1483e-08       -0.0970 
1201.8769       1609.9782       4.6271e-08       -0.1689 
1201.8769       1609.9782       5.1059e-08       -0.2585 
1201.8769       1609.9782       5.5847e-08       -0.3649 
1201.8769       1609.9782       6.0635e-08       -0.4873 
1201.8769       1609.9782       6.5423e-08       -0.6248 
1201.8769       1609.9782       7.0211e-08       -0.7768 
1201.8769       1609.9782       7.4999e-08       -0.9426 
1201.8769       1609.9782       7.9787e-08       -1.1217 
1201.8769       1609.9782       8.4575e-08       -1.3134 
1201.8769       1609.9782       8.9363e-08       -1.5173 
1201.8769       1609.9782       9.4151e-08       -1.7330 
1201.8769       1609.9782       9.8939e-08       -1.9599 
1201.8769       1609.9782       1.0373e-07       -2.1978 
1201.8769       1609.9782       1.0852e-07       -2.4462 
1201.8769       1609.9782       1.1330e-07       -2.7048 
1609.9782       2156.6516       0.0000e+00       -0.0199 
1609.9782       2156.6516       1.3515e-11       -0.0198 
1609.9782       2156.6516       4.0078e-09       0.0000 
1609.9782       2156.6516       8.0021e-09       -0.0112 
1609.9782       2156.6516       1.1996e-08       -0.0499 
1609.9782       2156.6516       1.5991e-08       -0.1133 
1609.9782       2156.6516       1.9985e-08       -0.1989 
1609.9782       2156.6516       2.3979e-08       -0.3049 
1609.9782       2156.6516       2.7973e-08       -0.4294 
1609.9782       2156.6516       3.1968e-08       -0.5711 
1609.9782       2156.6516       3.5962e-08       -0.7288 
1609.9782       2156.6516       3.9956e-08       -0.9013 
1609.9782       2156.6516       4.3951e-08       -1.0878 
1609.9782       2156.6516       4.7945e-08       -1.2872 
1609.9782       2156.6516       5.1939e-08       -1.4990 
1609.9782       2156.6516       5.5933e-08       -1.7223 
1609.9782       2156.6516       5.9928e-08       -1.9566 
1609.9782       2156.6516       6.3922e-08       -2.2013 
1609.9782       2156.6516       6.7916e-08       -2.4560 
1609.9782       2156.6516       7.1910e-08       -2.7200 
2156.6516       2889.0164       0.0000e+00       0.0000 
2156.6516       2889.0164       2.5258e-12       -0.0001 
2156.6516       2889.0164       2.4076e-09       -0.1230 
2156.6516       2889.0164       4.8126e-09       -0.2497 
2156.6516       2889.0164       7.2177e-09       -0.3801 
2156.6516       2889.0164       9.6227e-09       -0.5140 
2156.6516       2889.0164       1.2028e-08       -0.6514 
2156.6516       2889.0164       1.4433e-08       -0.7921 
2156.6516       2889.0164       1.6838e-08       -0.9359 
2156.6516       2889.0164       1.9243e-08       -1.0829 
2156.6516       2889.0164       2.1648e-08       -1.2329 
2156.6516       2889.0164       2.4053e-08       -1.3859 
2156.6516       2889.0164       2.6458e-08       -1.5417 
2156.6516       2889.0164       2.8863e-08       -1.7002 
2156.6516       2889.0164       3.1268e-08       -1.8615 
2156.6516       2889.0164       3.3673e-08       -2.0253 
2156.6516       2889.0164       3.6078e-08       -2.1917 
2156.6516       2889.0164       3.8483e-08       -2.3606 
2156.6516       2889.0164       4.0888e-08       -2.5320 
2156.6516       2889.0164       4.3293e-08       -2.7057 
2889.0164       3869.9914       0.0000e+00       0.0000 
2889.0164       3869.9914       1.3398e-12       -0.0001 
2889.0164       3869.9914       1.9162e-09       -0.1423 
2889.0164       3869.9914       3.8310e-09       -0.2856 
2889.0164       3869.9914       5.7458e-09       -0.4300 
2889.0164       3869.9914       7.6607e-09       -0.5754 
2889.0164       3869.9914       9.5755e-09       -0.7218 
2889.0164       3869.9914       1.1490e-08       -0.8692 
2889.0164       3869.9914       1.3405e-08       -1.0175 
2889.0164       3869.9914       1.5320e-08       -1.1668 
2889.0164       3869.9914       1.7235e-08       -1.3170 
2889.0164       3869.9914       1.9150e-08       -1.4681 
2889.0164       3869.9914       2.1064e-08       -1.6200 
2889.0164       3869.9914       2.2979e-08       -1.7728 
2889.0164       3869.9914       2.4894e-08       -1.9263 
2889.0164       3869.9914       2.6809e-08       -2.0807 
2889.0164       3869.9914       2.8724e-08       -2.2358 
2889.0164       3869.9914       3.0639e-08       -2.3918 
2889.0164       3869.9914       3.2553e-08       -2.5484 
2889.0164       3869.9914       3.4468e-08       -2.7058 
3869.9914       5184.0598       0.0000e+00       0.0000 
3869.9914       5184.0598       1.8605e-12       -0.0001 
3869.9914       5184.0598       2.5286e-09       -0.1161 
3869.9914       5184.0598       5.0553e-09       -0.2382 
3869.9914       5184.0598       7.5820e-09       -0.3658 
3869.9914       5184.0598       1.0109e-08       -0.4983 
3869.9914       5184.0598       1.2635e-08       -0.6353 
3869.9914       5184.0598       1.5162e-08       -0.7765 
3869.9914       5184.0598       1.7689e-08       -0.9215 
3869.9914       5184.0598       2.0215e-08       -1.0701 
3869.9914       5184.0598       2.2742e-08       -1.2219 
3869.9914       5184.0598       2.5269e-08       -1.3768 
3869.9914       5184.0598       2.7796e-08       -1.5346 
3869.9914       5184.0598       3.0322e-08       -1.6950 
3869.9914       5184.0598       3.2849e-08       -1.8579 
3869.9914       5184.0598       3.5376e-08       -2.0231 
3869.9914       5184.0598       3.7902e-08       -2.1906 
3869.9914       5184.0598       4.0429e-08       -2.3602 
3869.9914       5184.0598       4.2956e-08       -2.5317 
3869.9914       5184.0598       4.5482e-08       -2.7051 
5184.0598       6944.3244       0.0000e+00       0.0000 
5184.0598       6944.3244       1.2096e-12       -0.0001 
5184.0598       6944.3244       2.4896e-09       -0.1284 
5184.0598       6944.3244       4.9780e-09       -0.2610 
5184.0598       6944.3244       7.4664e-09       -0.3972 
5184.0598       6944.3244       9.9548e-09       -0.5366 
5184.0598       6944.3244       1.2443e-08       -0.6790 
5184.0598       6944.3244       1.4932e-08       -0.8240 
5184.0598       6944.3244       1.7420e-08       -0.9714 
5184.0598       6944.3244       1.9908e-08       -1.1210 
5184.0598       6944.3244       2.2397e-08       -1.2726 
5184.0598       6944.3244       2.4885e-08       -1.4260 
5184.0598       6944.3244       2.7374e-08       -1.5811 
5184.0598       6944.3244       2.9862e-08       -1.7377 
5184.0598       6944.3244       3.2350e-08       -1.8958 
5184.0598       6944.3244       3.4839e-08       -2.0553 
5184.0598       6944.3244       3.7327e-08       -2.2160 
5184.0598       6944.3244       3.9816e-08       -2.3779 
5184.0598       6944.3244       4.2304e-08       -2.5409 
5184.0598       6944.3244       4.4792e-08       -2.7049 
6944.3244       9302.5069       0.0000e+00       -0.1507 
6944.3244       9302.5069       1.0184e-12       -0.1507 
6944.3244       9302.5069       5.8355e-09       -0.0273 
6944.3244       9302.5069       1.1670e-08       0.0000 
6944.3244       9302.5069       1.7505e-08       -0.0313 
6944.3244       9302.5069       2.3339e-08       -0.1026 
6944.3244       9302.5069       2.9173e-08       -0.2035 
6944.3244       9302.5069       3.5008e-08       -0.3273 
6944.3244       9302.5069       4.0842e-08       -0.4695 
6944.3244       9302.5069       4.6677e-08       -0.6271 
6944.3244       9302.5069       5.2511e-08       -0.7975 
6944.3244       9302.5069       5.8346e-08       -0.9791 
6944.3244       9302.5069       6.4180e-08       -1.1703 
6944.3244       9302.5069       7.0015e-08       -1.3702 
6944.3244       9302.5069       7.5849e-08       -1.5777 
6944.3244       9302.5069       8.1684e-08       -1.7922 
6944.3244       9302.5069       8.7518e-08       -2.0128 
6944.3244       9302.5069       9.3353e-08       -2.2392 
6944.3244       9302.5069       9.9187e-08       -2.4708 
6944.3244       9302.5069       1.0502e-07       -2.7072 
9302.5069       12461.2038       0.0000e+00       0.0000 
9302.5069       12461.2038       5.2727e-13       -0.0000 
9302.5069       12461.2038       3.4218e-09       -0.1494 
9302.5069       12461.2038       6.8430e-09       -0.2989 
9302.5069       12461.2038       1.0264e-08       -0.4485 
9302.5069       12461.2038       1.3685e-08       -0.5982 
9302.5069       12461.2038       1.7107e-08       -0.7480 
9302.5069       12461.2038       2.0528e-08       -0.8980 
9302.5069       12461.2038       2.3949e-08       -1.0480 
9302.5069       12461.2038       2.7370e-08       -1.1982 
9302.5069       12461.2038       3.0792e-08       -1.3485 
9302.5069       12461.2038       3.4213e-08       -1.4989 
9302.5069       12461.2038       3.7634e-08       -1.6494 
9302.5069       12461.2038       4.1055e-08       -1.8000 
9302.5069       12461.2038       4.4477e-08       -1.9508 
9302.5069       12461.2038       4.7898e-08       -2.1016 
9302.5069       12461.2038       5.1319e-08       -2.2525 
9302.5069       12461.2038       5.4740e-08       -2.4035 
9302.5069       12461.2038       5.8161e-08       -2.5547 
9302.5069       12461.2038       6.1583e-08       -2.7059 
12461.2038       16692.4468       0.0000e+00       -0.0000 
12461.2038       16692.4468       3.5223e-13       0.0000 
12461.2038       16692.4468       8.7223e-09       -0.0223 
12461.2038       16692.4468       1.7444e-08       -0.0790 
12461.2038       16692.4468       2.6166e-08       -0.1615 
12461.2038       16692.4468       3.4888e-08       -0.2642 
12461.2038       16692.4468       4.3610e-08       -0.3831 
12461.2038       16692.4468       5.2332e-08       -0.5155 
12461.2038       16692.4468       6.1054e-08       -0.6594 
12461.2038       16692.4468       6.9776e-08       -0.8131 
12461.2038       16692.4468       7.8498e-08       -0.9754 
12461.2038       16692.4468       8.7220e-08       -1.1453 
12461.2038       16692.4468       9.5942e-08       -1.3220 
12461.2038       16692.4468       1.0466e-07       -1.5047 
12461.2038       16692.4468       1.1339e-07       -1.6929 
12461.2038       16692.4468       1.2211e-07       -1.8861 
12461.2038       16692.4468       1.3083e-07       -2.0838 
12461.2038       16692.4468       1.3955e-07       -2.2858 
12461.2038       16692.4468       1.4827e-07       -2.4917 
12461.2038       16692.4468       1.5699e-07       -2.7011 
16692.4468       22360.9371       0.0000e+00       -0.9465 
16692.4468       22360.9371       2.6061e-14       -0.9465 
16692.4468       22360.9371       5.2123e-14       -0.9465 
16692.4468       22360.9371       7.8184e-14       -0.9464 
16692.4468       22360.9371       1.0425e-13       -0.9464 
16692.4468       22360.9371       1.3031e-13       -0.9464 
16692.4468       22360.9371       1.5637e-13       -0.9464 
16692.4468       22360.9371       1.8243e-13       -0.9464 
16692.4468       22360.9371       2.0849e-13       -0.9464 
16692.4468       22360.9371       2.3455e-13       -0.9464 
16692.4468       22360.9371       2.7259e-08       -0.1145 
16692.4468       22360.9371       5.4518e-08       0.0000 
16692.4468       22360.9371       8.1778e-08       -0.1076 
16692.4468       22360.9371       1.0904e-07       -0.3320 
16692.4468       22360.9371       1.3630e-07       -0.6309 
16692.4468       22360.9371       1.6356e-07       -0.9823 
16692.4468       22360.9371       1.9081e-07       -1.3733 
16692.4468       22360.9371       2.1807e-07       -1.7955 
16692.4468       22360.9371       2.4533e-07       -2.2431 
16692.4468       22360.9371       2.7259e-07       -2.7118 
22360.9371       29953.6672       0.0000e+00       -0.0000 
22360.9371       29953.6672       1.3226e-13       0.0000 
22360.9371       29953.6672       7.2564e-09       -0.1503 
22360.9371       29953.6672       1.4513e-08       -0.3006 
22360.9371       29953.6672       2.1769e-08       -0.4509 
22360.9371       29953.6672       2.9025e-08       -0.6012 
22360.9371       29953.6672       3.6281e-08       -0.7515 
22360.9371       29953.6672       4.3538e-08       -0.9018 
22360.9371       29953.6672       5.0794e-08       -1.0521 
22360.9371       29953.6672       5.8050e-08       -1.2024 
22360.9371       29953.6672       6.5306e-08       -1.3527 
22360.9371       29953.6672       7.2563e-08       -1.5031 
22360.9371       29953.6672       7.9819e-08       -1.6534 
22360.9371       29953.6672       8.7075e-08       -1.8037 
22360.9371       29953.6672       9.4331e-08       -1.9541 
22360.9371       29953.6672       1.0159e-07       -2.1044 
22360.9371       29953.6672       1.0884e-07       -2.2548 
22360.9371       29953.6672       1.1610e-07       -2.4052 
22360.9371       29953.6672       1.2336e-07       -2.5555 
22360.9371       29953.6672       1.3061e-07       -2.7059 
29953.6672       40124.5339       0.0000e+00       0.0000 
29953.6672       40124.5339       8.1694e-14       -0.0000 
29953.6672       40124.5339       9.3589e-09       -0.1503 
29953.6672       40124.5339       1.8718e-08       -0.3006 
29953.6672       40124.5339       2.8077e-08       -0.4510 
29953.6672       40124.5339       3.7435e-08       -0.6013 
29953.6672       40124.5339       4.6794e-08       -0.7516 
29953.6672       40124.5339       5.6153e-08       -0.9019 
29953.6672       40124.5339       6.5512e-08       -1.0522 
29953.6672       40124.5339       7.4871e-08       -1.2026 
29953.6672       40124.5339       8.4229e-08       -1.3529 
29953.6672       40124.5339       9.3588e-08       -1.5032 
29953.6672       40124.5339       1.0295e-07       -1.6536 
29953.6672       40124.5339       1.1231e-07       -1.8039 
29953.6672       40124.5339       1.2166e-07       -1.9542 
29953.6672       40124.5339       1.3102e-07       -2.1046 
29953.6672       40124.5339       1.4038e-07       -2.2549 
29953.6672       40124.5339       1.4974e-07       -2.4052 
29953.6672       40124.5339       1.5910e-07       -2.5556 
29953.6672       40124.5339       1.6846e-07       -2.7059 
40124.5339       53748.9519       0.0000e+00       -0.2142 
40124.5339       53748.9519       5.0724e-14       -0.2142 
40124.5339       53748.9519       2.6677e-08       -0.0494 
40124.5339       53748.9519       5.3355e-08       0.0000 
40124.5339       53748.9519       8.0032e-08       -0.0189 
40124.5339       53748.9519       1.0671e-07       -0.0836 
40124.5339       53748.9519       1.3339e-07       -0.1814 
40124.5339       53748.9519       1.6006e-07       -0.3044 
40124.5339       53748.9519       1.8674e-07       -0.4474 
40124.5339       53748.9519       2.1342e-07       -0.6066 
40124.5339       53748.9519       2.4010e-07       -0.7791 
40124.5339       53748.9519       2.6677e-07       -0.9631 
40124.5339       53748.9519       2.9345e-07       -1.1568 
40124.5339       53748.9519       3.2013e-07       -1.3589 
40124.5339       53748.9519       3.4681e-07       -1.5685 
40124.5339       53748.9519       3.7348e-07       -1.7846 
40124.5339       53748.9519       4.0016e-07       -2.0065 
40124.5339       53748.9519       4.2684e-07       -2.2336 
40124.5339       53748.9519       4.5352e-07       -2.4655 
40124.5339       53748.9519       4.8019e-07       -2.7017 
53748.9519       72001.2440       0.0000e+00       -0.0000 
53748.9519       72001.2440       3.1113e-14       0.0000 
53748.9519       72001.2440       1.6863e-08       -0.1502 
53748.9519       72001.2440       3.3727e-08       -0.3005 
53748.9519       72001.2440       5.0590e-08       -0.4507 
53748.9519       72001.2440       6.7454e-08       -0.6010 
53748.9519       72001.2440       8.4317e-08       -0.7513 
53748.9519       72001.2440       1.0118e-07       -0.9016 
53748.9519       72001.2440       1.1804e-07       -1.0519 
53748.9519       72001.2440       1.3491e-07       -1.2022 
53748.9519       72001.2440       1.5177e-07       -1.3525 
53748.9519       72001.2440       1.6863e-07       -1.5029 
53748.9519       72001.2440       1.8550e-07       -1.6532 
53748.9519       72001.2440       2.0236e-07       -1.8035 
53748.9519       72001.2440       2.1922e-07       -1.9539 
53748.9519       72001.2440       2.3609e-07       -2.1043 
53748.9519       72001.2440       2.5295e-07       -2.2547 
53748.9519       72001.2440       2.6981e-07       -2.4051 
53748.9519       72001.2440       2.8668e-07       -2.5555 
53748.9519       72001.2440       3.0354e-07       -2.7059 
72001.2440       96449.5043       0.0000e+00       -0.0000 
72001.2440       96449.5043       1.9161e-14       0.0000 
72001.2440       96449.5043       2.2255e-08       -0.1503 
72001.2440       96449.5043       4.4510e-08       -0.3007 
72001.2440       96449.5043       6.6765e-08       -0.4510 
72001.2440       96449.5043       8.9020e-08       -0.6013 
72001.2440       96449.5043       1.1127e-07       -0.7516 
72001.2440       96449.5043       1.3353e-07       -0.9020 
72001.2440       96449.5043       1.5578e-07       -1.0523 
72001.2440       96449.5043       1.7804e-07       -1.2026 
72001.2440       96449.5043       2.0029e-07       -1.3529 
72001.2440       96449.5043       2.2255e-07       -1.5033 
72001.2440       96449.5043       2.4480e-07       -1.6536 
72001.2440       96449.5043       2.6706e-07       -1.8039 
72001.2440       96449.5043       2.8931e-07       -1.9543 
72001.2440       96449.5043       3.1157e-07       -2.1046 
72001.2440       96449.5043       3.3382e-07       -2.2549 
72001.2440       96449.5043       3.5608e-07       -2.4052 
72001.2440       96449.5043       3.7833e-07       -2.5556 
72001.2440       96449.5043       4.0059e-07       -2.7059 
96449.5043       129199.2522       0.0000e+00       -0.0000 
96449.5043       129199.2522       1.1800e-14       0.0000 
96449.5043       129199.2522       2.9939e-08       -0.1503 
96449.5043       129199.2522       5.9879e-08       -0.3007 
96449.5043       129199.2522       8.9818e-08       -0.4510 
96449.5043       129199.2522       1.1976e-07       -0.6013 
96449.5043       129199.2522       1.4970e-07       -0.7516 
96449.5043       129199.2522       1.7964e-07       -0.9020 
96449.5043       129199.2522       2.0958e-07       -1.0523 
96449.5043       129199.2522       2.3952e-07       -1.2026 
96449.5043       129199.2522       2.6945e-07       -1.3529 
96449.5043       129199.2522       2.9939e-07       -1.5033 
96449.5043       129199.2522       3.2933e-07       -1.6536 
96449.5043       129199.2522       3.5927e-07       -1.8039 
96449.5043       129199.2522       3.8921e-07       -1.9543 
96449.5043       129199.2522       4.1915e-07       -2.1046 
96449.5043       129199.2522       4.4909e-07       -2.2549 
96449.5043       129199.2522       4.7903e-07       -2.4052 
96449.5043       129199.2522       5.0897e-07       -2.5556 
96449.5043       129199.2522       5.3891e-07       -2.7059 
129199.2522       173069.2852       0.0000e+00       -0.0000 
129199.2522       173069.2852       7.2650e-15       0.0000 
129199.2522       173069.2852       4.0408e-08       -0.1503 
129199.2522       173069.2852       8.0816e-08       -0.3006 
129199.2522       173069.2852       1.2122e-07       -0.4510 
129199.2522       173069.2852       1.6163e-07       -0.6013 
129199.2522       173069.2852       2.0204e-07       -0.7516 
129199.2522       173069.2852       2.4245e-07       -0.9020 
129199.2522       173069.2852       2.8286e-07       -1.0523 
129199.2522       173069.2852       3.2326e-07       -1.2026 
129199.2522       173069.2852       3.6367e-07       -1.3529 
129199.2522       173069.2852       4.0408e-07       -1.5033 
129199.2522       173069.2852       4.4449e-07       -1.6536 
129199.2522       173069.2852       4.8490e-07       -1.8039 
129199.2522       173069.2852       5.2530e-07       -1.9543 
129199.2522       173069.2852       5.6571e-07       -2.1046 
129199.2522       173069.2852       6.0612e-07       -2.2549 
129199.2522       173069.2852       6.4653e-07       -2.4053 
129199.2522       173069.2852       6.8694e-07       -2.5556 
129199.2522       173069.2852       7.2734e-07       -2.7059 
173069.2852       231840.8711       0.0000e+00       -0.0000 
173069.2852       231840.8711       4.4727e-15       0.0000 
173069.2852       231840.8711       7.2995e-08       -0.1369 
173069.2852       231840.8711       1.4599e-07       -0.2758 
173069.2852       231840.8711       2.1898e-07       -0.4168 
173069.2852       231840.8711       2.9198e-07       -0.5597 
173069.2852       231840.8711       3.6497e-07       -0.7043 
173069.2852       231840.8711       4.3797e-07       -0.8506 
173069.2852       231840.8711       5.1096e-07       -0.9984 
173069.2852       231840.8711       5.8396e-07       -1.1476 
173069.2852       231840.8711       6.5695e-07       -1.2983 
173069.2852       231840.8711       7.2995e-07       -1.4502 
173069.2852       231840.8711       8.0294e-07       -1.6034 
173069.2852       231840.8711       8.7594e-07       -1.7577 
173069.2852       231840.8711       9.4893e-07       -1.9132 
173069.2852       231840.8711       1.0219e-06       -2.0697 
173069.2852       231840.8711       1.0949e-06       -2.2273 
173069.2852       231840.8711       1.1679e-06       -2.3858 
173069.2852       231840.8711       1.2409e-06       -2.5452 
173069.2852       231840.8711       1.3139e-06       -2.7055 
231840.8711       310563.2050       0.0000e+00       -0.0000 
231840.8711       310563.2050       2.7531e-15       0.0000 
231840.8711       310563.2050       7.3170e-08       -0.1503 
231840.8711       310563.2050       1.4634e-07       -0.3007 
231840.8711       310563.2050       2.1951e-07       -0.4510 
231840.8711       310563.2050       2.9268e-07       -0.6013 
231840.8711       310563.2050       3.6585e-07       -0.7516 
231840.8711       310563.2050       4.3902e-07       -0.9020 
231840.8711       310563.2050       5.1219e-07       -1.0523 
231840.8711       310563.2050       5.8536e-07       -1.2026 
231840.8711       310563.2050       6.5853e-07       -1.3529 
231840.8711       310563.2050       7.3170e-07       -1.5033 
231840.8711       310563.2050       8.0487e-07       -1.6536 
231840.8711       310563.2050       8.7804e-07       -1.8039 
231840.8711       310563.2050       9.5121e-07       -1.9543 
231840.8711       310563.2050       1.0244e-06       -2.1046 
231840.8711       310563.2050       1.0975e-06       -2.2549 
231840.8711       310563.2050       1.1707e-06       -2.4052 
231840.8711       310563.2050       1.2439e-06       -2.5556 
231840.8711       310563.2050       1.3171e-06       -2.7059 
310563.2050       416015.9675       0.0000e+00       -0.0000 
310563.2050       416015.9675       1.6948e-15       0.0000 
310563.2050       416015.9675       9.8829e-08       -0.1503 
310563.2050       416015.9675       1.9766e-07       -0.3007 
310563.2050       416015.9675       2.9649e-07       -0.4510 
310563.2050       416015.9675       3.9531e-07       -0.6013 
310563.2050       416015.9675       4.9414e-07       -0.7516 
310563.2050       416015.9675       5.9297e-07       -0.9020 
310563.2050       416015.9675       6.9180e-07       -1.0523 
310563.2050       416015.9675       7.9063e-07       -1.2026 
310563.2050       416015.9675       8.8946e-07       -1.3529 
310563.2050       416015.9675       9.8829e-07       -1.5033 
310563.2050       416015.9675       1.0871e-06       -1.6536 
310563.2050       416015.9675       1.1859e-06       -1.8039 
310563.2050       416015.9675       1.2848e-06       -1.9543 
310563.2050       416015.9675       1.3836e-06       -2.1046 
310563.2050       416015.9675       1.4824e-06       -2.2549 
310563.2050       416015.9675       1.5813e-06       -2.4052 
310563.2050       416015.9675       1.6801e-06       -2.5556 
310563.2050       416015.9675       1.7789e-06       -2.7059 
416015.9675       557275.5639       0.0000e+00       -0.0000 
416015.9675       557275.5639       1.0433e-15       0.0000 
416015.9675       557275.5639       1.3468e-07       -0.1503 
416015.9675       557275.5639       2.6935e-07       -0.3007 
416015.9675       557275.5639       4.0403e-07       -0.4510 
416015.9675       557275.5639       5.3871e-07       -0.6013 
416015.9675       557275.5639       6.7338e-07       -0.7516 
416015.9675       557275.5639       8.0806e-07       -0.9020 
416015.9675       557275.5639       9.4274e-07       -1.0523 
416015.9675       557275.5639       1.0774e-06       -1.2026 
416015.9675       557275.5639       1.2121e-06       -1.3529 
416015.9675       557275.5639       1.3468e-06       -1.5033 
416015.9675       557275.5639       1.4814e-06       -1.6536 
416015.9675       557275.5639       1.6161e-06       -1.8039 
416015.9675       557275.5639       1.7508e-06       -1.9543 
416015.9675       557275.5639       1.8855e-06       -2.1046 
416015.9675       557275.5639       2.0202e-06       -2.2549 
416015.9675       557275.5639       2.1548e-06       -2.4052 
416015.9675       557275.5639       2.2895e-06       -2.5556 
416015.9675       557275.5639       2.4242e-06       -2.7059 
557275.5639       746517.5120       0.0000e+00       -0.0000 
557275.5639       746517.5120       6.4232e-16       0.0000 
557275.5639       746517.5120       1.8561e-07       -0.1503 
557275.5639       746517.5120       3.7122e-07       -0.3007 
557275.5639       746517.5120       5.5683e-07       -0.4510 
557275.5639       746517.5120       7.4244e-07       -0.6013 
557275.5639       746517.5120       9.2805e-07       -0.7516 
557275.5639       746517.5120       1.1137e-06       -0.9020 
557275.5639       746517.5120       1.2993e-06       -1.0523 
557275.5639       746517.5120       1.4849e-06       -1.2026 
557275.5639       746517.5120       1.6705e-06       -1.3529 
557275.5639       746517.5120       1.8561e-06       -1.5033 
557275.5639       746517.5120       2.0417e-06       -1.6536 
557275.5639       746517.5120       2.2273e-06       -1.8039 
557275.5639       746517.5120       2.4129e-06       -1.9543 
557275.5639       746517.5120       2.5985e-06       -2.1046 
557275.5639       746517.5120       2.7841e-06       -2.2549 
557275.5639       746517.5120       2.9698e-06       -2.4052 
557275.5639       746517.5120       3.1554e-06       -2.5556 
557275.5639       746517.5120       3.3410e-06       -2.7059 
746517.5120       1000000.0000       0.0000e+00       -0.0000 
746517.5120       1000000.0000       3.9537e-16       0.0000 
746517.5120       1000000.0000       2.6804e-07       -0.1503 
746517.5120       1000000.0000       5.3609e-07       -0.3007 
746517.5120       1000000.0000       8.0413e-07       -0.4510 
746517.5120       1000000.0000       1.0722e-06       -0.6013 
746517.5120       1000000.0000       1.3402e-06       -0.7516 
746517.5120       1000000.0000       1.6083e-06       -0.9020 
746517.5120       1000000.0000       1.8763e-06       -1.0523 
746517.5120       1000000.0000       2.1443e-06       -1.2026 
746517.5120       1000000.0000       2.4124e-06       -1.3529 
746517.5120       1000000.0000       2.6804e-06       -1.5033 
746517.5120       1000000.0000       2.9485e-06       -1.6536 
746517.5120       1000000.0000       3.2165e-06       -1.8039 
746517.5120       1000000.0000       3.4846e-06       -1.9542 
746517.5120       1000000.0000       3.7526e-06       -2.1046 
746517.5120       1000000.0000       4.0206e-06       -2.2549 
746517.5120       1000000.0000       4.2887e-06       -2.4052 
746517.5120       1000000.0000       4.5567e-06       -2.5556 
746517.5120       1000000.0000       4.8248e-06       -2.7059 
