#Grus_2  Log10(Jfactor)=18.400   sigmaJ=0.600 
#[0]emin(MeV) [1]emax(MeV) [2]eflux(MeV/cm^2/s) [3]deltaLogLike 
500.0000       669.7766       0.0000e+00       -1.0751 
500.0000       669.7766       5.7615e-09       -0.8387 
500.0000       669.7766       1.1523e-08       -0.6342 
500.0000       669.7766       1.7284e-08       -0.4603 
500.0000       669.7766       2.3046e-08       -0.3158 
500.0000       669.7766       2.8807e-08       -0.1998 
500.0000       669.7766       3.4569e-08       -0.1111 
500.0000       669.7766       4.0330e-08       -0.0488 
500.0000       669.7766       4.6092e-08       -0.0120 
500.0000       669.7766       5.1853e-08       0.0000 
500.0000       669.7766       6.1169e-08       -0.0310 
500.0000       669.7766       7.0486e-08       -0.1216 
500.0000       669.7766       7.9802e-08       -0.2693 
500.0000       669.7766       8.9118e-08       -0.4716 
500.0000       669.7766       9.8435e-08       -0.7260 
500.0000       669.7766       1.0775e-07       -1.0308 
500.0000       669.7766       1.1707e-07       -1.3839 
500.0000       669.7766       1.2638e-07       -1.7835 
500.0000       669.7766       1.3570e-07       -2.2280 
500.0000       669.7766       1.4502e-07       -2.7159 
669.7766       897.2222       0.0000e+00       -0.1440 
669.7766       897.2222       1.4342e-08       0.0000 
669.7766       897.2222       1.8368e-08       -0.0097 
669.7766       897.2222       2.2394e-08       -0.0395 
669.7766       897.2222       2.6419e-08       -0.0885 
669.7766       897.2222       3.0445e-08       -0.1559 
669.7766       897.2222       3.4471e-08       -0.2409 
669.7766       897.2222       3.8497e-08       -0.3429 
669.7766       897.2222       4.2523e-08       -0.4613 
669.7766       897.2222       4.6548e-08       -0.5954 
669.7766       897.2222       5.0574e-08       -0.7448 
669.7766       897.2222       5.4600e-08       -0.9089 
669.7766       897.2222       5.8626e-08       -1.0873 
669.7766       897.2222       6.2652e-08       -1.2794 
669.7766       897.2222       6.6677e-08       -1.4850 
669.7766       897.2222       7.0703e-08       -1.7034 
669.7766       897.2222       7.4729e-08       -1.9346 
669.7766       897.2222       7.8755e-08       -2.1781 
669.7766       897.2222       8.2780e-08       -2.4335 
669.7766       897.2222       8.6806e-08       -2.7006 
897.2222       1201.8769       0.0000e+00       0.0000 
897.2222       1201.8769       1.1442e-14       -0.0000 
897.2222       1201.8769       2.1846e-09       -0.0940 
897.2222       1201.8769       4.3691e-09       -0.1963 
897.2222       1201.8769       6.5536e-09       -0.3065 
897.2222       1201.8769       8.7382e-09       -0.4241 
897.2222       1201.8769       1.0923e-08       -0.5489 
897.2222       1201.8769       1.3107e-08       -0.6804 
897.2222       1201.8769       1.5292e-08       -0.8185 
897.2222       1201.8769       1.7476e-08       -0.9629 
897.2222       1201.8769       1.9661e-08       -1.1132 
897.2222       1201.8769       2.1845e-08       -1.2694 
897.2222       1201.8769       2.4030e-08       -1.4311 
897.2222       1201.8769       2.6215e-08       -1.5981 
897.2222       1201.8769       2.8399e-08       -1.7704 
897.2222       1201.8769       3.0584e-08       -1.9477 
897.2222       1201.8769       3.2768e-08       -2.1298 
897.2222       1201.8769       3.4953e-08       -2.3166 
897.2222       1201.8769       3.7137e-08       -2.5081 
897.2222       1201.8769       3.9322e-08       -2.7039 
1201.8769       1609.9782       0.0000e+00       -1.4277 
1201.8769       1609.9782       3.6520e-09       -1.0867 
1201.8769       1609.9782       7.3039e-09       -0.8035 
1201.8769       1609.9782       1.0956e-08       -0.5712 
1201.8769       1609.9782       1.4608e-08       -0.3845 
1201.8769       1609.9782       1.8260e-08       -0.2388 
1201.8769       1609.9782       2.1912e-08       -0.1305 
1201.8769       1609.9782       2.5564e-08       -0.0563 
1201.8769       1609.9782       2.9216e-08       -0.0136 
1201.8769       1609.9782       3.2868e-08       0.0000 
1201.8769       1609.9782       3.8879e-08       -0.0357 
1201.8769       1609.9782       4.4891e-08       -0.1369 
1201.8769       1609.9782       5.0902e-08       -0.2973 
1201.8769       1609.9782       5.6914e-08       -0.5115 
1201.8769       1609.9782       6.2926e-08       -0.7750 
1201.8769       1609.9782       6.8937e-08       -1.0839 
1201.8769       1609.9782       7.4949e-08       -1.4346 
1201.8769       1609.9782       8.0961e-08       -1.8244 
1201.8769       1609.9782       8.6972e-08       -2.2505 
1201.8769       1609.9782       9.2984e-08       -2.7106 
1609.9782       2156.6516       0.0000e+00       0.0000 
1609.9782       2156.6516       1.7012e-09       -0.0009 
1609.9782       2156.6516       4.6610e-09       -0.0224 
1609.9782       2156.6516       7.6207e-09       -0.0667 
1609.9782       2156.6516       1.0580e-08       -0.1314 
1609.9782       2156.6516       1.3540e-08       -0.2145 
1609.9782       2156.6516       1.6500e-08       -0.3145 
1609.9782       2156.6516       1.9460e-08       -0.4298 
1609.9782       2156.6516       2.2419e-08       -0.5595 
1609.9782       2156.6516       2.5379e-08       -0.7023 
1609.9782       2156.6516       2.8339e-08       -0.8575 
1609.9782       2156.6516       3.1299e-08       -1.0241 
1609.9782       2156.6516       3.4258e-08       -1.2016 
1609.9782       2156.6516       3.7218e-08       -1.3893 
1609.9782       2156.6516       4.0178e-08       -1.5866 
1609.9782       2156.6516       4.3137e-08       -1.7930 
1609.9782       2156.6516       4.6097e-08       -2.0081 
1609.9782       2156.6516       4.9057e-08       -2.2315 
1609.9782       2156.6516       5.2017e-08       -2.4627 
1609.9782       2156.6516       5.4976e-08       -2.7014 
2156.6516       2889.0164       0.0000e+00       -0.2832 
2156.6516       2889.0164       1.8551e-08       0.0000 
2156.6516       2889.0164       2.2616e-08       -0.0117 
2156.6516       2889.0164       2.6680e-08       -0.0454 
2156.6516       2889.0164       3.0744e-08       -0.0996 
2156.6516       2889.0164       3.4809e-08       -0.1729 
2156.6516       2889.0164       3.8873e-08       -0.2642 
2156.6516       2889.0164       4.2938e-08       -0.3723 
2156.6516       2889.0164       4.7002e-08       -0.4963 
2156.6516       2889.0164       5.1066e-08       -0.6352 
2156.6516       2889.0164       5.5131e-08       -0.7884 
2156.6516       2889.0164       5.9195e-08       -0.9551 
2156.6516       2889.0164       6.3259e-08       -1.1346 
2156.6516       2889.0164       6.7324e-08       -1.3263 
2156.6516       2889.0164       7.1388e-08       -1.5297 
2156.6516       2889.0164       7.5452e-08       -1.7443 
2156.6516       2889.0164       7.9517e-08       -1.9695 
2156.6516       2889.0164       8.3581e-08       -2.2050 
2156.6516       2889.0164       8.7645e-08       -2.4504 
2156.6516       2889.0164       9.1710e-08       -2.7051 
2889.0164       3869.9914       0.0000e+00       0.0000 
2889.0164       3869.9914       3.3601e-10       -0.0009 
2889.0164       3869.9914       3.0605e-09       -0.0254 
2889.0164       3869.9914       5.7851e-09       -0.0769 
2889.0164       3869.9914       8.5096e-09       -0.1509 
2889.0164       3869.9914       1.1234e-08       -0.2441 
2889.0164       3869.9914       1.3959e-08       -0.3538 
2889.0164       3869.9914       1.6683e-08       -0.4782 
2889.0164       3869.9914       1.9408e-08       -0.6154 
2889.0164       3869.9914       2.2132e-08       -0.7642 
2889.0164       3869.9914       2.4857e-08       -0.9235 
2889.0164       3869.9914       2.7581e-08       -1.0922 
2889.0164       3869.9914       3.0306e-08       -1.2696 
2889.0164       3869.9914       3.3030e-08       -1.4551 
2889.0164       3869.9914       3.5755e-08       -1.6478 
2889.0164       3869.9914       3.8480e-08       -1.8475 
2889.0164       3869.9914       4.1204e-08       -2.0535 
2889.0164       3869.9914       4.3929e-08       -2.2654 
2889.0164       3869.9914       4.6653e-08       -2.4830 
2889.0164       3869.9914       4.9378e-08       -2.7058 
3869.9914       5184.0598       0.0000e+00       -0.0000 
3869.9914       5184.0598       1.6897e-15       0.0000 
3869.9914       5184.0598       1.8116e-09       -0.1341 
3869.9914       5184.0598       3.6231e-09       -0.2709 
3869.9914       5184.0598       5.4347e-09       -0.4101 
3869.9914       5184.0598       7.2463e-09       -0.5515 
3869.9914       5184.0598       9.0578e-09       -0.6951 
3869.9914       5184.0598       1.0869e-08       -0.8406 
3869.9914       5184.0598       1.2681e-08       -0.9880 
3869.9914       5184.0598       1.4493e-08       -1.1372 
3869.9914       5184.0598       1.6304e-08       -1.2879 
3869.9914       5184.0598       1.8116e-08       -1.4402 
3869.9914       5184.0598       1.9927e-08       -1.5940 
3869.9914       5184.0598       2.1739e-08       -1.7492 
3869.9914       5184.0598       2.3550e-08       -1.9057 
3869.9914       5184.0598       2.5362e-08       -2.0634 
3869.9914       5184.0598       2.7174e-08       -2.2224 
3869.9914       5184.0598       2.8985e-08       -2.3824 
3869.9914       5184.0598       3.0797e-08       -2.5436 
3869.9914       5184.0598       3.2608e-08       -2.7059 
5184.0598       6944.3244       0.0000e+00       -0.7453 
5184.0598       6944.3244       2.9743e-09       -0.5438 
5184.0598       6944.3244       5.9487e-09       -0.3888 
5184.0598       6944.3244       8.9230e-09       -0.2689 
5184.0598       6944.3244       1.1897e-08       -0.1768 
5184.0598       6944.3244       1.4872e-08       -0.1077 
5184.0598       6944.3244       1.7846e-08       -0.0578 
5184.0598       6944.3244       2.0820e-08       -0.0246 
5184.0598       6944.3244       2.3795e-08       -0.0059 
5184.0598       6944.3244       2.6769e-08       0.0000 
5184.0598       6944.3244       3.5652e-08       -0.0465 
5184.0598       6944.3244       4.4535e-08       -0.1705 
5184.0598       6944.3244       5.3418e-08       -0.3557 
5184.0598       6944.3244       6.2301e-08       -0.5909 
5184.0598       6944.3244       7.1184e-08       -0.8679 
5184.0598       6944.3244       8.0067e-08       -1.1809 
5184.0598       6944.3244       8.8950e-08       -1.5249 
5184.0598       6944.3244       9.7832e-08       -1.8963 
5184.0598       6944.3244       1.0672e-07       -2.2921 
5184.0598       6944.3244       1.1560e-07       -2.7097 
6944.3244       9302.5069       0.0000e+00       -0.5205 
6944.3244       9302.5069       1.4139e-08       0.0000 
6944.3244       9302.5069       1.8125e-08       -0.0205 
6944.3244       9302.5069       2.2112e-08       -0.0749 
6944.3244       9302.5069       2.6098e-08       -0.1553 
6944.3244       9302.5069       3.0084e-08       -0.2563 
6944.3244       9302.5069       3.4070e-08       -0.3743 
6944.3244       9302.5069       3.8056e-08       -0.5063 
6944.3244       9302.5069       4.2043e-08       -0.6503 
6944.3244       9302.5069       4.6029e-08       -0.8046 
6944.3244       9302.5069       5.0015e-08       -0.9678 
6944.3244       9302.5069       5.4001e-08       -1.1389 
6944.3244       9302.5069       5.7988e-08       -1.3170 
6944.3244       9302.5069       6.1974e-08       -1.5014 
6944.3244       9302.5069       6.5960e-08       -1.6914 
6944.3244       9302.5069       6.9946e-08       -1.8864 
6944.3244       9302.5069       7.3933e-08       -2.0862 
6944.3244       9302.5069       7.7919e-08       -2.2901 
6944.3244       9302.5069       8.1905e-08       -2.4980 
6944.3244       9302.5069       8.5891e-08       -2.7094 
9302.5069       12461.2038       0.0000e+00       0.0000 
9302.5069       12461.2038       1.0210e-11       -0.0005 
9302.5069       12461.2038       3.2004e-09       -0.1485 
9302.5069       12461.2038       6.3905e-09       -0.2968 
9302.5069       12461.2038       9.5806e-09       -0.4455 
9302.5069       12461.2038       1.2771e-08       -0.5943 
9302.5069       12461.2038       1.5961e-08       -0.7435 
9302.5069       12461.2038       1.9151e-08       -0.8930 
9302.5069       12461.2038       2.2341e-08       -1.0427 
9302.5069       12461.2038       2.5531e-08       -1.1926 
9302.5069       12461.2038       2.8722e-08       -1.3428 
9302.5069       12461.2038       3.1912e-08       -1.4933 
9302.5069       12461.2038       3.5102e-08       -1.6441 
9302.5069       12461.2038       3.8292e-08       -1.7950 
9302.5069       12461.2038       4.1482e-08       -1.9463 
9302.5069       12461.2038       4.4672e-08       -2.0977 
9302.5069       12461.2038       4.7862e-08       -2.2494 
9302.5069       12461.2038       5.1053e-08       -2.4013 
9302.5069       12461.2038       5.4243e-08       -2.5535 
9302.5069       12461.2038       5.7433e-08       -2.7059 
12461.2038       16692.4468       0.0000e+00       0.0000 
12461.2038       16692.4468       4.2522e-12       -0.0002 
12461.2038       16692.4468       3.5538e-09       -0.1502 
12461.2038       16692.4468       7.1034e-09       -0.3003 
12461.2038       16692.4468       1.0653e-08       -0.4504 
12461.2038       16692.4468       1.4203e-08       -0.6005 
12461.2038       16692.4468       1.7752e-08       -0.7507 
12461.2038       16692.4468       2.1302e-08       -0.9009 
12461.2038       16692.4468       2.4851e-08       -1.0512 
12461.2038       16692.4468       2.8401e-08       -1.2015 
12461.2038       16692.4468       3.1951e-08       -1.3518 
12461.2038       16692.4468       3.5500e-08       -1.5021 
12461.2038       16692.4468       3.9050e-08       -1.6525 
12461.2038       16692.4468       4.2599e-08       -1.8029 
12461.2038       16692.4468       4.6149e-08       -1.9533 
12461.2038       16692.4468       4.9699e-08       -2.1037 
12461.2038       16692.4468       5.3248e-08       -2.2542 
12461.2038       16692.4468       5.6798e-08       -2.4048 
12461.2038       16692.4468       6.0347e-08       -2.5553 
12461.2038       16692.4468       6.3897e-08       -2.7059 
16692.4468       22360.9371       0.0000e+00       0.0000 
16692.4468       22360.9371       1.7693e-12       -0.0000 
16692.4468       22360.9371       5.5060e-09       -0.1448 
16692.4468       22360.9371       1.1010e-08       -0.2903 
16692.4468       22360.9371       1.6515e-08       -0.4366 
16692.4468       22360.9371       2.2019e-08       -0.5837 
16692.4468       22360.9371       2.7523e-08       -0.7314 
16692.4468       22360.9371       3.3027e-08       -0.8798 
16692.4468       22360.9371       3.8532e-08       -1.0289 
16692.4468       22360.9371       4.4036e-08       -1.1786 
16692.4468       22360.9371       4.9540e-08       -1.3289 
16692.4468       22360.9371       5.5044e-08       -1.4798 
16692.4468       22360.9371       6.0549e-08       -1.6313 
16692.4468       22360.9371       6.6053e-08       -1.7833 
16692.4468       22360.9371       7.1557e-08       -1.9358 
16692.4468       22360.9371       7.7062e-08       -2.0889 
16692.4468       22360.9371       8.2566e-08       -2.2424 
16692.4468       22360.9371       8.8070e-08       -2.3964 
16692.4468       22360.9371       9.3574e-08       -2.5509 
16692.4468       22360.9371       9.9079e-08       -2.7058 
22360.9371       29953.6672       0.0000e+00       0.0000 
22360.9371       29953.6672       7.3642e-13       -0.0000 
22360.9371       29953.6672       6.2496e-09       -0.1498 
22360.9371       29953.6672       1.2498e-08       -0.2996 
22360.9371       29953.6672       1.8747e-08       -0.4495 
22360.9371       29953.6672       2.4996e-08       -0.5995 
22360.9371       29953.6672       3.1245e-08       -0.7495 
22360.9371       29953.6672       3.7494e-08       -0.8996 
22360.9371       29953.6672       4.3743e-08       -1.0498 
22360.9371       29953.6672       4.9992e-08       -1.2001 
22360.9371       29953.6672       5.6241e-08       -1.3504 
22360.9371       29953.6672       6.2489e-08       -1.5007 
22360.9371       29953.6672       6.8738e-08       -1.6512 
22360.9371       29953.6672       7.4987e-08       -1.8016 
22360.9371       29953.6672       8.1236e-08       -1.9522 
22360.9371       29953.6672       8.7485e-08       -2.1028 
22360.9371       29953.6672       9.3734e-08       -2.2535 
22360.9371       29953.6672       9.9983e-08       -2.4042 
22360.9371       29953.6672       1.0623e-07       -2.5550 
22360.9371       29953.6672       1.1248e-07       -2.7059 
29953.6672       40124.5339       0.0000e+00       0.0000 
29953.6672       40124.5339       3.0636e-13       -0.0000 
29953.6672       40124.5339       7.7133e-09       -0.1503 
29953.6672       40124.5339       1.5426e-08       -0.3006 
29953.6672       40124.5339       2.3139e-08       -0.4510 
29953.6672       40124.5339       3.0852e-08       -0.6013 
29953.6672       40124.5339       3.8565e-08       -0.7516 
29953.6672       40124.5339       4.6278e-08       -0.9019 
29953.6672       40124.5339       5.3991e-08       -1.0523 
29953.6672       40124.5339       6.1704e-08       -1.2026 
29953.6672       40124.5339       6.9417e-08       -1.3529 
29953.6672       40124.5339       7.7130e-08       -1.5032 
29953.6672       40124.5339       8.4843e-08       -1.6536 
29953.6672       40124.5339       9.2556e-08       -1.8039 
29953.6672       40124.5339       1.0027e-07       -1.9542 
29953.6672       40124.5339       1.0798e-07       -2.1046 
29953.6672       40124.5339       1.1570e-07       -2.2549 
29953.6672       40124.5339       1.2341e-07       -2.4052 
29953.6672       40124.5339       1.3112e-07       -2.5556 
29953.6672       40124.5339       1.3883e-07       -2.7059 
40124.5339       53748.9519       0.0000e+00       0.0000 
40124.5339       53748.9519       1.2746e-13       -0.0000 
40124.5339       53748.9519       1.0253e-08       -0.1503 
40124.5339       53748.9519       2.0507e-08       -0.3006 
40124.5339       53748.9519       3.0760e-08       -0.4509 
40124.5339       53748.9519       4.1013e-08       -0.6013 
40124.5339       53748.9519       5.1267e-08       -0.7516 
40124.5339       53748.9519       6.1520e-08       -0.9019 
40124.5339       53748.9519       7.1773e-08       -1.0522 
40124.5339       53748.9519       8.2027e-08       -1.2026 
40124.5339       53748.9519       9.2280e-08       -1.3529 
40124.5339       53748.9519       1.0253e-07       -1.5032 
40124.5339       53748.9519       1.1279e-07       -1.6535 
40124.5339       53748.9519       1.2304e-07       -1.8039 
40124.5339       53748.9519       1.3329e-07       -1.9542 
40124.5339       53748.9519       1.4355e-07       -2.1045 
40124.5339       53748.9519       1.5380e-07       -2.2549 
40124.5339       53748.9519       1.6405e-07       -2.4052 
40124.5339       53748.9519       1.7431e-07       -2.5556 
40124.5339       53748.9519       1.8456e-07       -2.7059 
53748.9519       72001.2440       0.0000e+00       -0.0000 
53748.9519       72001.2440       5.3031e-14       0.0000 
53748.9519       72001.2440       1.7953e-08       -0.1265 
53748.9519       72001.2440       3.5905e-08       -0.2576 
53748.9519       72001.2440       5.3858e-08       -0.3928 
53748.9519       72001.2440       7.1810e-08       -0.5315 
53748.9519       72001.2440       8.9763e-08       -0.6735 
53748.9519       72001.2440       1.0772e-07       -0.8182 
53748.9519       72001.2440       1.2567e-07       -0.9656 
53748.9519       72001.2440       1.4362e-07       -1.1153 
53748.9519       72001.2440       1.6157e-07       -1.2671 
53748.9519       72001.2440       1.7953e-07       -1.4208 
53748.9519       72001.2440       1.9748e-07       -1.5764 
53748.9519       72001.2440       2.1543e-07       -1.7335 
53748.9519       72001.2440       2.3338e-07       -1.8922 
53748.9519       72001.2440       2.5134e-07       -2.0523 
53748.9519       72001.2440       2.6929e-07       -2.2137 
53748.9519       72001.2440       2.8724e-07       -2.3763 
53748.9519       72001.2440       3.0519e-07       -2.5401 
53748.9519       72001.2440       3.2315e-07       -2.7049 
72001.2440       96449.5043       0.0000e+00       -0.0000 
72001.2440       96449.5043       2.2060e-14       0.0000 
72001.2440       96449.5043       1.8387e-08       -0.1503 
72001.2440       96449.5043       3.6773e-08       -0.3007 
72001.2440       96449.5043       5.5160e-08       -0.4510 
72001.2440       96449.5043       7.3546e-08       -0.6013 
72001.2440       96449.5043       9.1933e-08       -0.7516 
72001.2440       96449.5043       1.1032e-07       -0.9020 
72001.2440       96449.5043       1.2871e-07       -1.0523 
72001.2440       96449.5043       1.4709e-07       -1.2026 
72001.2440       96449.5043       1.6548e-07       -1.3530 
72001.2440       96449.5043       1.8387e-07       -1.5033 
72001.2440       96449.5043       2.0225e-07       -1.6536 
72001.2440       96449.5043       2.2064e-07       -1.8039 
72001.2440       96449.5043       2.3902e-07       -1.9543 
72001.2440       96449.5043       2.5741e-07       -2.1046 
72001.2440       96449.5043       2.7580e-07       -2.2549 
72001.2440       96449.5043       2.9418e-07       -2.4053 
72001.2440       96449.5043       3.1257e-07       -2.5556 
72001.2440       96449.5043       3.3096e-07       -2.7059 
96449.5043       129199.2522       0.0000e+00       -0.0000 
96449.5043       129199.2522       9.1774e-15       0.0000 
96449.5043       129199.2522       3.1233e-08       -0.1337 
96449.5043       129199.2522       6.2467e-08       -0.2704 
96449.5043       129199.2522       9.3700e-08       -0.4098 
96449.5043       129199.2522       1.2493e-07       -0.5516 
96449.5043       129199.2522       1.5617e-07       -0.6957 
96449.5043       129199.2522       1.8740e-07       -0.8417 
96449.5043       129199.2522       2.1863e-07       -0.9896 
96449.5043       129199.2522       2.4987e-07       -1.1391 
96449.5043       129199.2522       2.8110e-07       -1.2903 
96449.5043       129199.2522       3.1233e-07       -1.4428 
96449.5043       129199.2522       3.4357e-07       -1.5968 
96449.5043       129199.2522       3.7480e-07       -1.7519 
96449.5043       129199.2522       4.0603e-07       -1.9083 
96449.5043       129199.2522       4.3727e-07       -2.0657 
96449.5043       129199.2522       4.6850e-07       -2.2241 
96449.5043       129199.2522       4.9973e-07       -2.3835 
96449.5043       129199.2522       5.3097e-07       -2.5438 
96449.5043       129199.2522       5.6220e-07       -2.7050 
129199.2522       173069.2852       0.0000e+00       -0.0000 
129199.2522       173069.2852       3.8180e-15       0.0000 
129199.2522       173069.2852       3.3274e-08       -0.1503 
129199.2522       173069.2852       6.6549e-08       -0.3007 
129199.2522       173069.2852       9.9823e-08       -0.4510 
129199.2522       173069.2852       1.3310e-07       -0.6013 
129199.2522       173069.2852       1.6637e-07       -0.7516 
129199.2522       173069.2852       1.9965e-07       -0.9020 
129199.2522       173069.2852       2.3292e-07       -1.0523 
129199.2522       173069.2852       2.6620e-07       -1.2026 
129199.2522       173069.2852       2.9947e-07       -1.3529 
129199.2522       173069.2852       3.3274e-07       -1.5033 
129199.2522       173069.2852       3.6602e-07       -1.6536 
129199.2522       173069.2852       3.9929e-07       -1.8039 
129199.2522       173069.2852       4.3257e-07       -1.9543 
129199.2522       173069.2852       4.6584e-07       -2.1046 
129199.2522       173069.2852       4.9912e-07       -2.2549 
129199.2522       173069.2852       5.3239e-07       -2.4052 
129199.2522       173069.2852       5.6567e-07       -2.5556 
129199.2522       173069.2852       5.9894e-07       -2.7059 
173069.2852       231840.8711       0.0000e+00       -0.0000 
173069.2852       231840.8711       1.5885e-15       0.0000 
173069.2852       231840.8711       5.5490e-08       -0.1417 
173069.2852       231840.8711       1.1098e-07       -0.2847 
173069.2852       231840.8711       1.6647e-07       -0.4290 
173069.2852       231840.8711       2.2196e-07       -0.5746 
173069.2852       231840.8711       2.7745e-07       -0.7212 
173069.2852       231840.8711       3.3294e-07       -0.8689 
173069.2852       231840.8711       3.8843e-07       -1.0176 
173069.2852       231840.8711       4.4392e-07       -1.1672 
173069.2852       231840.8711       4.9941e-07       -1.3177 
173069.2852       231840.8711       5.5490e-07       -1.4691 
173069.2852       231840.8711       6.1039e-07       -1.6213 
173069.2852       231840.8711       6.6588e-07       -1.7742 
173069.2852       231840.8711       7.2137e-07       -1.9278 
173069.2852       231840.8711       7.7686e-07       -2.0821 
173069.2852       231840.8711       8.3235e-07       -2.2371 
173069.2852       231840.8711       8.8784e-07       -2.3927 
173069.2852       231840.8711       9.4333e-07       -2.5488 
173069.2852       231840.8711       9.9881e-07       -2.7056 
231840.8711       310563.2050       0.0000e+00       -0.0000 
231840.8711       310563.2050       6.6077e-16       0.0000 
231840.8711       310563.2050       6.0211e-08       -0.1503 
231840.8711       310563.2050       1.2042e-07       -0.3007 
231840.8711       310563.2050       1.8063e-07       -0.4510 
231840.8711       310563.2050       2.4084e-07       -0.6013 
231840.8711       310563.2050       3.0106e-07       -0.7516 
231840.8711       310563.2050       3.6127e-07       -0.9020 
231840.8711       310563.2050       4.2148e-07       -1.0523 
231840.8711       310563.2050       4.8169e-07       -1.2026 
231840.8711       310563.2050       5.4190e-07       -1.3529 
231840.8711       310563.2050       6.0211e-07       -1.5033 
231840.8711       310563.2050       6.6232e-07       -1.6536 
231840.8711       310563.2050       7.2253e-07       -1.8039 
231840.8711       310563.2050       7.8275e-07       -1.9543 
231840.8711       310563.2050       8.4296e-07       -2.1046 
231840.8711       310563.2050       9.0317e-07       -2.2549 
231840.8711       310563.2050       9.6338e-07       -2.4052 
231840.8711       310563.2050       1.0236e-06       -2.5556 
231840.8711       310563.2050       1.0838e-06       -2.7059 
310563.2050       416015.9675       0.0000e+00       -0.0000 
310563.2050       416015.9675       2.7490e-16       0.0000 
310563.2050       416015.9675       8.1591e-08       -0.1503 
310563.2050       416015.9675       1.6318e-07       -0.3006 
310563.2050       416015.9675       2.4477e-07       -0.4510 
310563.2050       416015.9675       3.2636e-07       -0.6013 
310563.2050       416015.9675       4.0796e-07       -0.7516 
310563.2050       416015.9675       4.8955e-07       -0.9019 
310563.2050       416015.9675       5.7114e-07       -1.0523 
310563.2050       416015.9675       6.5273e-07       -1.2026 
310563.2050       416015.9675       7.3432e-07       -1.3529 
310563.2050       416015.9675       8.1591e-07       -1.5032 
310563.2050       416015.9675       8.9750e-07       -1.6536 
310563.2050       416015.9675       9.7909e-07       -1.8039 
310563.2050       416015.9675       1.0607e-06       -1.9542 
310563.2050       416015.9675       1.1423e-06       -2.1046 
310563.2050       416015.9675       1.2239e-06       -2.2549 
310563.2050       416015.9675       1.3055e-06       -2.4052 
310563.2050       416015.9675       1.3871e-06       -2.5556 
310563.2050       416015.9675       1.4686e-06       -2.7059 
416015.9675       557275.5639       0.0000e+00       -0.0000 
416015.9675       557275.5639       1.1436e-16       0.0000 
416015.9675       557275.5639       1.8274e-07       -0.0037 
416015.9675       557275.5639       3.6548e-07       -0.0561 
416015.9675       557275.5639       5.4822e-07       -0.1412 
416015.9675       557275.5639       7.3096e-07       -0.2496 
416015.9675       557275.5639       9.1370e-07       -0.3756 
416015.9675       557275.5639       1.0964e-06       -0.5153 
416015.9675       557275.5639       1.2792e-06       -0.6660 
416015.9675       557275.5639       1.4619e-06       -0.8257 
416015.9675       557275.5639       1.6447e-06       -0.9929 
416015.9675       557275.5639       1.8274e-06       -1.1664 
416015.9675       557275.5639       2.0101e-06       -1.3454 
416015.9675       557275.5639       2.1929e-06       -1.5291 
416015.9675       557275.5639       2.3756e-06       -1.7169 
416015.9675       557275.5639       2.5584e-06       -1.9084 
416015.9675       557275.5639       2.7411e-06       -2.1032 
416015.9675       557275.5639       2.9238e-06       -2.3008 
416015.9675       557275.5639       3.1066e-06       -2.5011 
416015.9675       557275.5639       3.2893e-06       -2.7037 
557275.5639       746517.5120       0.0000e+00       -0.0000 
557275.5639       746517.5120       4.7581e-17       0.0000 
557275.5639       746517.5120       1.5039e-07       -0.1503 
557275.5639       746517.5120       3.0079e-07       -0.3007 
557275.5639       746517.5120       4.5118e-07       -0.4510 
557275.5639       746517.5120       6.0157e-07       -0.6013 
557275.5639       746517.5120       7.5196e-07       -0.7516 
557275.5639       746517.5120       9.0236e-07       -0.9020 
557275.5639       746517.5120       1.0527e-06       -1.0523 
557275.5639       746517.5120       1.2031e-06       -1.2026 
557275.5639       746517.5120       1.3535e-06       -1.3529 
557275.5639       746517.5120       1.5039e-06       -1.5033 
557275.5639       746517.5120       1.6543e-06       -1.6536 
557275.5639       746517.5120       1.8047e-06       -1.8039 
557275.5639       746517.5120       1.9551e-06       -1.9543 
557275.5639       746517.5120       2.1055e-06       -2.1046 
557275.5639       746517.5120       2.2559e-06       -2.2549 
557275.5639       746517.5120       2.4063e-06       -2.4052 
557275.5639       746517.5120       2.5567e-06       -2.5556 
557275.5639       746517.5120       2.7071e-06       -2.7059 
746517.5120       1000000.0000       0.0000e+00       -0.0000 
746517.5120       1000000.0000       1.9792e-17       0.0000 
746517.5120       1000000.0000       2.1526e-07       -0.1503 
746517.5120       1000000.0000       4.3052e-07       -0.3007 
746517.5120       1000000.0000       6.4577e-07       -0.4510 
746517.5120       1000000.0000       8.6103e-07       -0.6013 
746517.5120       1000000.0000       1.0763e-06       -0.7516 
746517.5120       1000000.0000       1.2915e-06       -0.9020 
746517.5120       1000000.0000       1.5068e-06       -1.0523 
746517.5120       1000000.0000       1.7221e-06       -1.2026 
746517.5120       1000000.0000       1.9373e-06       -1.3529 
746517.5120       1000000.0000       2.1526e-06       -1.5033 
746517.5120       1000000.0000       2.3678e-06       -1.6536 
746517.5120       1000000.0000       2.5831e-06       -1.8039 
746517.5120       1000000.0000       2.7984e-06       -1.9543 
746517.5120       1000000.0000       3.0136e-06       -2.1046 
746517.5120       1000000.0000       3.2289e-06       -2.2549 
746517.5120       1000000.0000       3.4441e-06       -2.4052 
746517.5120       1000000.0000       3.6594e-06       -2.5556 
746517.5120       1000000.0000       3.8746e-06       -2.7059 
