#Reticulum_2  Log10(Jfactor)=18.900   sigmaJ=0.380 
#[0]emin(MeV) [1]emax(MeV) [2]eflux(MeV/cm^2/s) [3]deltaLogLike 
500.0000       669.7766       0.0000e+00       -0.9078 
500.0000       669.7766       4.3807e-09       -0.7083 
500.0000       669.7766       8.7615e-09       -0.5357 
500.0000       669.7766       1.3142e-08       -0.3889 
500.0000       669.7766       1.7523e-08       -0.2669 
500.0000       669.7766       2.1904e-08       -0.1689 
500.0000       669.7766       2.6284e-08       -0.0940 
500.0000       669.7766       3.0665e-08       -0.0413 
500.0000       669.7766       3.5046e-08       -0.0102 
500.0000       669.7766       3.9427e-08       0.0000 
500.0000       669.7766       4.7201e-08       -0.0311 
500.0000       669.7766       5.4976e-08       -0.1226 
500.0000       669.7766       6.2750e-08       -0.2714 
500.0000       669.7766       7.0525e-08       -0.4748 
500.0000       669.7766       7.8299e-08       -0.7303 
500.0000       669.7766       8.6074e-08       -1.0357 
500.0000       669.7766       9.3848e-08       -1.3889 
500.0000       669.7766       1.0162e-07       -1.7881 
500.0000       669.7766       1.0940e-07       -2.2313 
500.0000       669.7766       1.1717e-07       -2.7171 
669.7766       897.2222       0.0000e+00       -0.2515 
669.7766       897.2222       1.7838e-08       0.0000 
669.7766       897.2222       2.1547e-08       -0.0112 
669.7766       897.2222       2.5255e-08       -0.0419 
669.7766       897.2222       2.8963e-08       -0.0916 
669.7766       897.2222       3.2671e-08       -0.1594 
669.7766       897.2222       3.6380e-08       -0.2446 
669.7766       897.2222       4.0088e-08       -0.3466 
669.7766       897.2222       4.3796e-08       -0.4648 
669.7766       897.2222       4.7505e-08       -0.5987 
669.7766       897.2222       5.1213e-08       -0.7477 
669.7766       897.2222       5.4921e-08       -0.9115 
669.7766       897.2222       5.8630e-08       -1.0895 
669.7766       897.2222       6.2338e-08       -1.2813 
669.7766       897.2222       6.6046e-08       -1.4866 
669.7766       897.2222       6.9755e-08       -1.7050 
669.7766       897.2222       7.3463e-08       -1.9362 
669.7766       897.2222       7.7171e-08       -2.1796 
669.7766       897.2222       8.0880e-08       -2.4352 
669.7766       897.2222       8.4588e-08       -2.7026 
897.2222       1201.8769       0.0000e+00       -0.0028 
897.2222       1201.8769       1.5483e-09       0.0000 
897.2222       1201.8769       4.3547e-09       -0.0133 
897.2222       1201.8769       7.1611e-09       -0.0488 
897.2222       1201.8769       9.9676e-09       -0.1047 
897.2222       1201.8769       1.2774e-08       -0.1794 
897.2222       1201.8769       1.5580e-08       -0.2719 
897.2222       1201.8769       1.8387e-08       -0.3809 
897.2222       1201.8769       2.1193e-08       -0.5054 
897.2222       1201.8769       2.4000e-08       -0.6447 
897.2222       1201.8769       2.6806e-08       -0.7979 
897.2222       1201.8769       2.9613e-08       -0.9642 
897.2222       1201.8769       3.2419e-08       -1.1432 
897.2222       1201.8769       3.5225e-08       -1.3341 
897.2222       1201.8769       3.8032e-08       -1.5366 
897.2222       1201.8769       4.0838e-08       -1.7500 
897.2222       1201.8769       4.3645e-08       -1.9739 
897.2222       1201.8769       4.6451e-08       -2.2080 
897.2222       1201.8769       4.9258e-08       -2.4518 
897.2222       1201.8769       5.2064e-08       -2.7051 
1201.8769       1609.9782       0.0000e+00       0.0000 
1201.8769       1609.9782       2.4571e-12       -0.0000 
1201.8769       1609.9782       2.5484e-09       -0.0488 
1201.8769       1609.9782       5.0944e-09       -0.1131 
1201.8769       1609.9782       7.6404e-09       -0.1920 
1201.8769       1609.9782       1.0186e-08       -0.2846 
1201.8769       1609.9782       1.2732e-08       -0.3902 
1201.8769       1609.9782       1.5278e-08       -0.5082 
1201.8769       1609.9782       1.7824e-08       -0.6378 
1201.8769       1609.9782       2.0370e-08       -0.7785 
1201.8769       1609.9782       2.2916e-08       -0.9300 
1201.8769       1609.9782       2.5462e-08       -1.0915 
1201.8769       1609.9782       2.8008e-08       -1.2628 
1201.8769       1609.9782       3.0554e-08       -1.4434 
1201.8769       1609.9782       3.3100e-08       -1.6329 
1201.8769       1609.9782       3.5646e-08       -1.8310 
1201.8769       1609.9782       3.8192e-08       -2.0375 
1201.8769       1609.9782       4.0738e-08       -2.2519 
1201.8769       1609.9782       4.3284e-08       -2.4741 
1201.8769       1609.9782       4.5830e-08       -2.7036 
1609.9782       2156.6516       0.0000e+00       -0.1551 
1609.9782       2156.6516       1.1602e-08       0.0000 
1609.9782       2156.6516       1.5002e-08       -0.0091 
1609.9782       2156.6516       1.8403e-08       -0.0398 
1609.9782       2156.6516       2.1804e-08       -0.0911 
1609.9782       2156.6516       2.5205e-08       -0.1614 
1609.9782       2156.6516       2.8605e-08       -0.2500 
1609.9782       2156.6516       3.2006e-08       -0.3557 
1609.9782       2156.6516       3.5407e-08       -0.4777 
1609.9782       2156.6516       3.8808e-08       -0.6152 
1609.9782       2156.6516       4.2208e-08       -0.7675 
1609.9782       2156.6516       4.5609e-08       -0.9337 
1609.9782       2156.6516       4.9010e-08       -1.1135 
1609.9782       2156.6516       5.2411e-08       -1.3061 
1609.9782       2156.6516       5.5811e-08       -1.5111 
1609.9782       2156.6516       5.9212e-08       -1.7278 
1609.9782       2156.6516       6.2613e-08       -1.9560 
1609.9782       2156.6516       6.6014e-08       -2.1950 
1609.9782       2156.6516       6.9414e-08       -2.4447 
1609.9782       2156.6516       7.2815e-08       -2.7044 
2156.6516       2889.0164       0.0000e+00       0.0000 
2156.6516       2889.0164       8.0255e-13       -0.0000 
2156.6516       2889.0164       2.3392e-09       -0.0614 
2156.6516       2889.0164       4.6776e-09       -0.1392 
2156.6516       2889.0164       7.0160e-09       -0.2313 
2156.6516       2889.0164       9.3544e-09       -0.3362 
2156.6516       2889.0164       1.1693e-08       -0.4528 
2156.6516       2889.0164       1.4031e-08       -0.5799 
2156.6516       2889.0164       1.6370e-08       -0.7168 
2156.6516       2889.0164       1.8708e-08       -0.8626 
2156.6516       2889.0164       2.1046e-08       -1.0167 
2156.6516       2889.0164       2.3385e-08       -1.1787 
2156.6516       2889.0164       2.5723e-08       -1.3479 
2156.6516       2889.0164       2.8062e-08       -1.5239 
2156.6516       2889.0164       3.0400e-08       -1.7063 
2156.6516       2889.0164       3.2738e-08       -1.8949 
2156.6516       2889.0164       3.5077e-08       -2.0892 
2156.6516       2889.0164       3.7415e-08       -2.2890 
2156.6516       2889.0164       3.9754e-08       -2.4940 
2156.6516       2889.0164       4.2092e-08       -2.7040 
2889.0164       3869.9914       0.0000e+00       -0.9976 
2889.0164       3869.9914       2.7408e-09       -0.7284 
2889.0164       3869.9914       5.4815e-09       -0.5219 
2889.0164       3869.9914       8.2223e-09       -0.3621 
2889.0164       3869.9914       1.0963e-08       -0.2390 
2889.0164       3869.9914       1.3704e-08       -0.1461 
2889.0164       3869.9914       1.6445e-08       -0.0789 
2889.0164       3869.9914       1.9185e-08       -0.0338 
2889.0164       3869.9914       2.1926e-08       -0.0082 
2889.0164       3869.9914       2.4667e-08       0.0000 
2889.0164       3869.9914       3.1234e-08       -0.0416 
2889.0164       3869.9914       3.7802e-08       -0.1562 
2889.0164       3869.9914       4.4370e-08       -0.3316 
2889.0164       3869.9914       5.0937e-08       -0.5588 
2889.0164       3869.9914       5.7505e-08       -0.8312 
2889.0164       3869.9914       6.4072e-08       -1.1433 
2889.0164       3869.9914       7.0640e-08       -1.4910 
2889.0164       3869.9914       7.7207e-08       -1.8705 
2889.0164       3869.9914       8.3775e-08       -2.2791 
2889.0164       3869.9914       9.0343e-08       -2.7140 
3869.9914       5184.0598       0.0000e+00       -0.7113 
3869.9914       5184.0598       1.5732e-09       -0.4965 
3869.9914       5184.0598       3.1464e-09       -0.3435 
3869.9914       5184.0598       4.7195e-09       -0.2316 
3869.9914       5184.0598       6.2927e-09       -0.1492 
3869.9914       5184.0598       7.8659e-09       -0.0894 
3869.9914       5184.0598       9.4391e-09       -0.0474 
3869.9914       5184.0598       1.1012e-08       -0.0200 
3869.9914       5184.0598       1.2585e-08       -0.0048 
3869.9914       5184.0598       1.4159e-08       0.0000 
3869.9914       5184.0598       2.0104e-08       -0.0552 
3869.9914       5184.0598       2.6050e-08       -0.1953 
3869.9914       5184.0598       3.1996e-08       -0.3959 
3869.9914       5184.0598       3.7942e-08       -0.6426 
3869.9914       5184.0598       4.3888e-08       -0.9261 
3869.9914       5184.0598       4.9834e-08       -1.2398 
3869.9914       5184.0598       5.5780e-08       -1.5793 
3869.9914       5184.0598       6.1725e-08       -1.9408 
3869.9914       5184.0598       6.7671e-08       -2.3216 
3869.9914       5184.0598       7.3617e-08       -2.7195 
5184.0598       6944.3244       0.0000e+00       -2.3364 
5184.0598       6944.3244       2.7565e-09       -1.3566 
5184.0598       6944.3244       5.5130e-09       -0.8692 
5184.0598       6944.3244       8.2695e-09       -0.5606 
5184.0598       6944.3244       1.1026e-08       -0.3506 
5184.0598       6944.3244       1.3782e-08       -0.2054 
5184.0598       6944.3244       1.6539e-08       -0.1070 
5184.0598       6944.3244       1.9295e-08       -0.0444 
5184.0598       6944.3244       2.2052e-08       -0.0104 
5184.0598       6944.3244       2.4808e-08       0.0000 
5184.0598       6944.3244       3.1496e-08       -0.0514 
5184.0598       6944.3244       3.8183e-08       -0.1854 
5184.0598       6944.3244       4.4870e-08       -0.3810 
5184.0598       6944.3244       5.1557e-08       -0.6247 
5184.0598       6944.3244       5.8244e-08       -0.9069 
5184.0598       6944.3244       6.4932e-08       -1.2210 
5184.0598       6944.3244       7.1619e-08       -1.5620 
5184.0598       6944.3244       7.8306e-08       -1.9259 
5184.0598       6944.3244       8.4993e-08       -2.3097 
5184.0598       6944.3244       9.1680e-08       -2.7109 
6944.3244       9302.5069       0.0000e+00       -1.0200 
6944.3244       9302.5069       1.9463e-09       -0.6607 
6944.3244       9302.5069       3.8926e-09       -0.4364 
6944.3244       9302.5069       5.8389e-09       -0.2849 
6944.3244       9302.5069       7.7852e-09       -0.1792 
6944.3244       9302.5069       9.7316e-09       -0.1053 
6944.3244       9302.5069       1.1678e-08       -0.0551 
6944.3244       9302.5069       1.3624e-08       -0.0230 
6944.3244       9302.5069       1.5570e-08       -0.0055 
6944.3244       9302.5069       1.7517e-08       0.0000 
6944.3244       9302.5069       2.5130e-08       -0.0622 
6944.3244       9302.5069       3.2743e-08       -0.2154 
6944.3244       9302.5069       4.0356e-08       -0.4279 
6944.3244       9302.5069       4.7969e-08       -0.6832 
6944.3244       9302.5069       5.5582e-08       -0.9707 
6944.3244       9302.5069       6.3195e-08       -1.2838 
6944.3244       9302.5069       7.0808e-08       -1.6178 
6944.3244       9302.5069       7.8422e-08       -1.9692 
6944.3244       9302.5069       8.6035e-08       -2.3355 
6944.3244       9302.5069       9.3648e-08       -2.7143 
9302.5069       12461.2038       0.0000e+00       0.0000 
9302.5069       12461.2038       1.9766e-12       -0.0001 
9302.5069       12461.2038       3.6090e-09       -0.1306 
9302.5069       12461.2038       7.2160e-09       -0.2646 
9302.5069       12461.2038       1.0823e-08       -0.4016 
9302.5069       12461.2038       1.4430e-08       -0.5414 
9302.5069       12461.2038       1.8037e-08       -0.6839 
9302.5069       12461.2038       2.1644e-08       -0.8287 
9302.5069       12461.2038       2.5251e-08       -0.9758 
9302.5069       12461.2038       2.8858e-08       -1.1249 
9302.5069       12461.2038       3.2465e-08       -1.2759 
9302.5069       12461.2038       3.6072e-08       -1.4288 
9302.5069       12461.2038       3.9679e-08       -1.5834 
9302.5069       12461.2038       4.3286e-08       -1.7395 
9302.5069       12461.2038       4.6893e-08       -1.8971 
9302.5069       12461.2038       5.0500e-08       -2.0562 
9302.5069       12461.2038       5.4107e-08       -2.2166 
9302.5069       12461.2038       5.7714e-08       -2.3783 
9302.5069       12461.2038       6.1321e-08       -2.5412 
9302.5069       12461.2038       6.4928e-08       -2.7053 
12461.2038       16692.4468       0.0000e+00       -0.0000 
12461.2038       16692.4468       2.0895e-14       0.0000 
12461.2038       16692.4468       4.3098e-09       -0.1228 
12461.2038       16692.4468       8.6197e-09       -0.2512 
12461.2038       16692.4468       1.2929e-08       -0.3842 
12461.2038       16692.4468       1.7239e-08       -0.5215 
12461.2038       16692.4468       2.1549e-08       -0.6625 
12461.2038       16692.4468       2.5859e-08       -0.8067 
12461.2038       16692.4468       3.0169e-08       -0.9538 
12461.2038       16692.4468       3.4479e-08       -1.1036 
12461.2038       16692.4468       3.8788e-08       -1.2558 
12461.2038       16692.4468       4.3098e-08       -1.4102 
12461.2038       16692.4468       4.7408e-08       -1.5665 
12461.2038       16692.4468       5.1718e-08       -1.7246 
12461.2038       16692.4468       5.6028e-08       -1.8845 
12461.2038       16692.4468       6.0338e-08       -2.0458 
12461.2038       16692.4468       6.4647e-08       -2.2087 
12461.2038       16692.4468       6.8957e-08       -2.3728 
12461.2038       16692.4468       7.3267e-08       -2.5382 
12461.2038       16692.4468       7.7577e-08       -2.7047 
16692.4468       22360.9371       0.0000e+00       -2.6613 
16692.4468       22360.9371       6.3369e-09       -1.5727 
16692.4468       22360.9371       1.2674e-08       -0.9904 
16692.4468       22360.9371       1.9011e-08       -0.6265 
16692.4468       22360.9371       2.5348e-08       -0.3851 
16692.4468       22360.9371       3.1685e-08       -0.2224 
16692.4468       22360.9371       3.8022e-08       -0.1145 
16692.4468       22360.9371       4.4359e-08       -0.0473 
16692.4468       22360.9371       5.0695e-08       -0.0112 
16692.4468       22360.9371       5.7032e-08       0.0000 
16692.4468       22360.9371       7.3440e-08       -0.0567 
16692.4468       22360.9371       8.9848e-08       -0.2016 
16692.4468       22360.9371       1.0626e-07       -0.4076 
16692.4468       22360.9371       1.2266e-07       -0.6588 
16692.4468       22360.9371       1.3907e-07       -0.9446 
16692.4468       22360.9371       1.5548e-07       -1.2581 
16692.4468       22360.9371       1.7189e-07       -1.5941 
16692.4468       22360.9371       1.8829e-07       -1.9489 
16692.4468       22360.9371       2.0470e-07       -2.3195 
16692.4468       22360.9371       2.2111e-07       -2.7038 
22360.9371       29953.6672       0.0000e+00       -0.0000 
22360.9371       29953.6672       1.9942e-14       0.0000 
22360.9371       29953.6672       7.8057e-09       -0.1169 
22360.9371       29953.6672       1.5611e-08       -0.2409 
22360.9371       29953.6672       2.3417e-08       -0.3707 
22360.9371       29953.6672       3.1223e-08       -0.5058 
22360.9371       29953.6672       3.9029e-08       -0.6453 
22360.9371       29953.6672       4.6834e-08       -0.7887 
22360.9371       29953.6672       5.4640e-08       -0.9356 
22360.9371       29953.6672       6.2446e-08       -1.0856 
22360.9371       29953.6672       7.0251e-08       -1.2385 
22360.9371       29953.6672       7.8057e-08       -1.3938 
22360.9371       29953.6672       8.5863e-08       -1.5514 
22360.9371       29953.6672       9.3668e-08       -1.7111 
22360.9371       29953.6672       1.0147e-07       -1.8727 
22360.9371       29953.6672       1.0928e-07       -2.0361 
22360.9371       29953.6672       1.1709e-07       -2.2011 
22360.9371       29953.6672       1.2489e-07       -2.3676 
22360.9371       29953.6672       1.3270e-07       -2.5354 
22360.9371       29953.6672       1.4050e-07       -2.7046 
29953.6672       40124.5339       0.0000e+00       0.0000 
29953.6672       40124.5339       3.1093e-12       -0.0000 
29953.6672       40124.5339       7.8973e-09       -0.1500 
29953.6672       40124.5339       1.5791e-08       -0.3001 
29953.6672       40124.5339       2.3686e-08       -0.4502 
29953.6672       40124.5339       3.1580e-08       -0.6003 
29953.6672       40124.5339       3.9474e-08       -0.7504 
29953.6672       40124.5339       4.7368e-08       -0.9006 
29953.6672       40124.5339       5.5262e-08       -1.0509 
29953.6672       40124.5339       6.3157e-08       -1.2012 
29953.6672       40124.5339       7.1051e-08       -1.3515 
29953.6672       40124.5339       7.8945e-08       -1.5018 
29953.6672       40124.5339       8.6839e-08       -1.6522 
29953.6672       40124.5339       9.4733e-08       -1.8026 
29953.6672       40124.5339       1.0263e-07       -1.9531 
29953.6672       40124.5339       1.1052e-07       -2.1036 
29953.6672       40124.5339       1.1842e-07       -2.2541 
29953.6672       40124.5339       1.2631e-07       -2.4047 
29953.6672       40124.5339       1.3420e-07       -2.5553 
29953.6672       40124.5339       1.4210e-07       -2.7059 
40124.5339       53748.9519       0.0000e+00       0.0000 
40124.5339       53748.9519       1.7494e-13       -0.0000 
40124.5339       53748.9519       1.0117e-08       -0.1503 
40124.5339       53748.9519       2.0234e-08       -0.3006 
40124.5339       53748.9519       3.0351e-08       -0.4509 
40124.5339       53748.9519       4.0467e-08       -0.6013 
40124.5339       53748.9519       5.0584e-08       -0.7516 
40124.5339       53748.9519       6.0701e-08       -0.9019 
40124.5339       53748.9519       7.0818e-08       -1.0522 
40124.5339       53748.9519       8.0935e-08       -1.2025 
40124.5339       53748.9519       9.1051e-08       -1.3529 
40124.5339       53748.9519       1.0117e-07       -1.5032 
40124.5339       53748.9519       1.1129e-07       -1.6535 
40124.5339       53748.9519       1.2140e-07       -1.8039 
40124.5339       53748.9519       1.3152e-07       -1.9542 
40124.5339       53748.9519       1.4164e-07       -2.1045 
40124.5339       53748.9519       1.5175e-07       -2.2549 
40124.5339       53748.9519       1.6187e-07       -2.4052 
40124.5339       53748.9519       1.7199e-07       -2.5556 
40124.5339       53748.9519       1.8210e-07       -2.7059 
53748.9519       72001.2440       0.0000e+00       -1.4480 
53748.9519       72001.2440       1.2426e-08       -0.8592 
53748.9519       72001.2440       2.4851e-08       -0.5449 
53748.9519       72001.2440       3.7277e-08       -0.3473 
53748.9519       72001.2440       4.9702e-08       -0.2152 
53748.9519       72001.2440       6.2128e-08       -0.1254 
53748.9519       72001.2440       7.4553e-08       -0.0653 
53748.9519       72001.2440       8.6979e-08       -0.0274 
53748.9519       72001.2440       9.9404e-08       -0.0068 
53748.9519       72001.2440       1.1183e-07       0.0000 
53748.9519       72001.2440       1.5864e-07       -0.0630 
53748.9519       72001.2440       2.0544e-07       -0.2193 
53748.9519       72001.2440       2.5225e-07       -0.4351 
53748.9519       72001.2440       2.9905e-07       -0.6926 
53748.9519       72001.2440       3.4586e-07       -0.9813 
53748.9519       72001.2440       3.9267e-07       -1.2942 
53748.9519       72001.2440       4.3947e-07       -1.6265 
53748.9519       72001.2440       4.8628e-07       -1.9747 
53748.9519       72001.2440       5.3309e-07       -2.3363 
53748.9519       72001.2440       5.7989e-07       -2.7093 
72001.2440       96449.5043       0.0000e+00       0.0000 
72001.2440       96449.5043       5.2218e-13       -0.0000 
72001.2440       96449.5043       1.7960e-08       -0.1503 
72001.2440       96449.5043       3.5919e-08       -0.3007 
72001.2440       96449.5043       5.3878e-08       -0.4510 
72001.2440       96449.5043       7.1837e-08       -0.6013 
72001.2440       96449.5043       8.9796e-08       -0.7516 
72001.2440       96449.5043       1.0775e-07       -0.9020 
72001.2440       96449.5043       1.2571e-07       -1.0523 
72001.2440       96449.5043       1.4367e-07       -1.2026 
72001.2440       96449.5043       1.6163e-07       -1.3529 
72001.2440       96449.5043       1.7959e-07       -1.5033 
72001.2440       96449.5043       1.9755e-07       -1.6536 
72001.2440       96449.5043       2.1551e-07       -1.8039 
72001.2440       96449.5043       2.3347e-07       -1.9543 
72001.2440       96449.5043       2.5143e-07       -2.1046 
72001.2440       96449.5043       2.6939e-07       -2.2549 
72001.2440       96449.5043       2.8735e-07       -2.4052 
72001.2440       96449.5043       3.0530e-07       -2.5556 
72001.2440       96449.5043       3.2326e-07       -2.7059 
96449.5043       129199.2522       0.0000e+00       -0.0000 
96449.5043       129199.2522       1.2635e-14       0.0000 
96449.5043       129199.2522       2.4206e-08       -0.1503 
96449.5043       129199.2522       4.8412e-08       -0.3007 
96449.5043       129199.2522       7.2618e-08       -0.4510 
96449.5043       129199.2522       9.6824e-08       -0.6013 
96449.5043       129199.2522       1.2103e-07       -0.7516 
96449.5043       129199.2522       1.4524e-07       -0.9020 
96449.5043       129199.2522       1.6944e-07       -1.0523 
96449.5043       129199.2522       1.9365e-07       -1.2026 
96449.5043       129199.2522       2.1785e-07       -1.3529 
96449.5043       129199.2522       2.4206e-07       -1.5033 
96449.5043       129199.2522       2.6627e-07       -1.6536 
96449.5043       129199.2522       2.9047e-07       -1.8039 
96449.5043       129199.2522       3.1468e-07       -1.9543 
96449.5043       129199.2522       3.3888e-07       -2.1046 
96449.5043       129199.2522       3.6309e-07       -2.2549 
96449.5043       129199.2522       3.8730e-07       -2.4052 
96449.5043       129199.2522       4.1150e-07       -2.5556 
96449.5043       129199.2522       4.3571e-07       -2.7059 
129199.2522       173069.2852       0.0000e+00       -0.0000 
129199.2522       173069.2852       1.0148e-14       0.0000 
129199.2522       173069.2852       3.3596e-08       -0.1502 
129199.2522       173069.2852       6.7193e-08       -0.3003 
129199.2522       173069.2852       1.0079e-07       -0.4505 
129199.2522       173069.2852       1.3439e-07       -0.6007 
129199.2522       173069.2852       1.6798e-07       -0.7510 
129199.2522       173069.2852       2.0158e-07       -0.9012 
129199.2522       173069.2852       2.3518e-07       -1.0515 
129199.2522       173069.2852       2.6877e-07       -1.2018 
129199.2522       173069.2852       3.0237e-07       -1.3521 
129199.2522       173069.2852       3.3596e-07       -1.5025 
129199.2522       173069.2852       3.6956e-07       -1.6528 
129199.2522       173069.2852       4.0316e-07       -1.8032 
129199.2522       173069.2852       4.3675e-07       -1.9536 
129199.2522       173069.2852       4.7035e-07       -2.1040 
129199.2522       173069.2852       5.0395e-07       -2.2545 
129199.2522       173069.2852       5.3754e-07       -2.4049 
129199.2522       173069.2852       5.7114e-07       -2.5554 
129199.2522       173069.2852       6.0474e-07       -2.7059 
173069.2852       231840.8711       0.0000e+00       -0.0000 
173069.2852       231840.8711       9.9882e-15       0.0000 
173069.2852       231840.8711       4.3832e-08       -0.1503 
173069.2852       231840.8711       8.7664e-08       -0.3007 
173069.2852       231840.8711       1.3150e-07       -0.4510 
173069.2852       231840.8711       1.7533e-07       -0.6013 
173069.2852       231840.8711       2.1916e-07       -0.7516 
173069.2852       231840.8711       2.6299e-07       -0.9020 
173069.2852       231840.8711       3.0682e-07       -1.0523 
173069.2852       231840.8711       3.5066e-07       -1.2026 
173069.2852       231840.8711       3.9449e-07       -1.3529 
173069.2852       231840.8711       4.3832e-07       -1.5033 
173069.2852       231840.8711       4.8215e-07       -1.6536 
173069.2852       231840.8711       5.2598e-07       -1.8039 
173069.2852       231840.8711       5.6982e-07       -1.9543 
173069.2852       231840.8711       6.1365e-07       -2.1046 
173069.2852       231840.8711       6.5748e-07       -2.2549 
173069.2852       231840.8711       7.0131e-07       -2.4052 
173069.2852       231840.8711       7.4514e-07       -2.5556 
173069.2852       231840.8711       7.8898e-07       -2.7059 
231840.8711       310563.2050       0.0000e+00       -0.0000 
231840.8711       310563.2050       2.0409e-12       0.0000 
231840.8711       310563.2050       5.9008e-08       -0.1503 
231840.8711       310563.2050       1.1801e-07       -0.3007 
231840.8711       310563.2050       1.7702e-07       -0.4510 
231840.8711       310563.2050       2.3603e-07       -0.6013 
231840.8711       310563.2050       2.9503e-07       -0.7516 
231840.8711       310563.2050       3.5404e-07       -0.9020 
231840.8711       310563.2050       4.1304e-07       -1.0523 
231840.8711       310563.2050       4.7205e-07       -1.2026 
231840.8711       310563.2050       5.3106e-07       -1.3529 
231840.8711       310563.2050       5.9006e-07       -1.5033 
231840.8711       310563.2050       6.4907e-07       -1.6536 
231840.8711       310563.2050       7.0807e-07       -1.8039 
231840.8711       310563.2050       7.6708e-07       -1.9543 
231840.8711       310563.2050       8.2609e-07       -2.1046 
231840.8711       310563.2050       8.8509e-07       -2.2549 
231840.8711       310563.2050       9.4410e-07       -2.4052 
231840.8711       310563.2050       1.0031e-06       -2.5556 
231840.8711       310563.2050       1.0621e-06       -2.7059 
310563.2050       416015.9675       0.0000e+00       -0.0000 
310563.2050       416015.9675       9.8953e-15       0.0000 
310563.2050       416015.9675       7.9638e-08       -0.1503 
310563.2050       416015.9675       1.5928e-07       -0.3007 
310563.2050       416015.9675       2.3891e-07       -0.4510 
310563.2050       416015.9675       3.1855e-07       -0.6013 
310563.2050       416015.9675       3.9819e-07       -0.7516 
310563.2050       416015.9675       4.7783e-07       -0.9020 
310563.2050       416015.9675       5.5747e-07       -1.0523 
310563.2050       416015.9675       6.3711e-07       -1.2026 
310563.2050       416015.9675       7.1674e-07       -1.3529 
310563.2050       416015.9675       7.9638e-07       -1.5033 
310563.2050       416015.9675       8.7602e-07       -1.6536 
310563.2050       416015.9675       9.5566e-07       -1.8039 
310563.2050       416015.9675       1.0353e-06       -1.9543 
310563.2050       416015.9675       1.1149e-06       -2.1046 
310563.2050       416015.9675       1.1946e-06       -2.2549 
310563.2050       416015.9675       1.2742e-06       -2.4052 
310563.2050       416015.9675       1.3539e-06       -2.5556 
310563.2050       416015.9675       1.4335e-06       -2.7059 
416015.9675       557275.5639       0.0000e+00       -0.0000 
416015.9675       557275.5639       1.9836e-14       0.0000 
416015.9675       557275.5639       1.0806e-07       -0.1503 
416015.9675       557275.5639       2.1611e-07       -0.3007 
416015.9675       557275.5639       3.2417e-07       -0.4510 
416015.9675       557275.5639       4.3223e-07       -0.6013 
416015.9675       557275.5639       5.4028e-07       -0.7516 
416015.9675       557275.5639       6.4834e-07       -0.9020 
416015.9675       557275.5639       7.5639e-07       -1.0523 
416015.9675       557275.5639       8.6445e-07       -1.2026 
416015.9675       557275.5639       9.7251e-07       -1.3529 
416015.9675       557275.5639       1.0806e-06       -1.5033 
416015.9675       557275.5639       1.1886e-06       -1.6536 
416015.9675       557275.5639       1.2967e-06       -1.8039 
416015.9675       557275.5639       1.4047e-06       -1.9543 
416015.9675       557275.5639       1.5128e-06       -2.1046 
416015.9675       557275.5639       1.6208e-06       -2.2549 
416015.9675       557275.5639       1.7289e-06       -2.4052 
416015.9675       557275.5639       1.8370e-06       -2.5556 
416015.9675       557275.5639       1.9450e-06       -2.7059 
557275.5639       746517.5120       0.0000e+00       -0.0000 
557275.5639       746517.5120       1.1792e-14       0.0000 
557275.5639       746517.5120       1.4830e-07       -0.1503 
557275.5639       746517.5120       2.9661e-07       -0.3007 
557275.5639       746517.5120       4.4491e-07       -0.4510 
557275.5639       746517.5120       5.9322e-07       -0.6013 
557275.5639       746517.5120       7.4152e-07       -0.7516 
557275.5639       746517.5120       8.8983e-07       -0.9020 
557275.5639       746517.5120       1.0381e-06       -1.0523 
557275.5639       746517.5120       1.1864e-06       -1.2026 
557275.5639       746517.5120       1.3347e-06       -1.3529 
557275.5639       746517.5120       1.4830e-06       -1.5033 
557275.5639       746517.5120       1.6314e-06       -1.6536 
557275.5639       746517.5120       1.7797e-06       -1.8039 
557275.5639       746517.5120       1.9280e-06       -1.9543 
557275.5639       746517.5120       2.0763e-06       -2.1046 
557275.5639       746517.5120       2.2246e-06       -2.2549 
557275.5639       746517.5120       2.3729e-06       -2.4052 
557275.5639       746517.5120       2.5212e-06       -2.5556 
557275.5639       746517.5120       2.6695e-06       -2.7059 
746517.5120       1000000.0000       0.0000e+00       0.0000 
746517.5120       1000000.0000       9.4663e-15       -0.0000 
746517.5120       1000000.0000       2.1502e-07       -0.1503 
746517.5120       1000000.0000       4.3003e-07       -0.3007 
746517.5120       1000000.0000       6.4505e-07       -0.4510 
746517.5120       1000000.0000       8.6006e-07       -0.6013 
746517.5120       1000000.0000       1.0751e-06       -0.7516 
746517.5120       1000000.0000       1.2901e-06       -0.9020 
746517.5120       1000000.0000       1.5051e-06       -1.0523 
746517.5120       1000000.0000       1.7201e-06       -1.2026 
746517.5120       1000000.0000       1.9351e-06       -1.3530 
746517.5120       1000000.0000       2.1502e-06       -1.5033 
746517.5120       1000000.0000       2.3652e-06       -1.6536 
746517.5120       1000000.0000       2.5802e-06       -1.8039 
746517.5120       1000000.0000       2.7952e-06       -1.9543 
746517.5120       1000000.0000       3.0102e-06       -2.1046 
746517.5120       1000000.0000       3.2252e-06       -2.2549 
746517.5120       1000000.0000       3.4402e-06       -2.4052 
746517.5120       1000000.0000       3.6553e-06       -2.5556 
746517.5120       1000000.0000       3.8703e-06       -2.7059 
