#Bootes_2  Log10(Jfactor)=20.320   sigmaJ=0.950 
#[0]emin(MeV) [1]emax(MeV) [2]eflux(MeV/cm^2/s) [3]deltaLogLike 
500.0000       669.7766       0.0000e+00       0.0000 
500.0000       669.7766       1.6113e-13       -0.0000 
500.0000       669.7766       4.9693e-09       -0.0451 
500.0000       669.7766       9.9384e-09       -0.1043 
500.0000       669.7766       1.4908e-08       -0.1773 
500.0000       669.7766       1.9877e-08       -0.2636 
500.0000       669.7766       2.4846e-08       -0.3630 
500.0000       669.7766       2.9815e-08       -0.4750 
500.0000       669.7766       3.4784e-08       -0.5994 
500.0000       669.7766       3.9753e-08       -0.7357 
500.0000       669.7766       4.4722e-08       -0.8838 
500.0000       669.7766       4.9691e-08       -1.0434 
500.0000       669.7766       5.4661e-08       -1.2142 
500.0000       669.7766       5.9630e-08       -1.3959 
500.0000       669.7766       6.4599e-08       -1.5883 
500.0000       669.7766       6.9568e-08       -1.7912 
500.0000       669.7766       7.4537e-08       -2.0043 
500.0000       669.7766       7.9506e-08       -2.2275 
500.0000       669.7766       8.4475e-08       -2.4606 
500.0000       669.7766       8.9445e-08       -2.7033 
669.7766       897.2222       0.0000e+00       -0.0554 
669.7766       897.2222       1.1052e-08       0.0000 
669.7766       897.2222       1.5949e-08       -0.0104 
669.7766       897.2222       2.0847e-08       -0.0410 
669.7766       897.2222       2.5744e-08       -0.0907 
669.7766       897.2222       3.0642e-08       -0.1590 
669.7766       897.2222       3.5539e-08       -0.2449 
669.7766       897.2222       4.0437e-08       -0.3480 
669.7766       897.2222       4.5334e-08       -0.4675 
669.7766       897.2222       5.0231e-08       -0.6029 
669.7766       897.2222       5.5129e-08       -0.7537 
669.7766       897.2222       6.0026e-08       -0.9193 
669.7766       897.2222       6.4924e-08       -1.0994 
669.7766       897.2222       6.9821e-08       -1.2935 
669.7766       897.2222       7.4719e-08       -1.5011 
669.7766       897.2222       7.9616e-08       -1.7219 
669.7766       897.2222       8.4513e-08       -1.9556 
669.7766       897.2222       8.9411e-08       -2.2017 
669.7766       897.2222       9.4308e-08       -2.4601 
669.7766       897.2222       9.9206e-08       -2.7303 
897.2222       1201.8769       0.0000e+00       0.0000 
897.2222       1201.8769       3.6067e-13       -0.0000 
897.2222       1201.8769       2.7835e-09       -0.0722 
897.2222       1201.8769       5.5666e-09       -0.1564 
897.2222       1201.8769       8.3497e-09       -0.2519 
897.2222       1201.8769       1.1133e-08       -0.3579 
897.2222       1201.8769       1.3916e-08       -0.4739 
897.2222       1201.8769       1.6699e-08       -0.5994 
897.2222       1201.8769       1.9482e-08       -0.7338 
897.2222       1201.8769       2.2265e-08       -0.8768 
897.2222       1201.8769       2.5048e-08       -1.0280 
897.2222       1201.8769       2.7832e-08       -1.1869 
897.2222       1201.8769       3.0615e-08       -1.3533 
897.2222       1201.8769       3.3398e-08       -1.5269 
897.2222       1201.8769       3.6181e-08       -1.7074 
897.2222       1201.8769       3.8964e-08       -1.8945 
897.2222       1201.8769       4.1747e-08       -2.0880 
897.2222       1201.8769       4.4530e-08       -2.2877 
897.2222       1201.8769       4.7313e-08       -2.4934 
897.2222       1201.8769       5.0097e-08       -2.7048 
1201.8769       1609.9782       0.0000e+00       -0.9884 
1201.8769       1609.9782       3.5552e-09       -0.7555 
1201.8769       1609.9782       7.1104e-09       -0.5606 
1201.8769       1609.9782       1.0666e-08       -0.3998 
1201.8769       1609.9782       1.4221e-08       -0.2697 
1201.8769       1609.9782       1.7776e-08       -0.1678 
1201.8769       1609.9782       2.1331e-08       -0.0917 
1201.8769       1609.9782       2.4886e-08       -0.0394 
1201.8769       1609.9782       2.8442e-08       -0.0094 
1201.8769       1609.9782       3.1997e-08       0.0000 
1201.8769       1609.9782       3.8931e-08       -0.0365 
1201.8769       1609.9782       4.5866e-08       -0.1387 
1201.8769       1609.9782       5.2801e-08       -0.2999 
1201.8769       1609.9782       5.9735e-08       -0.5148 
1201.8769       1609.9782       6.6670e-08       -0.7787 
1201.8769       1609.9782       7.3604e-08       -1.0876 
1201.8769       1609.9782       8.0539e-08       -1.4382 
1201.8769       1609.9782       8.7474e-08       -1.8276 
1201.8769       1609.9782       9.4408e-08       -2.2531 
1201.8769       1609.9782       1.0134e-07       -2.7125 
1609.9782       2156.6516       0.0000e+00       -0.0000 
1609.9782       2156.6516       7.0022e-14       0.0000 
1609.9782       2156.6516       2.5623e-09       -0.0957 
1609.9782       2156.6516       5.1245e-09       -0.2002 
1609.9782       2156.6516       7.6866e-09       -0.3127 
1609.9782       2156.6516       1.0249e-08       -0.4327 
1609.9782       2156.6516       1.2811e-08       -0.5597 
1609.9782       2156.6516       1.5373e-08       -0.6933 
1609.9782       2156.6516       1.7935e-08       -0.8330 
1609.9782       2156.6516       2.0498e-08       -0.9787 
1609.9782       2156.6516       2.3060e-08       -1.1298 
1609.9782       2156.6516       2.5622e-08       -1.2863 
1609.9782       2156.6516       2.8184e-08       -1.4478 
1609.9782       2156.6516       3.0746e-08       -1.6142 
1609.9782       2156.6516       3.3309e-08       -1.7852 
1609.9782       2156.6516       3.5871e-08       -1.9607 
1609.9782       2156.6516       3.8433e-08       -2.1404 
1609.9782       2156.6516       4.0995e-08       -2.3243 
1609.9782       2156.6516       4.3557e-08       -2.5122 
1609.9782       2156.6516       4.6119e-08       -2.7040 
2156.6516       2889.0164       0.0000e+00       -1.5709 
2156.6516       2889.0164       3.2923e-09       -1.1276 
2156.6516       2889.0164       6.5845e-09       -0.7964 
2156.6516       2889.0164       9.8768e-09       -0.5453 
2156.6516       2889.0164       1.3169e-08       -0.3556 
2156.6516       2889.0164       1.6461e-08       -0.2149 
2156.6516       2889.0164       1.9754e-08       -0.1145 
2156.6516       2889.0164       2.3046e-08       -0.0483 
2156.6516       2889.0164       2.6338e-08       -0.0113 
2156.6516       2889.0164       2.9630e-08       0.0000 
2156.6516       2889.0164       3.6237e-08       -0.0431 
2156.6516       2889.0164       4.2844e-08       -0.1597 
2156.6516       2889.0164       4.9451e-08       -0.3372 
2156.6516       2889.0164       5.6058e-08       -0.5664 
2156.6516       2889.0164       6.2665e-08       -0.8400 
2156.6516       2889.0164       6.9271e-08       -1.1528 
2156.6516       2889.0164       7.5878e-08       -1.5001 
2156.6516       2889.0164       8.2485e-08       -1.8785 
2156.6516       2889.0164       8.9092e-08       -2.2848 
2156.6516       2889.0164       9.5699e-08       -2.7168 
2889.0164       3869.9914       0.0000e+00       -0.0196 
2889.0164       3869.9914       5.0274e-09       0.0000 
2889.0164       3869.9914       9.2626e-09       -0.0148 
2889.0164       3869.9914       1.3498e-08       -0.0544 
2889.0164       3869.9914       1.7733e-08       -0.1162 
2889.0164       3869.9914       2.1968e-08       -0.1979 
2889.0164       3869.9914       2.6203e-08       -0.2975 
2889.0164       3869.9914       3.0438e-08       -0.4135 
2889.0164       3869.9914       3.4674e-08       -0.5445 
2889.0164       3869.9914       3.8909e-08       -0.6894 
2889.0164       3869.9914       4.3144e-08       -0.8471 
2889.0164       3869.9914       4.7379e-08       -1.0167 
2889.0164       3869.9914       5.1614e-08       -1.1974 
2889.0164       3869.9914       5.5849e-08       -1.3885 
2889.0164       3869.9914       6.0085e-08       -1.5894 
2889.0164       3869.9914       6.4320e-08       -1.7996 
2889.0164       3869.9914       6.8555e-08       -2.0184 
2889.0164       3869.9914       7.2790e-08       -2.2454 
2889.0164       3869.9914       7.7025e-08       -2.4803 
2889.0164       3869.9914       8.1260e-08       -2.7225 
3869.9914       5184.0598       0.0000e+00       -1.5754 
3869.9914       5184.0598       3.4788e-09       -1.1126 
3869.9914       5184.0598       6.9576e-09       -0.7761 
3869.9914       5184.0598       1.0436e-08       -0.5262 
3869.9914       5184.0598       1.3915e-08       -0.3404 
3869.9914       5184.0598       1.7394e-08       -0.2043 
3869.9914       5184.0598       2.0873e-08       -0.1084 
3869.9914       5184.0598       2.4352e-08       -0.0456 
3869.9914       5184.0598       2.7830e-08       -0.0107 
3869.9914       5184.0598       3.1309e-08       0.0000 
3869.9914       5184.0598       3.8900e-08       -0.0459 
3869.9914       5184.0598       4.6490e-08       -0.1688 
3869.9914       5184.0598       5.4081e-08       -0.3530 
3869.9914       5184.0598       6.1671e-08       -0.5874 
3869.9914       5184.0598       6.9262e-08       -0.8639 
3869.9914       5184.0598       7.6852e-08       -1.1764 
3869.9914       5184.0598       8.4443e-08       -1.5199 
3869.9914       5184.0598       9.2033e-08       -1.8907 
3869.9914       5184.0598       9.9624e-08       -2.2855 
3869.9914       5184.0598       1.0721e-07       -2.7017 
5184.0598       6944.3244       0.0000e+00       -1.2311 
5184.0598       6944.3244       3.3523e-09       -0.8760 
5184.0598       6944.3244       6.7045e-09       -0.6146 
5184.0598       6944.3244       1.0057e-08       -0.4186 
5184.0598       6944.3244       1.3409e-08       -0.2717 
5184.0598       6944.3244       1.6761e-08       -0.1635 
5184.0598       6944.3244       2.0114e-08       -0.0868 
5184.0598       6944.3244       2.3466e-08       -0.0365 
5184.0598       6944.3244       2.6818e-08       -0.0085 
5184.0598       6944.3244       3.0170e-08       0.0000 
5184.0598       6944.3244       3.8555e-08       -0.0486 
5184.0598       6944.3244       4.6940e-08       -0.1768 
5184.0598       6944.3244       5.5325e-08       -0.3668 
5184.0598       6944.3244       6.3710e-08       -0.6063 
5184.0598       6944.3244       7.2095e-08       -0.8866 
5184.0598       6944.3244       8.0480e-08       -1.2009 
5184.0598       6944.3244       8.8865e-08       -1.5443 
5184.0598       6944.3244       9.7250e-08       -1.9127 
5184.0598       6944.3244       1.0564e-07       -2.3029 
5184.0598       6944.3244       1.1402e-07       -2.7123 
6944.3244       9302.5069       0.0000e+00       0.0000 
6944.3244       9302.5069       3.0447e-14       -0.0000 
6944.3244       9302.5069       3.8398e-09       -0.1293 
6944.3244       9302.5069       7.6796e-09       -0.2621 
6944.3244       9302.5069       1.1519e-08       -0.3979 
6944.3244       9302.5069       1.5359e-08       -0.5367 
6944.3244       9302.5069       1.9199e-08       -0.6782 
6944.3244       9302.5069       2.3039e-08       -0.8223 
6944.3244       9302.5069       2.6879e-08       -0.9688 
6944.3244       9302.5069       3.0718e-08       -1.1175 
6944.3244       9302.5069       3.4558e-08       -1.2683 
6944.3244       9302.5069       3.8398e-08       -1.4212 
6944.3244       9302.5069       4.2238e-08       -1.5760 
6944.3244       9302.5069       4.6078e-08       -1.7325 
6944.3244       9302.5069       4.9917e-08       -1.8908 
6944.3244       9302.5069       5.3757e-08       -2.0508 
6944.3244       9302.5069       5.7597e-08       -2.2122 
6944.3244       9302.5069       6.1437e-08       -2.3752 
6944.3244       9302.5069       6.5276e-08       -2.5397 
6944.3244       9302.5069       6.9116e-08       -2.7055 
9302.5069       12461.2038       0.0000e+00       -0.0013 
9302.5069       12461.2038       1.8815e-09       0.0000 
9302.5069       12461.2038       8.3087e-09       -0.0225 
9302.5069       12461.2038       1.4736e-08       -0.0782 
9302.5069       12461.2038       2.1163e-08       -0.1591 
9302.5069       12461.2038       2.7590e-08       -0.2602 
9302.5069       12461.2038       3.4017e-08       -0.3777 
9302.5069       12461.2038       4.0445e-08       -0.5090 
9302.5069       12461.2038       4.6872e-08       -0.6521 
9302.5069       12461.2038       5.3299e-08       -0.8053 
9302.5069       12461.2038       5.9726e-08       -0.9675 
9302.5069       12461.2038       6.6153e-08       -1.1377 
9302.5069       12461.2038       7.2581e-08       -1.3149 
9302.5069       12461.2038       7.9008e-08       -1.4984 
9302.5069       12461.2038       8.5435e-08       -1.6877 
9302.5069       12461.2038       9.1862e-08       -1.8823 
9302.5069       12461.2038       9.8289e-08       -2.0817 
9302.5069       12461.2038       1.0472e-07       -2.2855 
9302.5069       12461.2038       1.1114e-07       -2.4934 
9302.5069       12461.2038       1.1757e-07       -2.7051 
12461.2038       16692.4468       0.0000e+00       -0.0000 
12461.2038       16692.4468       9.2276e-15       0.0000 
12461.2038       16692.4468       4.1990e-09       -0.1497 
12461.2038       16692.4468       8.3980e-09       -0.2995 
12461.2038       16692.4468       1.2597e-08       -0.4494 
12461.2038       16692.4468       1.6796e-08       -0.5993 
12461.2038       16692.4468       2.0995e-08       -0.7494 
12461.2038       16692.4468       2.5194e-08       -0.8995 
12461.2038       16692.4468       2.9393e-08       -1.0496 
12461.2038       16692.4468       3.3592e-08       -1.1999 
12461.2038       16692.4468       3.7791e-08       -1.3502 
12461.2038       16692.4468       4.1990e-08       -1.5005 
12461.2038       16692.4468       4.6189e-08       -1.6510 
12461.2038       16692.4468       5.0388e-08       -1.8015 
12461.2038       16692.4468       5.4587e-08       -1.9521 
12461.2038       16692.4468       5.8786e-08       -2.1027 
12461.2038       16692.4468       6.2985e-08       -2.2534 
12461.2038       16692.4468       6.7184e-08       -2.4042 
12461.2038       16692.4468       7.1383e-08       -2.5550 
12461.2038       16692.4468       7.5582e-08       -2.7059 
16692.4468       22360.9371       0.0000e+00       0.0000 
16692.4468       22360.9371       8.5196e-15       -0.0000 
16692.4468       22360.9371       7.8865e-09       -0.1276 
16692.4468       22360.9371       1.5773e-08       -0.2590 
16692.4468       22360.9371       2.3659e-08       -0.3939 
16692.4468       22360.9371       3.1546e-08       -0.5320 
16692.4468       22360.9371       3.9432e-08       -0.6730 
16692.4468       22360.9371       4.7319e-08       -0.8168 
16692.4468       22360.9371       5.5205e-08       -0.9632 
16692.4468       22360.9371       6.3092e-08       -1.1120 
16692.4468       22360.9371       7.0978e-08       -1.2630 
16692.4468       22360.9371       7.8864e-08       -1.4162 
16692.4468       22360.9371       8.6751e-08       -1.5713 
16692.4468       22360.9371       9.4637e-08       -1.7284 
16692.4468       22360.9371       1.0252e-07       -1.8872 
16692.4468       22360.9371       1.1041e-07       -2.0477 
16692.4468       22360.9371       1.1830e-07       -2.2098 
16692.4468       22360.9371       1.2618e-07       -2.3734 
16692.4468       22360.9371       1.3407e-07       -2.5384 
16692.4468       22360.9371       1.4196e-07       -2.7048 
22360.9371       29953.6672       0.0000e+00       -1.7251 
22360.9371       29953.6672       5.1542e-09       -0.9272 
22360.9371       29953.6672       1.0308e-08       -0.5635 
22360.9371       29953.6672       1.5463e-08       -0.3494 
22360.9371       29953.6672       2.0617e-08       -0.2119 
22360.9371       29953.6672       2.5771e-08       -0.1212 
22360.9371       29953.6672       3.0925e-08       -0.0619 
22360.9371       29953.6672       3.6080e-08       -0.0254 
22360.9371       29953.6672       4.1234e-08       -0.0060 
22360.9371       29953.6672       4.6388e-08       0.0000 
22360.9371       29953.6672       6.7955e-08       -0.0725 
22360.9371       29953.6672       8.9522e-08       -0.2413 
22360.9371       29953.6672       1.1109e-07       -0.4662 
22360.9371       29953.6672       1.3266e-07       -0.7280 
22360.9371       29953.6672       1.5422e-07       -1.0159 
22360.9371       29953.6672       1.7579e-07       -1.3235 
22360.9371       29953.6672       1.9736e-07       -1.6464 
22360.9371       29953.6672       2.1892e-07       -1.9816 
22360.9371       29953.6672       2.4049e-07       -2.3269 
22360.9371       29953.6672       2.6206e-07       -2.6807 
29953.6672       40124.5339       0.0000e+00       -0.0000 
29953.6672       40124.5339       8.1216e-15       0.0000 
29953.6672       40124.5339       9.2595e-09       -0.1501 
29953.6672       40124.5339       1.8519e-08       -0.3002 
29953.6672       40124.5339       2.7778e-08       -0.4504 
29953.6672       40124.5339       3.7038e-08       -0.6005 
29953.6672       40124.5339       4.6297e-08       -0.7508 
29953.6672       40124.5339       5.5557e-08       -0.9010 
29953.6672       40124.5339       6.4816e-08       -1.0512 
29953.6672       40124.5339       7.4076e-08       -1.2015 
29953.6672       40124.5339       8.3335e-08       -1.3519 
29953.6672       40124.5339       9.2595e-08       -1.5022 
29953.6672       40124.5339       1.0185e-07       -1.6526 
29953.6672       40124.5339       1.1111e-07       -1.8030 
29953.6672       40124.5339       1.2037e-07       -1.9534 
29953.6672       40124.5339       1.2963e-07       -2.1038 
29953.6672       40124.5339       1.3889e-07       -2.2543 
29953.6672       40124.5339       1.4815e-07       -2.4048 
29953.6672       40124.5339       1.5741e-07       -2.5553 
29953.6672       40124.5339       1.6667e-07       -2.7059 
40124.5339       53748.9519       0.0000e+00       -0.0000 
40124.5339       53748.9519       9.8737e-15       0.0000 
40124.5339       53748.9519       1.1950e-08       -0.1503 
40124.5339       53748.9519       2.3900e-08       -0.3005 
40124.5339       53748.9519       3.5850e-08       -0.4508 
40124.5339       53748.9519       4.7800e-08       -0.6011 
40124.5339       53748.9519       5.9750e-08       -0.7514 
40124.5339       53748.9519       7.1700e-08       -0.9017 
40124.5339       53748.9519       8.3650e-08       -1.0520 
40124.5339       53748.9519       9.5600e-08       -1.2023 
40124.5339       53748.9519       1.0755e-07       -1.3526 
40124.5339       53748.9519       1.1950e-07       -1.5030 
40124.5339       53748.9519       1.3145e-07       -1.6533 
40124.5339       53748.9519       1.4340e-07       -1.8037 
40124.5339       53748.9519       1.5535e-07       -1.9540 
40124.5339       53748.9519       1.6730e-07       -2.1044 
40124.5339       53748.9519       1.7925e-07       -2.2547 
40124.5339       53748.9519       1.9120e-07       -2.4051 
40124.5339       53748.9519       2.0315e-07       -2.5555 
40124.5339       53748.9519       2.1510e-07       -2.7059 
53748.9519       72001.2440       0.0000e+00       -0.0000 
53748.9519       72001.2440       8.4451e-14       0.0000 
53748.9519       72001.2440       1.5910e-08       -0.1503 
53748.9519       72001.2440       3.1820e-08       -0.3005 
53748.9519       72001.2440       4.7730e-08       -0.4508 
53748.9519       72001.2440       6.3641e-08       -0.6011 
53748.9519       72001.2440       7.9551e-08       -0.7514 
53748.9519       72001.2440       9.5461e-08       -0.9017 
53748.9519       72001.2440       1.1137e-07       -1.0520 
53748.9519       72001.2440       1.2728e-07       -1.2023 
53748.9519       72001.2440       1.4319e-07       -1.3526 
53748.9519       72001.2440       1.5910e-07       -1.5030 
53748.9519       72001.2440       1.7501e-07       -1.6533 
53748.9519       72001.2440       1.9092e-07       -1.8037 
53748.9519       72001.2440       2.0683e-07       -1.9540 
53748.9519       72001.2440       2.2274e-07       -2.1044 
53748.9519       72001.2440       2.3865e-07       -2.2547 
53748.9519       72001.2440       2.5456e-07       -2.4051 
53748.9519       72001.2440       2.7047e-07       -2.5555 
53748.9519       72001.2440       2.8638e-07       -2.7059 
72001.2440       96449.5043       0.0000e+00       -0.0000 
72001.2440       96449.5043       4.0525e-14       0.0000 
72001.2440       96449.5043       2.1442e-08       -0.1503 
72001.2440       96449.5043       4.2884e-08       -0.3006 
72001.2440       96449.5043       6.4326e-08       -0.4508 
72001.2440       96449.5043       8.5768e-08       -0.6011 
72001.2440       96449.5043       1.0721e-07       -0.7514 
72001.2440       96449.5043       1.2865e-07       -0.9017 
72001.2440       96449.5043       1.5009e-07       -1.0521 
72001.2440       96449.5043       1.7154e-07       -1.2024 
72001.2440       96449.5043       1.9298e-07       -1.3527 
72001.2440       96449.5043       2.1442e-07       -1.5030 
72001.2440       96449.5043       2.3586e-07       -1.6534 
72001.2440       96449.5043       2.5731e-07       -1.8037 
72001.2440       96449.5043       2.7875e-07       -1.9541 
72001.2440       96449.5043       3.0019e-07       -2.1044 
72001.2440       96449.5043       3.2163e-07       -2.2548 
72001.2440       96449.5043       3.4307e-07       -2.4051 
72001.2440       96449.5043       3.6452e-07       -2.5555 
72001.2440       96449.5043       3.8596e-07       -2.7059 
96449.5043       129199.2522       0.0000e+00       -0.0000 
96449.5043       129199.2522       2.5084e-14       0.0000 
96449.5043       129199.2522       2.8273e-08       -0.1503 
96449.5043       129199.2522       5.6545e-08       -0.3007 
96449.5043       129199.2522       8.4818e-08       -0.4510 
96449.5043       129199.2522       1.1309e-07       -0.6013 
96449.5043       129199.2522       1.4136e-07       -0.7516 
96449.5043       129199.2522       1.6964e-07       -0.9020 
96449.5043       129199.2522       1.9791e-07       -1.0523 
96449.5043       129199.2522       2.2618e-07       -1.2026 
96449.5043       129199.2522       2.5445e-07       -1.3529 
96449.5043       129199.2522       2.8273e-07       -1.5033 
96449.5043       129199.2522       3.1100e-07       -1.6536 
96449.5043       129199.2522       3.3927e-07       -1.8039 
96449.5043       129199.2522       3.6754e-07       -1.9543 
96449.5043       129199.2522       3.9582e-07       -2.1046 
96449.5043       129199.2522       4.2409e-07       -2.2549 
96449.5043       129199.2522       4.5236e-07       -2.4052 
96449.5043       129199.2522       4.8064e-07       -2.5556 
96449.5043       129199.2522       5.0891e-07       -2.7059 
129199.2522       173069.2852       0.0000e+00       -0.0000 
129199.2522       173069.2852       1.8933e-13       0.0000 
129199.2522       173069.2852       3.8155e-08       -0.1503 
129199.2522       173069.2852       7.6309e-08       -0.3007 
129199.2522       173069.2852       1.1446e-07       -0.4510 
129199.2522       173069.2852       1.5262e-07       -0.6013 
129199.2522       173069.2852       1.9077e-07       -0.7516 
129199.2522       173069.2852       2.2893e-07       -0.9020 
129199.2522       173069.2852       2.6708e-07       -1.0523 
129199.2522       173069.2852       3.0524e-07       -1.2026 
129199.2522       173069.2852       3.4339e-07       -1.3529 
129199.2522       173069.2852       3.8155e-07       -1.5033 
129199.2522       173069.2852       4.1970e-07       -1.6536 
129199.2522       173069.2852       4.5786e-07       -1.8039 
129199.2522       173069.2852       4.9601e-07       -1.9543 
129199.2522       173069.2852       5.3417e-07       -2.1046 
129199.2522       173069.2852       5.7232e-07       -2.2549 
129199.2522       173069.2852       6.1047e-07       -2.4052 
129199.2522       173069.2852       6.4863e-07       -2.5556 
129199.2522       173069.2852       6.8678e-07       -2.7059 
173069.2852       231840.8711       0.0000e+00       -0.0000 
173069.2852       231840.8711       2.4139e-14       0.0000 
173069.2852       231840.8711       5.1328e-08       -0.1503 
173069.2852       231840.8711       1.0266e-07       -0.3007 
173069.2852       231840.8711       1.5398e-07       -0.4510 
173069.2852       231840.8711       2.0531e-07       -0.6013 
173069.2852       231840.8711       2.5664e-07       -0.7516 
173069.2852       231840.8711       3.0797e-07       -0.9020 
173069.2852       231840.8711       3.5930e-07       -1.0523 
173069.2852       231840.8711       4.1063e-07       -1.2026 
173069.2852       231840.8711       4.6195e-07       -1.3529 
173069.2852       231840.8711       5.1328e-07       -1.5033 
173069.2852       231840.8711       5.6461e-07       -1.6536 
173069.2852       231840.8711       6.1594e-07       -1.8039 
173069.2852       231840.8711       6.6727e-07       -1.9543 
173069.2852       231840.8711       7.1860e-07       -2.1046 
173069.2852       231840.8711       7.6992e-07       -2.2549 
173069.2852       231840.8711       8.2125e-07       -2.4052 
173069.2852       231840.8711       8.7258e-07       -2.5556 
173069.2852       231840.8711       9.2391e-07       -2.7059 
231840.8711       310563.2050       0.0000e+00       -0.0000 
231840.8711       310563.2050       6.0684e-15       0.0000 
231840.8711       310563.2050       7.1534e-08       -0.1501 
231840.8711       310563.2050       1.4307e-07       -0.3002 
231840.8711       310563.2050       2.1460e-07       -0.4503 
231840.8711       310563.2050       2.8614e-07       -0.6005 
231840.8711       310563.2050       3.5767e-07       -0.7507 
231840.8711       310563.2050       4.2920e-07       -0.9009 
231840.8711       310563.2050       5.0074e-07       -1.0511 
231840.8711       310563.2050       5.7227e-07       -1.2014 
231840.8711       310563.2050       6.4381e-07       -1.3517 
231840.8711       310563.2050       7.1534e-07       -1.5021 
231840.8711       310563.2050       7.8687e-07       -1.6525 
231840.8711       310563.2050       8.5841e-07       -1.8029 
231840.8711       310563.2050       9.2994e-07       -1.9533 
231840.8711       310563.2050       1.0015e-06       -2.1038 
231840.8711       310563.2050       1.0730e-06       -2.2543 
231840.8711       310563.2050       1.1445e-06       -2.4048 
231840.8711       310563.2050       1.2161e-06       -2.5553 
231840.8711       310563.2050       1.2876e-06       -2.7059 
310563.2050       416015.9675       0.0000e+00       0.0000 
310563.2050       416015.9675       5.6438e-15       -0.0000 
310563.2050       416015.9675       9.3312e-08       -0.1503 
310563.2050       416015.9675       1.8662e-07       -0.3007 
310563.2050       416015.9675       2.7993e-07       -0.4510 
310563.2050       416015.9675       3.7325e-07       -0.6013 
310563.2050       416015.9675       4.6656e-07       -0.7516 
310563.2050       416015.9675       5.5987e-07       -0.9020 
310563.2050       416015.9675       6.5318e-07       -1.0523 
310563.2050       416015.9675       7.4649e-07       -1.2026 
310563.2050       416015.9675       8.3980e-07       -1.3530 
310563.2050       416015.9675       9.3311e-07       -1.5033 
310563.2050       416015.9675       1.0264e-06       -1.6536 
310563.2050       416015.9675       1.1197e-06       -1.8039 
310563.2050       416015.9675       1.2130e-06       -1.9543 
310563.2050       416015.9675       1.3064e-06       -2.1046 
310563.2050       416015.9675       1.3997e-06       -2.2549 
310563.2050       416015.9675       1.4930e-06       -2.4052 
310563.2050       416015.9675       1.5863e-06       -2.5556 
310563.2050       416015.9675       1.6796e-06       -2.7059 
416015.9675       557275.5639       0.0000e+00       0.0000 
416015.9675       557275.5639       5.4063e-15       -0.0000 
416015.9675       557275.5639       1.2747e-07       -0.1503 
416015.9675       557275.5639       2.5495e-07       -0.3007 
416015.9675       557275.5639       3.8242e-07       -0.4510 
416015.9675       557275.5639       5.0990e-07       -0.6013 
416015.9675       557275.5639       6.3737e-07       -0.7516 
416015.9675       557275.5639       7.6485e-07       -0.9020 
416015.9675       557275.5639       8.9232e-07       -1.0523 
416015.9675       557275.5639       1.0198e-06       -1.2026 
416015.9675       557275.5639       1.1473e-06       -1.3529 
416015.9675       557275.5639       1.2747e-06       -1.5033 
416015.9675       557275.5639       1.4022e-06       -1.6536 
416015.9675       557275.5639       1.5297e-06       -1.8039 
416015.9675       557275.5639       1.6572e-06       -1.9543 
416015.9675       557275.5639       1.7846e-06       -2.1046 
416015.9675       557275.5639       1.9121e-06       -2.2549 
416015.9675       557275.5639       2.0396e-06       -2.4052 
416015.9675       557275.5639       2.1671e-06       -2.5556 
416015.9675       557275.5639       2.2945e-06       -2.7059 
557275.5639       746517.5120       0.0000e+00       0.0000 
557275.5639       746517.5120       5.1798e-15       -0.0000 
557275.5639       746517.5120       1.7552e-07       -0.1503 
557275.5639       746517.5120       3.5104e-07       -0.3007 
557275.5639       746517.5120       5.2656e-07       -0.4510 
557275.5639       746517.5120       7.0207e-07       -0.6013 
557275.5639       746517.5120       8.7759e-07       -0.7516 
557275.5639       746517.5120       1.0531e-06       -0.9020 
557275.5639       746517.5120       1.2286e-06       -1.0523 
557275.5639       746517.5120       1.4041e-06       -1.2026 
557275.5639       746517.5120       1.5797e-06       -1.3529 
557275.5639       746517.5120       1.7552e-06       -1.5033 
557275.5639       746517.5120       1.9307e-06       -1.6536 
557275.5639       746517.5120       2.1062e-06       -1.8039 
557275.5639       746517.5120       2.2817e-06       -1.9543 
557275.5639       746517.5120       2.4573e-06       -2.1046 
557275.5639       746517.5120       2.6328e-06       -2.2549 
557275.5639       746517.5120       2.8083e-06       -2.4052 
557275.5639       746517.5120       2.9838e-06       -2.5556 
557275.5639       746517.5120       3.1593e-06       -2.7059 
746517.5120       1000000.0000       0.0000e+00       0.0000 
746517.5120       1000000.0000       4.9339e-15       -0.0000 
746517.5120       1000000.0000       2.5506e-07       -0.1503 
746517.5120       1000000.0000       5.1012e-07       -0.3007 
746517.5120       1000000.0000       7.6518e-07       -0.4510 
746517.5120       1000000.0000       1.0202e-06       -0.6013 
746517.5120       1000000.0000       1.2753e-06       -0.7516 
746517.5120       1000000.0000       1.5304e-06       -0.9020 
746517.5120       1000000.0000       1.7854e-06       -1.0523 
746517.5120       1000000.0000       2.0405e-06       -1.2026 
746517.5120       1000000.0000       2.2955e-06       -1.3530 
746517.5120       1000000.0000       2.5506e-06       -1.5033 
746517.5120       1000000.0000       2.8056e-06       -1.6536 
746517.5120       1000000.0000       3.0607e-06       -1.8039 
746517.5120       1000000.0000       3.3158e-06       -1.9543 
746517.5120       1000000.0000       3.5708e-06       -2.1046 
746517.5120       1000000.0000       3.8259e-06       -2.2549 
746517.5120       1000000.0000       4.0809e-06       -2.4052 
746517.5120       1000000.0000       4.3360e-06       -2.5556 
746517.5120       1000000.0000       4.5911e-06       -2.7059 
