#Willman_1  Log10(Jfactor)=19.530   sigmaJ=0.500 
#[0]emin(MeV) [1]emax(MeV) [2]eflux(MeV/cm^2/s) [3]deltaLogLike 
500.0000       669.7766       0.0000e+00       0.0000 
500.0000       669.7766       4.5008e-12       -0.0000 
500.0000       669.7766       3.7687e-09       -0.0302 
500.0000       669.7766       7.5328e-09       -0.0769 
500.0000       669.7766       1.1297e-08       -0.1394 
500.0000       669.7766       1.5061e-08       -0.2173 
500.0000       669.7766       1.8825e-08       -0.3101 
500.0000       669.7766       2.2589e-08       -0.4174 
500.0000       669.7766       2.6354e-08       -0.5387 
500.0000       669.7766       3.0118e-08       -0.6736 
500.0000       669.7766       3.3882e-08       -0.8218 
500.0000       669.7766       3.7646e-08       -0.9830 
500.0000       669.7766       4.1410e-08       -1.1567 
500.0000       669.7766       4.5174e-08       -1.3427 
500.0000       669.7766       4.8939e-08       -1.5406 
500.0000       669.7766       5.2703e-08       -1.7503 
500.0000       669.7766       5.6467e-08       -1.9714 
500.0000       669.7766       6.0231e-08       -2.2036 
500.0000       669.7766       6.3995e-08       -2.4468 
500.0000       669.7766       6.7759e-08       -2.7007 
669.7766       897.2222       0.0000e+00       0.0000 
669.7766       897.2222       2.4765e-13       -0.0000 
669.7766       897.2222       2.2067e-09       -0.0812 
669.7766       897.2222       4.4131e-09       -0.1722 
669.7766       897.2222       6.6196e-09       -0.2725 
669.7766       897.2222       8.8260e-09       -0.3820 
669.7766       897.2222       1.1032e-08       -0.5000 
669.7766       897.2222       1.3239e-08       -0.6265 
669.7766       897.2222       1.5445e-08       -0.7610 
669.7766       897.2222       1.7652e-08       -0.9032 
669.7766       897.2222       1.9858e-08       -1.0530 
669.7766       897.2222       2.2065e-08       -1.2101 
669.7766       897.2222       2.4271e-08       -1.3742 
669.7766       897.2222       2.6477e-08       -1.5451 
669.7766       897.2222       2.8684e-08       -1.7227 
669.7766       897.2222       3.0890e-08       -1.9067 
669.7766       897.2222       3.3097e-08       -2.0969 
669.7766       897.2222       3.5303e-08       -2.2933 
669.7766       897.2222       3.7510e-08       -2.4956 
669.7766       897.2222       3.9716e-08       -2.7037 
897.2222       1201.8769       0.0000e+00       -0.9639 
897.2222       1201.8769       3.0873e-09       -0.7414 
897.2222       1201.8769       6.1747e-09       -0.5536 
897.2222       1201.8769       9.2620e-09       -0.3973 
897.2222       1201.8769       1.2349e-08       -0.2699 
897.2222       1201.8769       1.5437e-08       -0.1692 
897.2222       1201.8769       1.8524e-08       -0.0934 
897.2222       1201.8769       2.1611e-08       -0.0408 
897.2222       1201.8769       2.4699e-08       -0.0101 
897.2222       1201.8769       2.7786e-08       0.0000 
897.2222       1201.8769       3.3668e-08       -0.0339 
897.2222       1201.8769       3.9550e-08       -0.1320 
897.2222       1201.8769       4.5432e-08       -0.2890 
897.2222       1201.8769       5.1314e-08       -0.5002 
897.2222       1201.8769       5.7197e-08       -0.7617 
897.2222       1201.8769       6.3079e-08       -1.0702 
897.2222       1201.8769       6.8961e-08       -1.4224 
897.2222       1201.8769       7.4843e-08       -1.8160 
897.2222       1201.8769       8.0725e-08       -2.2484 
897.2222       1201.8769       8.6607e-08       -2.7176 
1201.8769       1609.9782       0.0000e+00       -0.0000 
1201.8769       1609.9782       7.3069e-15       0.0000 
1201.8769       1609.9782       1.6790e-09       -0.0836 
1201.8769       1609.9782       3.3581e-09       -0.1786 
1201.8769       1609.9782       5.0371e-09       -0.2840 
1201.8769       1609.9782       6.7161e-09       -0.3988 
1201.8769       1609.9782       8.3952e-09       -0.5224 
1201.8769       1609.9782       1.0074e-08       -0.6538 
1201.8769       1609.9782       1.1753e-08       -0.7928 
1201.8769       1609.9782       1.3432e-08       -0.9386 
1201.8769       1609.9782       1.5111e-08       -1.0910 
1201.8769       1609.9782       1.6790e-08       -1.2495 
1201.8769       1609.9782       1.8469e-08       -1.4138 
1201.8769       1609.9782       2.0148e-08       -1.5835 
1201.8769       1609.9782       2.1827e-08       -1.7585 
1201.8769       1609.9782       2.3506e-08       -1.9383 
1201.8769       1609.9782       2.5185e-08       -2.1230 
1201.8769       1609.9782       2.6864e-08       -2.3121 
1201.8769       1609.9782       2.8544e-08       -2.5056 
1201.8769       1609.9782       3.0223e-08       -2.7031 
1609.9782       2156.6516       0.0000e+00       -0.0001 
1609.9782       2156.6516       4.1429e-13       0.0000 
1609.9782       2156.6516       2.7349e-09       -0.0439 
1609.9782       2156.6516       5.4694e-09       -0.1048 
1609.9782       2156.6516       8.2038e-09       -0.1814 
1609.9782       2156.6516       1.0938e-08       -0.2726 
1609.9782       2156.6516       1.3673e-08       -0.3775 
1609.9782       2156.6516       1.6407e-08       -0.4953 
1609.9782       2156.6516       1.9142e-08       -0.6252 
1609.9782       2156.6516       2.1876e-08       -0.7666 
1609.9782       2156.6516       2.4611e-08       -0.9189 
1609.9782       2156.6516       2.7345e-08       -1.0814 
1609.9782       2156.6516       3.0080e-08       -1.2539 
1609.9782       2156.6516       3.2814e-08       -1.4357 
1609.9782       2156.6516       3.5549e-08       -1.6264 
1609.9782       2156.6516       3.8283e-08       -1.8257 
1609.9782       2156.6516       4.1017e-08       -2.0333 
1609.9782       2156.6516       4.3752e-08       -2.2487 
1609.9782       2156.6516       4.6486e-08       -2.4718 
1609.9782       2156.6516       4.9221e-08       -2.7021 
2156.6516       2889.0164       0.0000e+00       -0.0000 
2156.6516       2889.0164       1.4071e-14       0.0000 
2156.6516       2889.0164       2.4467e-09       -0.0432 
2156.6516       2889.0164       4.8935e-09       -0.1057 
2156.6516       2889.0164       7.3402e-09       -0.1854 
2156.6516       2889.0164       9.7869e-09       -0.2806 
2156.6516       2889.0164       1.2234e-08       -0.3898 
2156.6516       2889.0164       1.4680e-08       -0.5120 
2156.6516       2889.0164       1.7127e-08       -0.6459 
2156.6516       2889.0164       1.9574e-08       -0.7908 
2156.6516       2889.0164       2.2020e-08       -0.9458 
2156.6516       2889.0164       2.4467e-08       -1.1103 
2156.6516       2889.0164       2.6914e-08       -1.2835 
2156.6516       2889.0164       2.9361e-08       -1.4651 
2156.6516       2889.0164       3.1807e-08       -1.6543 
2156.6516       2889.0164       3.4254e-08       -1.8509 
2156.6516       2889.0164       3.6701e-08       -2.0545 
2156.6516       2889.0164       3.9148e-08       -2.2645 
2156.6516       2889.0164       4.1594e-08       -2.4808 
2156.6516       2889.0164       4.4041e-08       -2.7030 
2889.0164       3869.9914       0.0000e+00       -0.6336 
2889.0164       3869.9914       1.3791e-09       -0.4652 
2889.0164       3869.9914       2.7582e-09       -0.3340 
2889.0164       3869.9914       4.1372e-09       -0.2319 
2889.0164       3869.9914       5.5163e-09       -0.1531 
2889.0164       3869.9914       6.8954e-09       -0.0938 
2889.0164       3869.9914       8.2745e-09       -0.0508 
2889.0164       3869.9914       9.6536e-09       -0.0220 
2889.0164       3869.9914       1.1033e-08       -0.0056 
2889.0164       3869.9914       1.2412e-08       0.0000 
2889.0164       3869.9914       1.7119e-08       -0.0485 
2889.0164       3869.9914       2.1827e-08       -0.1786 
2889.0164       3869.9914       2.6534e-08       -0.3706 
2889.0164       3869.9914       3.1242e-08       -0.6113 
2889.0164       3869.9914       3.5949e-08       -0.8918 
2889.0164       3869.9914       4.0657e-08       -1.2056 
2889.0164       3869.9914       4.5364e-08       -1.5477 
2889.0164       3869.9914       5.0072e-08       -1.9143 
2889.0164       3869.9914       5.4779e-08       -2.3024 
2889.0164       3869.9914       5.9486e-08       -2.7096 
3869.9914       5184.0598       0.0000e+00       -0.4160 
3869.9914       5184.0598       1.2935e-08       0.0000 
3869.9914       5184.0598       1.6194e-08       -0.0161 
3869.9914       5184.0598       1.9454e-08       -0.0611 
3869.9914       5184.0598       2.2713e-08       -0.1300 
3869.9914       5184.0598       2.5972e-08       -0.2193 
3869.9914       5184.0598       2.9231e-08       -0.3263 
3869.9914       5184.0598       3.2491e-08       -0.4488 
3869.9914       5184.0598       3.5750e-08       -0.5851 
3869.9914       5184.0598       3.9009e-08       -0.7337 
3869.9914       5184.0598       4.2268e-08       -0.8936 
3869.9914       5184.0598       4.5528e-08       -1.0636 
3869.9914       5184.0598       4.8787e-08       -1.2429 
3869.9914       5184.0598       5.2046e-08       -1.4308 
3869.9914       5184.0598       5.5305e-08       -1.6267 
3869.9914       5184.0598       5.8565e-08       -1.8298 
3869.9914       5184.0598       6.1824e-08       -2.0398 
3869.9914       5184.0598       6.5083e-08       -2.2563 
3869.9914       5184.0598       6.8342e-08       -2.4788 
3869.9914       5184.0598       7.1602e-08       -2.7069 
5184.0598       6944.3244       0.0000e+00       -0.2898 
5184.0598       6944.3244       9.0875e-09       0.0000 
5184.0598       6944.3244       1.2180e-08       -0.0203 
5184.0598       6944.3244       1.5272e-08       -0.0737 
5184.0598       6944.3244       1.8364e-08       -0.1527 
5184.0598       6944.3244       2.1456e-08       -0.2523 
5184.0598       6944.3244       2.4548e-08       -0.3688 
5184.0598       6944.3244       2.7640e-08       -0.4996 
5184.0598       6944.3244       3.0732e-08       -0.6425 
5184.0598       6944.3244       3.3824e-08       -0.7960 
5184.0598       6944.3244       3.6917e-08       -0.9588 
5184.0598       6944.3244       4.0009e-08       -1.1297 
5184.0598       6944.3244       4.3101e-08       -1.3079 
5184.0598       6944.3244       4.6193e-08       -1.4927 
5184.0598       6944.3244       4.9285e-08       -1.6834 
5184.0598       6944.3244       5.2377e-08       -1.8795 
5184.0598       6944.3244       5.5469e-08       -2.0805 
5184.0598       6944.3244       5.8561e-08       -2.2861 
5184.0598       6944.3244       6.1653e-08       -2.4958 
5184.0598       6944.3244       6.4746e-08       -2.7094 
6944.3244       9302.5069       0.0000e+00       -3.6823 
6944.3244       9302.5069       2.0207e-09       -2.6948 
6944.3244       9302.5069       6.5318e-09       -1.5800 
6944.3244       9302.5069       1.1043e-08       -0.9738 
6944.3244       9302.5069       1.5554e-08       -0.5912 
6944.3244       9302.5069       2.0065e-08       -0.3390 
6944.3244       9302.5069       2.4576e-08       -0.1737 
6944.3244       9302.5069       2.9087e-08       -0.0712 
6944.3244       9302.5069       3.3598e-08       -0.0166 
6944.3244       9302.5069       3.8109e-08       0.0000 
6944.3244       9302.5069       4.6679e-08       -0.0494 
6944.3244       9302.5069       5.5249e-08       -0.1798 
6944.3244       9302.5069       6.3818e-08       -0.3715 
6944.3244       9302.5069       7.2388e-08       -0.6116 
6944.3244       9302.5069       8.0958e-08       -0.8909 
6944.3244       9302.5069       8.9527e-08       -1.2026 
6944.3244       9302.5069       9.8097e-08       -1.5418 
6944.3244       9302.5069       1.0667e-07       -1.9046 
6944.3244       9302.5069       1.1524e-07       -2.2878 
6944.3244       9302.5069       1.2381e-07       -2.6890 
9302.5069       12461.2038       0.0000e+00       -0.0000 
9302.5069       12461.2038       1.1195e-13       0.0000 
9302.5069       12461.2038       3.4694e-09       -0.1298 
9302.5069       12461.2038       6.9387e-09       -0.2630 
9302.5069       12461.2038       1.0408e-08       -0.3993 
9302.5069       12461.2038       1.3877e-08       -0.5385 
9302.5069       12461.2038       1.7347e-08       -0.6805 
9302.5069       12461.2038       2.0816e-08       -0.8249 
9302.5069       12461.2038       2.4285e-08       -0.9717 
9302.5069       12461.2038       2.7754e-08       -1.1207 
9302.5069       12461.2038       3.1224e-08       -1.2717 
9302.5069       12461.2038       3.4693e-08       -1.4246 
9302.5069       12461.2038       3.8162e-08       -1.5794 
9302.5069       12461.2038       4.1632e-08       -1.7358 
9302.5069       12461.2038       4.5101e-08       -1.8939 
9302.5069       12461.2038       4.8570e-08       -2.0535 
9302.5069       12461.2038       5.2039e-08       -2.2145 
9302.5069       12461.2038       5.5509e-08       -2.3769 
9302.5069       12461.2038       5.8978e-08       -2.5406 
9302.5069       12461.2038       6.2447e-08       -2.7056 
12461.2038       16692.4468       0.0000e+00       -0.5433 
12461.2038       16692.4468       2.5929e-09       -0.3839 
12461.2038       16692.4468       5.1858e-09       -0.2673 
12461.2038       16692.4468       7.7787e-09       -0.1807 
12461.2038       16692.4468       1.0372e-08       -0.1165 
12461.2038       16692.4468       1.2965e-08       -0.0697 
12461.2038       16692.4468       1.5557e-08       -0.0368 
12461.2038       16692.4468       1.8150e-08       -0.0154 
12461.2038       16692.4468       2.0743e-08       -0.0036 
12461.2038       16692.4468       2.3336e-08       0.0000 
12461.2038       16692.4468       3.5266e-08       -0.0630 
12461.2038       16692.4468       4.7196e-08       -0.2161 
12461.2038       16692.4468       5.9126e-08       -0.4285 
12461.2038       16692.4468       7.1055e-08       -0.6834 
12461.2038       16692.4468       8.2985e-08       -0.9706 
12461.2038       16692.4468       9.4915e-08       -1.2833 
12461.2038       16692.4468       1.0684e-07       -1.6166 
12461.2038       16692.4468       1.1877e-07       -1.9671 
12461.2038       16692.4468       1.3070e-07       -2.3321 
12461.2038       16692.4468       1.4263e-07       -2.7097 
16692.4468       22360.9371       0.0000e+00       -0.0000 
16692.4468       22360.9371       1.5124e-14       0.0000 
16692.4468       22360.9371       4.9676e-09       -0.1470 
16692.4468       22360.9371       9.9352e-09       -0.2944 
16692.4468       22360.9371       1.4903e-08       -0.4423 
16692.4468       22360.9371       1.9870e-08       -0.5907 
16692.4468       22360.9371       2.4838e-08       -0.7394 
16692.4468       22360.9371       2.9805e-08       -0.8886 
16692.4468       22360.9371       3.4773e-08       -1.0382 
16692.4468       22360.9371       3.9741e-08       -1.1881 
16692.4468       22360.9371       4.4708e-08       -1.3384 
16692.4468       22360.9371       4.9676e-08       -1.4891 
16692.4468       22360.9371       5.4643e-08       -1.6401 
16692.4468       22360.9371       5.9611e-08       -1.7914 
16692.4468       22360.9371       6.4578e-08       -1.9431 
16692.4468       22360.9371       6.9546e-08       -2.0951 
16692.4468       22360.9371       7.4514e-08       -2.2473 
16692.4468       22360.9371       7.9481e-08       -2.3999 
16692.4468       22360.9371       8.4449e-08       -2.5528 
16692.4468       22360.9371       8.9416e-08       -2.7059 
22360.9371       29953.6672       0.0000e+00       -0.0000 
22360.9371       29953.6672       1.1432e-13       0.0000 
22360.9371       29953.6672       5.7931e-09       -0.1501 
22360.9371       29953.6672       1.1586e-08       -0.3003 
22360.9371       29953.6672       1.7379e-08       -0.4505 
22360.9371       29953.6672       2.3172e-08       -0.6007 
22360.9371       29953.6672       2.8965e-08       -0.7509 
22360.9371       29953.6672       3.4758e-08       -0.9012 
22360.9371       29953.6672       4.0551e-08       -1.0515 
22360.9371       29953.6672       4.6344e-08       -1.2018 
22360.9371       29953.6672       5.2137e-08       -1.3521 
22360.9371       29953.6672       5.7930e-08       -1.5024 
22360.9371       29953.6672       6.3723e-08       -1.6528 
22360.9371       29953.6672       6.9516e-08       -1.8032 
22360.9371       29953.6672       7.5309e-08       -1.9536 
22360.9371       29953.6672       8.1103e-08       -2.1040 
22360.9371       29953.6672       8.6896e-08       -2.2544 
22360.9371       29953.6672       9.2689e-08       -2.4049 
22360.9371       29953.6672       9.8482e-08       -2.5554 
22360.9371       29953.6672       1.0427e-07       -2.7059 
29953.6672       40124.5339       0.0000e+00       -2.1823 
29953.6672       40124.5339       5.8178e-09       -1.0535 
29953.6672       40124.5339       1.1636e-08       -0.6223 
29953.6672       40124.5339       1.7453e-08       -0.3803 
29953.6672       40124.5339       2.3271e-08       -0.2285 
29953.6672       40124.5339       2.9089e-08       -0.1296 
29953.6672       40124.5339       3.4907e-08       -0.0657 
29953.6672       40124.5339       4.0724e-08       -0.0266 
29953.6672       40124.5339       4.6542e-08       -0.0061 
29953.6672       40124.5339       5.2360e-08       0.0000 
29953.6672       40124.5339       7.5584e-08       -0.0721 
29953.6672       40124.5339       9.8808e-08       -0.2395 
29953.6672       40124.5339       1.2203e-07       -0.4633 
29953.6672       40124.5339       1.4526e-07       -0.7246 
29953.6672       40124.5339       1.6848e-07       -1.0127 
29953.6672       40124.5339       1.9170e-07       -1.3212 
29953.6672       40124.5339       2.1493e-07       -1.6457 
29953.6672       40124.5339       2.3815e-07       -1.9832 
29953.6672       40124.5339       2.6138e-07       -2.3314 
29953.6672       40124.5339       2.8460e-07       -2.6886 
40124.5339       53748.9519       0.0000e+00       0.0000 
40124.5339       53748.9519       1.2010e-14       -0.0000 
40124.5339       53748.9519       9.7660e-09       -0.1503 
40124.5339       53748.9519       1.9532e-08       -0.3007 
40124.5339       53748.9519       2.9298e-08       -0.4510 
40124.5339       53748.9519       3.9064e-08       -0.6013 
40124.5339       53748.9519       4.8830e-08       -0.7516 
40124.5339       53748.9519       5.8596e-08       -0.9020 
40124.5339       53748.9519       6.8362e-08       -1.0523 
40124.5339       53748.9519       7.8128e-08       -1.2026 
40124.5339       53748.9519       8.7894e-08       -1.3529 
40124.5339       53748.9519       9.7660e-08       -1.5033 
40124.5339       53748.9519       1.0743e-07       -1.6536 
40124.5339       53748.9519       1.1719e-07       -1.8039 
40124.5339       53748.9519       1.2696e-07       -1.9543 
40124.5339       53748.9519       1.3672e-07       -2.1046 
40124.5339       53748.9519       1.4649e-07       -2.2549 
40124.5339       53748.9519       1.5626e-07       -2.4052 
40124.5339       53748.9519       1.6602e-07       -2.5556 
40124.5339       53748.9519       1.7579e-07       -2.7059 
53748.9519       72001.2440       0.0000e+00       -0.0000 
53748.9519       72001.2440       2.2337e-14       0.0000 
53748.9519       72001.2440       1.3088e-08       -0.1503 
53748.9519       72001.2440       2.6176e-08       -0.3007 
53748.9519       72001.2440       3.9264e-08       -0.4510 
53748.9519       72001.2440       5.2352e-08       -0.6013 
53748.9519       72001.2440       6.5440e-08       -0.7516 
53748.9519       72001.2440       7.8528e-08       -0.9020 
53748.9519       72001.2440       9.1616e-08       -1.0523 
53748.9519       72001.2440       1.0470e-07       -1.2026 
53748.9519       72001.2440       1.1779e-07       -1.3529 
53748.9519       72001.2440       1.3088e-07       -1.5033 
53748.9519       72001.2440       1.4397e-07       -1.6536 
53748.9519       72001.2440       1.5706e-07       -1.8039 
53748.9519       72001.2440       1.7014e-07       -1.9543 
53748.9519       72001.2440       1.8323e-07       -2.1046 
53748.9519       72001.2440       1.9632e-07       -2.2549 
53748.9519       72001.2440       2.0941e-07       -2.4052 
53748.9519       72001.2440       2.2250e-07       -2.5556 
53748.9519       72001.2440       2.3558e-07       -2.7059 
72001.2440       96449.5043       0.0000e+00       -0.0000 
72001.2440       96449.5043       3.6545e-14       0.0000 
72001.2440       96449.5043       1.8210e-08       -0.1501 
72001.2440       96449.5043       3.6419e-08       -0.3003 
72001.2440       96449.5043       5.4629e-08       -0.4504 
72001.2440       96449.5043       7.2838e-08       -0.6006 
72001.2440       96449.5043       9.1048e-08       -0.7508 
72001.2440       96449.5043       1.0926e-07       -0.9011 
72001.2440       96449.5043       1.2747e-07       -1.0514 
72001.2440       96449.5043       1.4568e-07       -1.2017 
72001.2440       96449.5043       1.6389e-07       -1.3520 
72001.2440       96449.5043       1.8210e-07       -1.5023 
72001.2440       96449.5043       2.0031e-07       -1.6527 
72001.2440       96449.5043       2.1852e-07       -1.8031 
72001.2440       96449.5043       2.3672e-07       -1.9535 
72001.2440       96449.5043       2.5493e-07       -2.1039 
72001.2440       96449.5043       2.7314e-07       -2.2544 
72001.2440       96449.5043       2.9135e-07       -2.4049 
72001.2440       96449.5043       3.0956e-07       -2.5554 
72001.2440       96449.5043       3.2777e-07       -2.7059 
96449.5043       129199.2522       0.0000e+00       -0.0000 
96449.5043       129199.2522       1.1457e-12       0.0000 
96449.5043       129199.2522       2.3763e-08       -0.1503 
96449.5043       129199.2522       4.7524e-08       -0.3007 
96449.5043       129199.2522       7.1286e-08       -0.4510 
96449.5043       129199.2522       9.5047e-08       -0.6013 
96449.5043       129199.2522       1.1881e-07       -0.7516 
96449.5043       129199.2522       1.4257e-07       -0.9020 
96449.5043       129199.2522       1.6633e-07       -1.0523 
96449.5043       129199.2522       1.9009e-07       -1.2026 
96449.5043       129199.2522       2.1385e-07       -1.3529 
96449.5043       129199.2522       2.3762e-07       -1.5033 
96449.5043       129199.2522       2.6138e-07       -1.6536 
96449.5043       129199.2522       2.8514e-07       -1.8039 
96449.5043       129199.2522       3.0890e-07       -1.9542 
96449.5043       129199.2522       3.3266e-07       -2.1046 
96449.5043       129199.2522       3.5642e-07       -2.2549 
96449.5043       129199.2522       3.8018e-07       -2.4052 
96449.5043       129199.2522       4.0395e-07       -2.5556 
96449.5043       129199.2522       4.2771e-07       -2.7059 
129199.2522       173069.2852       0.0000e+00       -0.0000 
129199.2522       173069.2852       3.0148e-14       0.0000 
129199.2522       173069.2852       3.2244e-08       -0.1503 
129199.2522       173069.2852       6.4487e-08       -0.3006 
129199.2522       173069.2852       9.6731e-08       -0.4510 
129199.2522       173069.2852       1.2897e-07       -0.6013 
129199.2522       173069.2852       1.6122e-07       -0.7516 
129199.2522       173069.2852       1.9346e-07       -0.9019 
129199.2522       173069.2852       2.2571e-07       -1.0522 
129199.2522       173069.2852       2.5795e-07       -1.2026 
129199.2522       173069.2852       2.9019e-07       -1.3529 
129199.2522       173069.2852       3.2244e-07       -1.5032 
129199.2522       173069.2852       3.5468e-07       -1.6536 
129199.2522       173069.2852       3.8692e-07       -1.8039 
129199.2522       173069.2852       4.1917e-07       -1.9542 
129199.2522       173069.2852       4.5141e-07       -2.1045 
129199.2522       173069.2852       4.8366e-07       -2.2549 
129199.2522       173069.2852       5.1590e-07       -2.4052 
129199.2522       173069.2852       5.4814e-07       -2.5556 
129199.2522       173069.2852       5.8039e-07       -2.7059 
173069.2852       231840.8711       0.0000e+00       -0.0000 
173069.2852       231840.8711       1.9411e-14       0.0000 
173069.2852       231840.8711       4.3047e-08       -0.1503 
173069.2852       231840.8711       8.6095e-08       -0.3007 
173069.2852       231840.8711       1.2914e-07       -0.4510 
173069.2852       231840.8711       1.7219e-07       -0.6013 
173069.2852       231840.8711       2.1524e-07       -0.7516 
173069.2852       231840.8711       2.5828e-07       -0.9020 
173069.2852       231840.8711       3.0133e-07       -1.0523 
173069.2852       231840.8711       3.4438e-07       -1.2026 
173069.2852       231840.8711       3.8743e-07       -1.3529 
173069.2852       231840.8711       4.3047e-07       -1.5033 
173069.2852       231840.8711       4.7352e-07       -1.6536 
173069.2852       231840.8711       5.1657e-07       -1.8039 
173069.2852       231840.8711       5.5961e-07       -1.9543 
173069.2852       231840.8711       6.0266e-07       -2.1046 
173069.2852       231840.8711       6.4571e-07       -2.2549 
173069.2852       231840.8711       6.8876e-07       -2.4052 
173069.2852       231840.8711       7.3180e-07       -2.5556 
173069.2852       231840.8711       7.7485e-07       -2.7059 
231840.8711       310563.2050       0.0000e+00       -0.0000 
231840.8711       310563.2050       1.6911e-14       0.0000 
231840.8711       310563.2050       5.8622e-08       -0.1503 
231840.8711       310563.2050       1.1724e-07       -0.3006 
231840.8711       310563.2050       1.7586e-07       -0.4509 
231840.8711       310563.2050       2.3449e-07       -0.6012 
231840.8711       310563.2050       2.9311e-07       -0.7515 
231840.8711       310563.2050       3.5173e-07       -0.9018 
231840.8711       310563.2050       4.1035e-07       -1.0521 
231840.8711       310563.2050       4.6897e-07       -1.2025 
231840.8711       310563.2050       5.2759e-07       -1.3528 
231840.8711       310563.2050       5.8622e-07       -1.5031 
231840.8711       310563.2050       6.4484e-07       -1.6535 
231840.8711       310563.2050       7.0346e-07       -1.8038 
231840.8711       310563.2050       7.6208e-07       -1.9541 
231840.8711       310563.2050       8.2070e-07       -2.1045 
231840.8711       310563.2050       8.7932e-07       -2.2548 
231840.8711       310563.2050       9.3795e-07       -2.4052 
231840.8711       310563.2050       9.9657e-07       -2.5555 
231840.8711       310563.2050       1.0552e-06       -2.7059 
310563.2050       416015.9675       0.0000e+00       -0.0000 
310563.2050       416015.9675       5.1973e-14       0.0000 
310563.2050       416015.9675       7.8204e-08       -0.1503 
310563.2050       416015.9675       1.5641e-07       -0.3007 
310563.2050       416015.9675       2.3461e-07       -0.4510 
310563.2050       416015.9675       3.1281e-07       -0.6013 
310563.2050       416015.9675       3.9102e-07       -0.7516 
310563.2050       416015.9675       4.6922e-07       -0.9020 
310563.2050       416015.9675       5.4742e-07       -1.0523 
310563.2050       416015.9675       6.2563e-07       -1.2026 
310563.2050       416015.9675       7.0383e-07       -1.3529 
310563.2050       416015.9675       7.8203e-07       -1.5033 
310563.2050       416015.9675       8.6024e-07       -1.6536 
310563.2050       416015.9675       9.3844e-07       -1.8039 
310563.2050       416015.9675       1.0166e-06       -1.9543 
310563.2050       416015.9675       1.0948e-06       -2.1046 
310563.2050       416015.9675       1.1731e-06       -2.2549 
310563.2050       416015.9675       1.2513e-06       -2.4052 
310563.2050       416015.9675       1.3295e-06       -2.5556 
310563.2050       416015.9675       1.4077e-06       -2.7059 
416015.9675       557275.5639       0.0000e+00       -0.0000 
416015.9675       557275.5639       1.3954e-14       0.0000 
416015.9675       557275.5639       1.0708e-07       -0.1503 
416015.9675       557275.5639       2.1417e-07       -0.3006 
416015.9675       557275.5639       3.2125e-07       -0.4509 
416015.9675       557275.5639       4.2833e-07       -0.6013 
416015.9675       557275.5639       5.3542e-07       -0.7516 
416015.9675       557275.5639       6.4250e-07       -0.9019 
416015.9675       557275.5639       7.4959e-07       -1.0522 
416015.9675       557275.5639       8.5667e-07       -1.2025 
416015.9675       557275.5639       9.6375e-07       -1.3529 
416015.9675       557275.5639       1.0708e-06       -1.5032 
416015.9675       557275.5639       1.1779e-06       -1.6535 
416015.9675       557275.5639       1.2850e-06       -1.8039 
416015.9675       557275.5639       1.3921e-06       -1.9542 
416015.9675       557275.5639       1.4992e-06       -2.1045 
416015.9675       557275.5639       1.6063e-06       -2.2549 
416015.9675       557275.5639       1.7133e-06       -2.4052 
416015.9675       557275.5639       1.8204e-06       -2.5556 
416015.9675       557275.5639       1.9275e-06       -2.7059 
557275.5639       746517.5120       0.0000e+00       -0.0000 
557275.5639       746517.5120       3.6022e-13       0.0000 
557275.5639       746517.5120       1.4568e-07       -0.1503 
557275.5639       746517.5120       2.9136e-07       -0.3007 
557275.5639       746517.5120       4.3703e-07       -0.4510 
557275.5639       746517.5120       5.8271e-07       -0.6013 
557275.5639       746517.5120       7.2839e-07       -0.7516 
557275.5639       746517.5120       8.7407e-07       -0.9020 
557275.5639       746517.5120       1.0197e-06       -1.0523 
557275.5639       746517.5120       1.1654e-06       -1.2026 
557275.5639       746517.5120       1.3111e-06       -1.3529 
557275.5639       746517.5120       1.4568e-06       -1.5033 
557275.5639       746517.5120       1.6025e-06       -1.6536 
557275.5639       746517.5120       1.7481e-06       -1.8039 
557275.5639       746517.5120       1.8938e-06       -1.9543 
557275.5639       746517.5120       2.0395e-06       -2.1046 
557275.5639       746517.5120       2.1852e-06       -2.2549 
557275.5639       746517.5120       2.3308e-06       -2.4052 
557275.5639       746517.5120       2.4765e-06       -2.5556 
557275.5639       746517.5120       2.6222e-06       -2.7059 
746517.5120       1000000.0000       0.0000e+00       -0.0000 
746517.5120       1000000.0000       5.7664e-14       0.0000 
746517.5120       1000000.0000       2.1160e-07       -0.1503 
746517.5120       1000000.0000       4.2321e-07       -0.3007 
746517.5120       1000000.0000       6.3481e-07       -0.4510 
746517.5120       1000000.0000       8.4641e-07       -0.6013 
746517.5120       1000000.0000       1.0580e-06       -0.7516 
746517.5120       1000000.0000       1.2696e-06       -0.9020 
746517.5120       1000000.0000       1.4812e-06       -1.0523 
746517.5120       1000000.0000       1.6928e-06       -1.2026 
746517.5120       1000000.0000       1.9044e-06       -1.3529 
746517.5120       1000000.0000       2.1160e-06       -1.5033 
746517.5120       1000000.0000       2.3276e-06       -1.6536 
746517.5120       1000000.0000       2.5392e-06       -1.8039 
746517.5120       1000000.0000       2.7508e-06       -1.9543 
746517.5120       1000000.0000       2.9624e-06       -2.1046 
746517.5120       1000000.0000       3.1740e-06       -2.2549 
746517.5120       1000000.0000       3.3856e-06       -2.4052 
746517.5120       1000000.0000       3.5972e-06       -2.5556 
746517.5120       1000000.0000       3.8088e-06       -2.7059 
