#Pictor_2  Log10(Jfactor)=18.830   sigmaJ=0.600 
#[0]emin(MeV) [1]emax(MeV) [2]eflux(MeV/cm^2/s) [3]deltaLogLike 
500.0000       669.7766       0.0000e+00       0.0000 
500.0000       669.7766       2.5955e-14       -0.0000 
500.0000       669.7766       3.0611e-09       -0.1181 
500.0000       669.7766       6.1222e-09       -0.2402 
500.0000       669.7766       9.1833e-09       -0.3662 
500.0000       669.7766       1.2244e-08       -0.4962 
500.0000       669.7766       1.5306e-08       -0.6300 
500.0000       669.7766       1.8367e-08       -0.7676 
500.0000       669.7766       2.1428e-08       -0.9091 
500.0000       669.7766       2.4489e-08       -1.0543 
500.0000       669.7766       2.7550e-08       -1.2033 
500.0000       669.7766       3.0611e-08       -1.3559 
500.0000       669.7766       3.3672e-08       -1.5122 
500.0000       669.7766       3.6733e-08       -1.6721 
500.0000       669.7766       3.9794e-08       -1.8355 
500.0000       669.7766       4.2855e-08       -2.0026 
500.0000       669.7766       4.5917e-08       -2.1731 
500.0000       669.7766       4.8978e-08       -2.3471 
500.0000       669.7766       5.2039e-08       -2.5246 
500.0000       669.7766       5.5100e-08       -2.7055 
669.7766       897.2222       0.0000e+00       -0.1086 
669.7766       897.2222       1.6916e-08       0.0000 
669.7766       897.2222       2.2059e-08       -0.0095 
669.7766       897.2222       2.7202e-08       -0.0379 
669.7766       897.2222       3.2345e-08       -0.0846 
669.7766       897.2222       3.7489e-08       -0.1491 
669.7766       897.2222       4.2632e-08       -0.2311 
669.7766       897.2222       4.7775e-08       -0.3299 
669.7766       897.2222       5.2918e-08       -0.4453 
669.7766       897.2222       5.8061e-08       -0.5768 
669.7766       897.2222       6.3204e-08       -0.7240 
669.7766       897.2222       6.8348e-08       -0.8867 
669.7766       897.2222       7.3491e-08       -1.0643 
669.7766       897.2222       7.8634e-08       -1.2567 
669.7766       897.2222       8.3777e-08       -1.4635 
669.7766       897.2222       8.8920e-08       -1.6843 
669.7766       897.2222       9.4064e-08       -1.9190 
669.7766       897.2222       9.9207e-08       -2.1671 
669.7766       897.2222       1.0435e-07       -2.4285 
669.7766       897.2222       1.0949e-07       -2.7030 
897.2222       1201.8769       0.0000e+00       -0.7382 
897.2222       1201.8769       4.0062e-09       -0.5755 
897.2222       1201.8769       8.0125e-09       -0.4348 
897.2222       1201.8769       1.2019e-08       -0.3153 
897.2222       1201.8769       1.6025e-08       -0.2162 
897.2222       1201.8769       2.0031e-08       -0.1366 
897.2222       1201.8769       2.4037e-08       -0.0758 
897.2222       1201.8769       2.8044e-08       -0.0332 
897.2222       1201.8769       3.2050e-08       -0.0082 
897.2222       1201.8769       3.6056e-08       0.0000 
897.2222       1201.8769       4.4053e-08       -0.0322 
897.2222       1201.8769       5.2051e-08       -0.1256 
897.2222       1201.8769       6.0048e-08       -0.2766 
897.2222       1201.8769       6.8045e-08       -0.4822 
897.2222       1201.8769       7.6043e-08       -0.7393 
897.2222       1201.8769       8.4040e-08       -1.0453 
897.2222       1201.8769       9.2037e-08       -1.3980 
897.2222       1201.8769       1.0003e-07       -1.7951 
897.2222       1201.8769       1.0803e-07       -2.2347 
897.2222       1201.8769       1.1603e-07       -2.7149 
1201.8769       1609.9782       0.0000e+00       -0.6716 
1201.8769       1609.9782       3.3066e-09       -0.5204 
1201.8769       1609.9782       6.6133e-09       -0.3910 
1201.8769       1609.9782       9.9199e-09       -0.2820 
1201.8769       1609.9782       1.3227e-08       -0.1924 
1201.8769       1609.9782       1.6533e-08       -0.1209 
1201.8769       1609.9782       1.9840e-08       -0.0668 
1201.8769       1609.9782       2.3147e-08       -0.0291 
1201.8769       1609.9782       2.6453e-08       -0.0070 
1201.8769       1609.9782       2.9760e-08       0.0000 
1201.8769       1609.9782       3.7027e-08       -0.0341 
1201.8769       1609.9782       4.4294e-08       -0.1317 
1201.8769       1609.9782       5.1561e-08       -0.2877 
1201.8769       1609.9782       5.8828e-08       -0.4978 
1201.8769       1609.9782       6.6096e-08       -0.7583 
1201.8769       1609.9782       7.3363e-08       -1.0659 
1201.8769       1609.9782       8.0630e-08       -1.4179 
1201.8769       1609.9782       8.7897e-08       -1.8116 
1201.8769       1609.9782       9.5164e-08       -2.2447 
1201.8769       1609.9782       1.0243e-07       -2.7153 
1609.9782       2156.6516       0.0000e+00       -0.5856 
1609.9782       2156.6516       2.9381e-09       -0.4549 
1609.9782       2156.6516       5.8761e-09       -0.3427 
1609.9782       2156.6516       8.8142e-09       -0.2480 
1609.9782       2156.6516       1.1752e-08       -0.1699 
1609.9782       2156.6516       1.4690e-08       -0.1074 
1609.9782       2156.6516       1.7628e-08       -0.0599 
1609.9782       2156.6516       2.0566e-08       -0.0266 
1609.9782       2156.6516       2.3505e-08       -0.0068 
1609.9782       2156.6516       2.6443e-08       0.0000 
1609.9782       2156.6516       3.3518e-08       -0.0335 
1609.9782       2156.6516       4.0593e-08       -0.1321 
1609.9782       2156.6516       4.7668e-08       -0.2901 
1609.9782       2156.6516       5.4743e-08       -0.5026 
1609.9782       2156.6516       6.1818e-08       -0.7654 
1609.9782       2156.6516       6.8893e-08       -1.0748 
1609.9782       2156.6516       7.5968e-08       -1.4275 
1609.9782       2156.6516       8.3043e-08       -1.8207 
1609.9782       2156.6516       9.0118e-08       -2.2519 
1609.9782       2156.6516       9.7193e-08       -2.7187 
2156.6516       2889.0164       0.0000e+00       -0.0420 
2156.6516       2889.0164       5.9215e-09       0.0000 
2156.6516       2889.0164       9.7198e-09       -0.0067 
2156.6516       2889.0164       1.3518e-08       -0.0372 
2156.6516       2889.0164       1.7317e-08       -0.0897 
2156.6516       2889.0164       2.1115e-08       -0.1624 
2156.6516       2889.0164       2.4913e-08       -0.2539 
2156.6516       2889.0164       2.8712e-08       -0.3632 
2156.6516       2889.0164       3.2510e-08       -0.4890 
2156.6516       2889.0164       3.6308e-08       -0.6303 
2156.6516       2889.0164       4.0107e-08       -0.7863 
2156.6516       2889.0164       4.3905e-08       -0.9561 
2156.6516       2889.0164       4.7703e-08       -1.1390 
2156.6516       2889.0164       5.1502e-08       -1.3345 
2156.6516       2889.0164       5.5300e-08       -1.5418 
2156.6516       2889.0164       5.9098e-08       -1.7603 
2156.6516       2889.0164       6.2897e-08       -1.9897 
2156.6516       2889.0164       6.6695e-08       -2.2294 
2156.6516       2889.0164       7.0493e-08       -2.4790 
2156.6516       2889.0164       7.4292e-08       -2.7380 
2889.0164       3869.9914       0.0000e+00       -0.0104 
2889.0164       3869.9914       2.5952e-09       0.0000 
2889.0164       3869.9914       5.7819e-09       -0.0163 
2889.0164       3869.9914       8.9687e-09       -0.0598 
2889.0164       3869.9914       1.2155e-08       -0.1264 
2889.0164       3869.9914       1.5342e-08       -0.2132 
2889.0164       3869.9914       1.8529e-08       -0.3176 
2889.0164       3869.9914       2.1716e-08       -0.4379 
2889.0164       3869.9914       2.4902e-08       -0.5723 
2889.0164       3869.9914       2.8089e-08       -0.7196 
2889.0164       3869.9914       3.1276e-08       -0.8787 
2889.0164       3869.9914       3.4463e-08       -1.0485 
2889.0164       3869.9914       3.7649e-08       -1.2282 
2889.0164       3869.9914       4.0836e-08       -1.4172 
2889.0164       3869.9914       4.4023e-08       -1.6148 
2889.0164       3869.9914       4.7209e-08       -1.8205 
2889.0164       3869.9914       5.0396e-08       -2.0337 
2889.0164       3869.9914       5.3583e-08       -2.2541 
2889.0164       3869.9914       5.6770e-08       -2.4812 
2889.0164       3869.9914       5.9956e-08       -2.7146 
3869.9914       5184.0598       0.0000e+00       -0.6700 
3869.9914       5184.0598       2.9694e-09       -0.5097 
3869.9914       5184.0598       5.9387e-09       -0.3768 
3869.9914       5184.0598       8.9081e-09       -0.2680 
3869.9914       5184.0598       1.1877e-08       -0.1806 
3869.9914       5184.0598       1.4847e-08       -0.1125 
3869.9914       5184.0598       1.7816e-08       -0.0618 
3869.9914       5184.0598       2.0785e-08       -0.0270 
3869.9914       5184.0598       2.3755e-08       -0.0068 
3869.9914       5184.0598       2.6724e-08       0.0000 
3869.9914       5184.0598       3.4601e-08       -0.0398 
3869.9914       5184.0598       4.2479e-08       -0.1522 
3869.9914       5184.0598       5.0356e-08       -0.3260 
3869.9914       5184.0598       5.8233e-08       -0.5525 
3869.9914       5184.0598       6.6110e-08       -0.8251 
3869.9914       5184.0598       7.3987e-08       -1.1381 
3869.9914       5184.0598       8.1864e-08       -1.4872 
3869.9914       5184.0598       8.9742e-08       -1.8686 
3869.9914       5184.0598       9.7619e-08       -2.2792 
3869.9914       5184.0598       1.0550e-07       -2.7164 
5184.0598       6944.3244       0.0000e+00       0.0000 
5184.0598       6944.3244       6.0180e-15       -0.0000 
5184.0598       6944.3244       1.8231e-09       -0.1483 
5184.0598       6944.3244       3.6463e-09       -0.2968 
5184.0598       6944.3244       5.4694e-09       -0.4456 
5184.0598       6944.3244       7.2926e-09       -0.5947 
5184.0598       6944.3244       9.1157e-09       -0.7440 
5184.0598       6944.3244       1.0939e-08       -0.8935 
5184.0598       6944.3244       1.2762e-08       -1.0433 
5184.0598       6944.3244       1.4585e-08       -1.1933 
5184.0598       6944.3244       1.6408e-08       -1.3436 
5184.0598       6944.3244       1.8231e-08       -1.4941 
5184.0598       6944.3244       2.0055e-08       -1.6448 
5184.0598       6944.3244       2.1878e-08       -1.7957 
5184.0598       6944.3244       2.3701e-08       -1.9469 
5184.0598       6944.3244       2.5524e-08       -2.0982 
5184.0598       6944.3244       2.7347e-08       -2.2498 
5184.0598       6944.3244       2.9170e-08       -2.4016 
5184.0598       6944.3244       3.0993e-08       -2.5537 
5184.0598       6944.3244       3.2816e-08       -2.7059 
6944.3244       9302.5069       0.0000e+00       -0.0000 
6944.3244       9302.5069       3.2488e-15       0.0000 
6944.3244       9302.5069       2.5271e-09       -0.1357 
6944.3244       9302.5069       5.0541e-09       -0.2739 
6944.3244       9302.5069       7.5812e-09       -0.4144 
6944.3244       9302.5069       1.0108e-08       -0.5569 
6944.3244       9302.5069       1.2635e-08       -0.7014 
6944.3244       9302.5069       1.5162e-08       -0.8476 
6944.3244       9302.5069       1.7689e-08       -0.9955 
6944.3244       9302.5069       2.0217e-08       -1.1449 
6944.3244       9302.5069       2.2744e-08       -1.2958 
6944.3244       9302.5069       2.5271e-08       -1.4480 
6944.3244       9302.5069       2.7798e-08       -1.6014 
6944.3244       9302.5069       3.0325e-08       -1.7561 
6944.3244       9302.5069       3.2852e-08       -1.9119 
6944.3244       9302.5069       3.5379e-08       -2.0687 
6944.3244       9302.5069       3.7906e-08       -2.2265 
6944.3244       9302.5069       4.0433e-08       -2.3853 
6944.3244       9302.5069       4.2960e-08       -2.5450 
6944.3244       9302.5069       4.5487e-08       -2.7056 
9302.5069       12461.2038       0.0000e+00       -0.0000 
9302.5069       12461.2038       4.2928e-14       0.0000 
9302.5069       12461.2038       3.1392e-09       -0.1362 
9302.5069       12461.2038       6.2784e-09       -0.2748 
9302.5069       12461.2038       9.4175e-09       -0.4155 
9302.5069       12461.2038       1.2557e-08       -0.5582 
9302.5069       12461.2038       1.5696e-08       -0.7028 
9302.5069       12461.2038       1.8835e-08       -0.8490 
9302.5069       12461.2038       2.1974e-08       -0.9969 
9302.5069       12461.2038       2.5113e-08       -1.1463 
9302.5069       12461.2038       2.8252e-08       -1.2971 
9302.5069       12461.2038       3.1392e-08       -1.4492 
9302.5069       12461.2038       3.4531e-08       -1.6025 
9302.5069       12461.2038       3.7670e-08       -1.7571 
9302.5069       12461.2038       4.0809e-08       -1.9127 
9302.5069       12461.2038       4.3948e-08       -2.0694 
9302.5069       12461.2038       4.7087e-08       -2.2271 
9302.5069       12461.2038       5.0227e-08       -2.3857 
9302.5069       12461.2038       5.3366e-08       -2.5452 
9302.5069       12461.2038       5.6505e-08       -2.7056 
12461.2038       16692.4468       0.0000e+00       0.0000 
12461.2038       16692.4468       2.1924e-15       -0.0000 
12461.2038       16692.4468       3.2794e-09       -0.1500 
12461.2038       16692.4468       6.5588e-09       -0.3000 
12461.2038       16692.4468       9.8382e-09       -0.4501 
12461.2038       16692.4468       1.3118e-08       -0.6002 
12461.2038       16692.4468       1.6397e-08       -0.7504 
12461.2038       16692.4468       1.9676e-08       -0.9006 
12461.2038       16692.4468       2.2956e-08       -1.0508 
12461.2038       16692.4468       2.6235e-08       -1.2011 
12461.2038       16692.4468       2.9514e-08       -1.3514 
12461.2038       16692.4468       3.2794e-08       -1.5018 
12461.2038       16692.4468       3.6073e-08       -1.6522 
12461.2038       16692.4468       3.9353e-08       -1.8026 
12461.2038       16692.4468       4.2632e-08       -1.9530 
12461.2038       16692.4468       4.5911e-08       -2.1035 
12461.2038       16692.4468       4.9191e-08       -2.2541 
12461.2038       16692.4468       5.2470e-08       -2.4047 
12461.2038       16692.4468       5.5750e-08       -2.5553 
12461.2038       16692.4468       5.9029e-08       -2.7059 
16692.4468       22360.9371       0.0000e+00       -2.2808 
16692.4468       22360.9371       6.7389e-09       -1.3892 
16692.4468       22360.9371       1.3478e-08       -0.9002 
16692.4468       22360.9371       2.0217e-08       -0.5821 
16692.4468       22360.9371       2.6956e-08       -0.3639 
16692.4468       22360.9371       3.3695e-08       -0.2128 
16692.4468       22360.9371       4.0434e-08       -0.1106 
16692.4468       22360.9371       4.7172e-08       -0.0458 
16692.4468       22360.9371       5.3911e-08       -0.0108 
16692.4468       22360.9371       6.0650e-08       0.0000 
16692.4468       22360.9371       7.7254e-08       -0.0536 
16692.4468       22360.9371       9.3857e-08       -0.1920 
16692.4468       22360.9371       1.1046e-07       -0.3920 
16692.4468       22360.9371       1.2706e-07       -0.6387 
16692.4468       22360.9371       1.4367e-07       -0.9223 
16692.4468       22360.9371       1.6027e-07       -1.2357 
16692.4468       22360.9371       1.7687e-07       -1.5737 
16692.4468       22360.9371       1.9348e-07       -1.9325 
16692.4468       22360.9371       2.1008e-07       -2.3088 
16692.4468       22360.9371       2.2668e-07       -2.7004 
22360.9371       29953.6672       0.0000e+00       0.0000 
22360.9371       29953.6672       2.0877e-13       -0.0000 
22360.9371       29953.6672       5.3891e-09       -0.1503 
22360.9371       29953.6672       1.0778e-08       -0.3006 
22360.9371       29953.6672       1.6167e-08       -0.4510 
22360.9371       29953.6672       2.1556e-08       -0.6013 
22360.9371       29953.6672       2.6944e-08       -0.7516 
22360.9371       29953.6672       3.2333e-08       -0.9019 
22360.9371       29953.6672       3.7722e-08       -1.0523 
22360.9371       29953.6672       4.3111e-08       -1.2026 
22360.9371       29953.6672       4.8500e-08       -1.3529 
22360.9371       29953.6672       5.3889e-08       -1.5032 
22360.9371       29953.6672       5.9278e-08       -1.6536 
22360.9371       29953.6672       6.4666e-08       -1.8039 
22360.9371       29953.6672       7.0055e-08       -1.9542 
22360.9371       29953.6672       7.5444e-08       -2.1046 
22360.9371       29953.6672       8.0833e-08       -2.2549 
22360.9371       29953.6672       8.6222e-08       -2.4052 
22360.9371       29953.6672       9.1611e-08       -2.5556 
22360.9371       29953.6672       9.7000e-08       -2.7059 
29953.6672       40124.5339       0.0000e+00       0.0000 
29953.6672       40124.5339       1.2666e-15       -0.0000 
29953.6672       40124.5339       8.9915e-09       -0.1436 
29953.6672       40124.5339       1.7983e-08       -0.2881 
29953.6672       40124.5339       2.6974e-08       -0.4335 
29953.6672       40124.5339       3.5966e-08       -0.5799 
29953.6672       40124.5339       4.4957e-08       -0.7271 
29953.6672       40124.5339       5.3949e-08       -0.8751 
29953.6672       40124.5339       6.2940e-08       -1.0240 
29953.6672       40124.5339       7.1932e-08       -1.1735 
29953.6672       40124.5339       8.0923e-08       -1.3239 
29953.6672       40124.5339       8.9915e-08       -1.4749 
29953.6672       40124.5339       9.8906e-08       -1.6266 
29953.6672       40124.5339       1.0790e-07       -1.7790 
29953.6672       40124.5339       1.1689e-07       -1.9320 
29953.6672       40124.5339       1.2588e-07       -2.0856 
29953.6672       40124.5339       1.3487e-07       -2.2398 
29953.6672       40124.5339       1.4386e-07       -2.3945 
29953.6672       40124.5339       1.5286e-07       -2.5499 
29953.6672       40124.5339       1.6185e-07       -2.7057 
40124.5339       53748.9519       0.0000e+00       -0.0000 
40124.5339       53748.9519       5.7633e-14       0.0000 
40124.5339       53748.9519       9.4548e-09       -0.1503 
40124.5339       53748.9519       1.8910e-08       -0.3007 
40124.5339       53748.9519       2.8364e-08       -0.4510 
40124.5339       53748.9519       3.7819e-08       -0.6013 
40124.5339       53748.9519       4.7274e-08       -0.7516 
40124.5339       53748.9519       5.6729e-08       -0.9020 
40124.5339       53748.9519       6.6183e-08       -1.0523 
40124.5339       53748.9519       7.5638e-08       -1.2026 
40124.5339       53748.9519       8.5093e-08       -1.3529 
40124.5339       53748.9519       9.4548e-08       -1.5033 
40124.5339       53748.9519       1.0400e-07       -1.6536 
40124.5339       53748.9519       1.1346e-07       -1.8039 
40124.5339       53748.9519       1.2291e-07       -1.9543 
40124.5339       53748.9519       1.3237e-07       -2.1046 
40124.5339       53748.9519       1.4182e-07       -2.2549 
40124.5339       53748.9519       1.5128e-07       -2.4052 
40124.5339       53748.9519       1.6073e-07       -2.5556 
40124.5339       53748.9519       1.7019e-07       -2.7059 
53748.9519       72001.2440       0.0000e+00       -0.0000 
53748.9519       72001.2440       1.0015e-15       0.0000 
53748.9519       72001.2440       1.3002e-08       -0.1502 
53748.9519       72001.2440       2.6003e-08       -0.3005 
53748.9519       72001.2440       3.9005e-08       -0.4507 
53748.9519       72001.2440       5.2006e-08       -0.6010 
53748.9519       72001.2440       6.5008e-08       -0.7513 
53748.9519       72001.2440       7.8009e-08       -0.9016 
53748.9519       72001.2440       9.1011e-08       -1.0519 
53748.9519       72001.2440       1.0401e-07       -1.2022 
53748.9519       72001.2440       1.1701e-07       -1.3525 
53748.9519       72001.2440       1.3002e-07       -1.5029 
53748.9519       72001.2440       1.4302e-07       -1.6532 
53748.9519       72001.2440       1.5602e-07       -1.8036 
53748.9519       72001.2440       1.6902e-07       -1.9539 
53748.9519       72001.2440       1.8202e-07       -2.1043 
53748.9519       72001.2440       1.9502e-07       -2.2547 
53748.9519       72001.2440       2.0803e-07       -2.4051 
53748.9519       72001.2440       2.2103e-07       -2.5555 
53748.9519       72001.2440       2.3403e-07       -2.7059 
72001.2440       96449.5043       0.0000e+00       0.0000 
72001.2440       96449.5043       6.1088e-16       -0.0000 
72001.2440       96449.5043       1.7690e-08       -0.1501 
72001.2440       96449.5043       3.5380e-08       -0.3002 
72001.2440       96449.5043       5.3069e-08       -0.4503 
72001.2440       96449.5043       7.0759e-08       -0.6005 
72001.2440       96449.5043       8.8449e-08       -0.7507 
72001.2440       96449.5043       1.0614e-07       -0.9009 
72001.2440       96449.5043       1.2383e-07       -1.0512 
72001.2440       96449.5043       1.4152e-07       -1.2015 
72001.2440       96449.5043       1.5921e-07       -1.3518 
72001.2440       96449.5043       1.7690e-07       -1.5021 
72001.2440       96449.5043       1.9459e-07       -1.6525 
72001.2440       96449.5043       2.1228e-07       -1.8029 
72001.2440       96449.5043       2.2997e-07       -1.9533 
72001.2440       96449.5043       2.4766e-07       -2.1038 
72001.2440       96449.5043       2.6535e-07       -2.2543 
72001.2440       96449.5043       2.8304e-07       -2.4048 
72001.2440       96449.5043       3.0073e-07       -2.5553 
72001.2440       96449.5043       3.1842e-07       -2.7059 
96449.5043       129199.2522       0.0000e+00       0.0000 
96449.5043       129199.2522       5.1513e-16       -0.0000 
96449.5043       129199.2522       2.3002e-08       -0.1503 
96449.5043       129199.2522       4.6004e-08       -0.3007 
96449.5043       129199.2522       6.9006e-08       -0.4510 
96449.5043       129199.2522       9.2008e-08       -0.6013 
96449.5043       129199.2522       1.1501e-07       -0.7516 
96449.5043       129199.2522       1.3801e-07       -0.9020 
96449.5043       129199.2522       1.6101e-07       -1.0523 
96449.5043       129199.2522       1.8402e-07       -1.2026 
96449.5043       129199.2522       2.0702e-07       -1.3529 
96449.5043       129199.2522       2.3002e-07       -1.5033 
96449.5043       129199.2522       2.5302e-07       -1.6536 
96449.5043       129199.2522       2.7602e-07       -1.8039 
96449.5043       129199.2522       2.9902e-07       -1.9543 
96449.5043       129199.2522       3.2203e-07       -2.1046 
96449.5043       129199.2522       3.4503e-07       -2.2549 
96449.5043       129199.2522       3.6803e-07       -2.4052 
96449.5043       129199.2522       3.9103e-07       -2.5556 
96449.5043       129199.2522       4.1403e-07       -2.7059 
129199.2522       173069.2852       0.0000e+00       0.0000 
129199.2522       173069.2852       4.3171e-16       -0.0000 
129199.2522       173069.2852       3.0991e-08       -0.1503 
129199.2522       173069.2852       6.1981e-08       -0.3007 
129199.2522       173069.2852       9.2972e-08       -0.4510 
129199.2522       173069.2852       1.2396e-07       -0.6013 
129199.2522       173069.2852       1.5495e-07       -0.7516 
129199.2522       173069.2852       1.8594e-07       -0.9020 
129199.2522       173069.2852       2.1694e-07       -1.0523 
129199.2522       173069.2852       2.4793e-07       -1.2026 
129199.2522       173069.2852       2.7892e-07       -1.3529 
129199.2522       173069.2852       3.0991e-07       -1.5033 
129199.2522       173069.2852       3.4090e-07       -1.6536 
129199.2522       173069.2852       3.7189e-07       -1.8039 
129199.2522       173069.2852       4.0288e-07       -1.9543 
129199.2522       173069.2852       4.3387e-07       -2.1046 
129199.2522       173069.2852       4.6486e-07       -2.2549 
129199.2522       173069.2852       4.9585e-07       -2.4052 
129199.2522       173069.2852       5.2684e-07       -2.5556 
129199.2522       173069.2852       5.5783e-07       -2.7059 
173069.2852       231840.8711       0.0000e+00       0.0000 
173069.2852       231840.8711       3.5744e-16       -0.0000 
173069.2852       231840.8711       4.4806e-08       -0.1492 
173069.2852       231840.8711       8.9612e-08       -0.2985 
173069.2852       231840.8711       1.3442e-07       -0.4480 
173069.2852       231840.8711       1.7922e-07       -0.5977 
173069.2852       231840.8711       2.2403e-07       -0.7474 
173069.2852       231840.8711       2.6884e-07       -0.8973 
173069.2852       231840.8711       3.1364e-07       -1.0474 
173069.2852       231840.8711       3.5845e-07       -1.1976 
173069.2852       231840.8711       4.0326e-07       -1.3479 
173069.2852       231840.8711       4.4806e-07       -1.4983 
173069.2852       231840.8711       4.9287e-07       -1.6488 
173069.2852       231840.8711       5.3767e-07       -1.7995 
173069.2852       231840.8711       5.8248e-07       -1.9503 
173069.2852       231840.8711       6.2729e-07       -2.1012 
173069.2852       231840.8711       6.7209e-07       -2.2522 
173069.2852       231840.8711       7.1690e-07       -2.4033 
173069.2852       231840.8711       7.6171e-07       -2.5546 
173069.2852       231840.8711       8.0651e-07       -2.7059 
231840.8711       310563.2050       0.0000e+00       0.0000 
231840.8711       310563.2050       2.9293e-10       -0.0007 
231840.8711       310563.2050       6.0795e-08       -0.1497 
231840.8711       310563.2050       1.2130e-07       -0.2989 
231840.8711       310563.2050       1.8180e-07       -0.4483 
231840.8711       310563.2050       2.4230e-07       -0.5978 
231840.8711       310563.2050       3.0280e-07       -0.7475 
231840.8711       310563.2050       3.6331e-07       -0.8973 
231840.8711       310563.2050       4.2381e-07       -1.0473 
231840.8711       310563.2050       4.8431e-07       -1.1974 
231840.8711       310563.2050       5.4481e-07       -1.3477 
231840.8711       310563.2050       6.0532e-07       -1.4981 
231840.8711       310563.2050       6.6582e-07       -1.6486 
231840.8711       310563.2050       7.2632e-07       -1.7993 
231840.8711       310563.2050       7.8682e-07       -1.9501 
231840.8711       310563.2050       8.4733e-07       -2.1010 
231840.8711       310563.2050       9.0783e-07       -2.2520 
231840.8711       310563.2050       9.6833e-07       -2.4032 
231840.8711       310563.2050       1.0288e-06       -2.5545 
231840.8711       310563.2050       1.0893e-06       -2.7059 
310563.2050       416015.9675       0.0000e+00       0.0000 
310563.2050       416015.9675       2.4528e-10       -0.0005 
310563.2050       416015.9675       7.5924e-08       -0.1508 
310563.2050       416015.9675       1.5160e-07       -0.3011 
310563.2050       416015.9675       2.2728e-07       -0.4514 
310563.2050       416015.9675       3.0296e-07       -0.6017 
310563.2050       416015.9675       3.7864e-07       -0.7520 
310563.2050       416015.9675       4.5432e-07       -0.9023 
310563.2050       416015.9675       5.3000e-07       -1.0526 
310563.2050       416015.9675       6.0568e-07       -1.2029 
310563.2050       416015.9675       6.8136e-07       -1.3532 
310563.2050       416015.9675       7.5704e-07       -1.5035 
310563.2050       416015.9675       8.3271e-07       -1.6538 
310563.2050       416015.9675       9.0839e-07       -1.8041 
310563.2050       416015.9675       9.8407e-07       -1.9544 
310563.2050       416015.9675       1.0598e-06       -2.1047 
310563.2050       416015.9675       1.1354e-06       -2.2550 
310563.2050       416015.9675       1.2111e-06       -2.4053 
310563.2050       416015.9675       1.2868e-06       -2.5556 
310563.2050       416015.9675       1.3625e-06       -2.7059 
416015.9675       557275.5639       0.0000e+00       0.0000 
416015.9675       557275.5639       2.0528e-10       -0.0003 
416015.9675       557275.5639       1.0298e-07       -0.1506 
416015.9675       557275.5639       2.0576e-07       -0.3009 
416015.9675       557275.5639       3.0854e-07       -0.4512 
416015.9675       557275.5639       4.1132e-07       -0.6015 
416015.9675       557275.5639       5.1409e-07       -0.7519 
416015.9675       557275.5639       6.1687e-07       -0.9022 
416015.9675       557275.5639       7.1965e-07       -1.0525 
416015.9675       557275.5639       8.2243e-07       -1.2028 
416015.9675       557275.5639       9.2520e-07       -1.3531 
416015.9675       557275.5639       1.0280e-06       -1.5034 
416015.9675       557275.5639       1.1308e-06       -1.6537 
416015.9675       557275.5639       1.2335e-06       -1.8040 
416015.9675       557275.5639       1.3363e-06       -1.9543 
416015.9675       557275.5639       1.4391e-06       -2.1047 
416015.9675       557275.5639       1.5419e-06       -2.2550 
416015.9675       557275.5639       1.6446e-06       -2.4053 
416015.9675       557275.5639       1.7474e-06       -2.5556 
416015.9675       557275.5639       1.8502e-06       -2.7059 
557275.5639       746517.5120       0.0000e+00       0.0000 
557275.5639       746517.5120       1.7175e-10       -0.0002 
557275.5639       746517.5120       1.4105e-07       -0.1505 
557275.5639       746517.5120       2.8193e-07       -0.3008 
557275.5639       746517.5120       4.2281e-07       -0.4511 
557275.5639       746517.5120       5.6369e-07       -0.6015 
557275.5639       746517.5120       7.0457e-07       -0.7518 
557275.5639       746517.5120       8.4545e-07       -0.9021 
557275.5639       746517.5120       9.8633e-07       -1.0524 
557275.5639       746517.5120       1.1272e-06       -1.2027 
557275.5639       746517.5120       1.2681e-06       -1.3530 
557275.5639       746517.5120       1.4090e-06       -1.5034 
557275.5639       746517.5120       1.5498e-06       -1.6537 
557275.5639       746517.5120       1.6907e-06       -1.8040 
557275.5639       746517.5120       1.8316e-06       -1.9543 
557275.5639       746517.5120       1.9725e-06       -2.1046 
557275.5639       746517.5120       2.1134e-06       -2.2549 
557275.5639       746517.5120       2.2542e-06       -2.4053 
557275.5639       746517.5120       2.3951e-06       -2.5556 
557275.5639       746517.5120       2.5360e-06       -2.7059 
746517.5120       1000000.0000       0.0000e+00       0.0000 
746517.5120       1000000.0000       1.4370e-10       -0.0001 
746517.5120       1000000.0000       2.0379e-07       -0.1504 
746517.5120       1000000.0000       4.0743e-07       -0.3007 
746517.5120       1000000.0000       6.1108e-07       -0.4511 
746517.5120       1000000.0000       8.1472e-07       -0.6014 
746517.5120       1000000.0000       1.0184e-06       -0.7517 
746517.5120       1000000.0000       1.2220e-06       -0.9020 
746517.5120       1000000.0000       1.4257e-06       -1.0524 
746517.5120       1000000.0000       1.6293e-06       -1.2027 
746517.5120       1000000.0000       1.8329e-06       -1.3530 
746517.5120       1000000.0000       2.0366e-06       -1.5033 
746517.5120       1000000.0000       2.2402e-06       -1.6536 
746517.5120       1000000.0000       2.4439e-06       -1.8040 
746517.5120       1000000.0000       2.6475e-06       -1.9543 
746517.5120       1000000.0000       2.8512e-06       -2.1046 
746517.5120       1000000.0000       3.0548e-06       -2.2549 
746517.5120       1000000.0000       3.2585e-06       -2.4053 
746517.5120       1000000.0000       3.4621e-06       -2.5556 
746517.5120       1000000.0000       3.6658e-06       -2.7059 
