#Tucana_3  Log10(Jfactor)=19.300   sigmaJ=0.600 
#[0]emin(MeV) [1]emax(MeV) [2]eflux(MeV/cm^2/s) [3]deltaLogLike 
500.0000       669.7766       0.0000e+00       0.0000 
500.0000       669.7766       1.9642e-13       -0.0000 
500.0000       669.7766       2.5626e-09       -0.1052 
500.0000       669.7766       5.1250e-09       -0.2163 
500.0000       669.7766       7.6874e-09       -0.3329 
500.0000       669.7766       1.0250e-08       -0.4552 
500.0000       669.7766       1.2812e-08       -0.5830 
500.0000       669.7766       1.5375e-08       -0.7161 
500.0000       669.7766       1.7937e-08       -0.8546 
500.0000       669.7766       2.0499e-08       -0.9982 
500.0000       669.7766       2.3062e-08       -1.1470 
500.0000       669.7766       2.5624e-08       -1.3009 
500.0000       669.7766       2.8187e-08       -1.4597 
500.0000       669.7766       3.0749e-08       -1.6234 
500.0000       669.7766       3.3311e-08       -1.7920 
500.0000       669.7766       3.5874e-08       -1.9653 
500.0000       669.7766       3.8436e-08       -2.1433 
500.0000       669.7766       4.0999e-08       -2.3259 
500.0000       669.7766       4.3561e-08       -2.5131 
500.0000       669.7766       4.6123e-08       -2.7048 
669.7766       897.2222       0.0000e+00       -0.0682 
669.7766       897.2222       8.4841e-09       0.0000 
669.7766       897.2222       1.2060e-08       -0.0080 
669.7766       897.2222       1.5635e-08       -0.0364 
669.7766       897.2222       1.9211e-08       -0.0842 
669.7766       897.2222       2.2787e-08       -0.1507 
669.7766       897.2222       2.6362e-08       -0.2350 
669.7766       897.2222       2.9938e-08       -0.3365 
669.7766       897.2222       3.3514e-08       -0.4546 
669.7766       897.2222       3.7089e-08       -0.5887 
669.7766       897.2222       4.0665e-08       -0.7381 
669.7766       897.2222       4.4241e-08       -0.9025 
669.7766       897.2222       4.7816e-08       -1.0814 
669.7766       897.2222       5.1392e-08       -1.2742 
669.7766       897.2222       5.4968e-08       -1.4806 
669.7766       897.2222       5.8543e-08       -1.7002 
669.7766       897.2222       6.2119e-08       -1.9325 
669.7766       897.2222       6.5695e-08       -2.1774 
669.7766       897.2222       6.9270e-08       -2.4343 
669.7766       897.2222       7.2846e-08       -2.7030 
897.2222       1201.8769       0.0000e+00       -0.0000 
897.2222       1201.8769       2.0668e-13       0.0000 
897.2222       1201.8769       2.3936e-09       -0.0753 
897.2222       1201.8769       4.7870e-09       -0.1613 
897.2222       1201.8769       7.1804e-09       -0.2575 
897.2222       1201.8769       9.5738e-09       -0.3634 
897.2222       1201.8769       1.1967e-08       -0.4788 
897.2222       1201.8769       1.4361e-08       -0.6033 
897.2222       1201.8769       1.6754e-08       -0.7365 
897.2222       1201.8769       1.9147e-08       -0.8782 
897.2222       1201.8769       2.1541e-08       -1.0280 
897.2222       1201.8769       2.3934e-08       -1.1857 
897.2222       1201.8769       2.6328e-08       -1.3510 
897.2222       1201.8769       2.8721e-08       -1.5237 
897.2222       1201.8769       3.1114e-08       -1.7037 
897.2222       1201.8769       3.3508e-08       -1.8906 
897.2222       1201.8769       3.5901e-08       -2.0843 
897.2222       1201.8769       3.8294e-08       -2.2847 
897.2222       1201.8769       4.0688e-08       -2.4914 
897.2222       1201.8769       4.3081e-08       -2.7045 
1201.8769       1609.9782       0.0000e+00       -0.0010 
1201.8769       1609.9782       1.0450e-09       0.0000 
1201.8769       1609.9782       3.7049e-09       -0.0147 
1201.8769       1609.9782       6.3648e-09       -0.0521 
1201.8769       1609.9782       9.0247e-09       -0.1101 
1201.8769       1609.9782       1.1685e-08       -0.1872 
1201.8769       1609.9782       1.4345e-08       -0.2818 
1201.8769       1609.9782       1.7004e-08       -0.3928 
1201.8769       1609.9782       1.9664e-08       -0.5190 
1201.8769       1609.9782       2.2324e-08       -0.6596 
1201.8769       1609.9782       2.4984e-08       -0.8136 
1201.8769       1609.9782       2.7644e-08       -0.9804 
1201.8769       1609.9782       3.0304e-08       -1.1592 
1201.8769       1609.9782       3.2964e-08       -1.3494 
1201.8769       1609.9782       3.5624e-08       -1.5506 
1201.8769       1609.9782       3.8284e-08       -1.7621 
1201.8769       1609.9782       4.0944e-08       -1.9836 
1201.8769       1609.9782       4.3604e-08       -2.2146 
1201.8769       1609.9782       4.6264e-08       -2.4546 
1201.8769       1609.9782       4.8924e-08       -2.7035 
1609.9782       2156.6516       0.0000e+00       -1.7242 
1609.9782       2156.6516       3.6912e-09       -1.2586 
1609.9782       2156.6516       7.3824e-09       -0.9026 
1609.9782       2156.6516       1.1074e-08       -0.6269 
1609.9782       2156.6516       1.4765e-08       -0.4143 
1609.9782       2156.6516       1.8456e-08       -0.2536 
1609.9782       2156.6516       2.2147e-08       -0.1370 
1609.9782       2156.6516       2.5838e-08       -0.0587 
1609.9782       2156.6516       2.9529e-08       -0.0142 
1609.9782       2156.6516       3.3221e-08       0.0000 
1609.9782       2156.6516       3.9439e-08       -0.0371 
1609.9782       2156.6516       4.5657e-08       -0.1419 
1609.9782       2156.6516       5.1876e-08       -0.3061 
1609.9782       2156.6516       5.8094e-08       -0.5236 
1609.9782       2156.6516       6.4312e-08       -0.7891 
1609.9782       2156.6516       7.0531e-08       -1.0984 
1609.9782       2156.6516       7.6749e-08       -1.4479 
1609.9782       2156.6516       8.2967e-08       -1.8347 
1609.9782       2156.6516       8.9186e-08       -2.2559 
1609.9782       2156.6516       9.5404e-08       -2.7094 
2156.6516       2889.0164       0.0000e+00       -0.5645 
2156.6516       2889.0164       1.4584e-09       -0.4212 
2156.6516       2889.0164       2.9168e-09       -0.3061 
2156.6516       2889.0164       4.3753e-09       -0.2143 
2156.6516       2889.0164       5.8337e-09       -0.1423 
2156.6516       2889.0164       7.2921e-09       -0.0873 
2156.6516       2889.0164       8.7505e-09       -0.0471 
2156.6516       2889.0164       1.0209e-08       -0.0201 
2156.6516       2889.0164       1.1667e-08       -0.0048 
2156.6516       2889.0164       1.3126e-08       0.0000 
2156.6516       2889.0164       1.7873e-08       -0.0465 
2156.6516       2889.0164       2.2619e-08       -0.1701 
2156.6516       2889.0164       2.7366e-08       -0.3547 
2156.6516       2889.0164       3.2113e-08       -0.5892 
2156.6516       2889.0164       3.6860e-08       -0.8656 
2156.6516       2889.0164       4.1607e-08       -1.1780 
2156.6516       2889.0164       4.6353e-08       -1.5218 
2156.6516       2889.0164       5.1100e-08       -1.8931 
2156.6516       2889.0164       5.5847e-08       -2.2892 
2156.6516       2889.0164       6.0594e-08       -2.7075 
2889.0164       3869.9914       0.0000e+00       -0.0833 
2889.0164       3869.9914       4.8647e-09       0.0000 
2889.0164       3869.9914       7.5150e-09       -0.0162 
2889.0164       3869.9914       1.0165e-08       -0.0631 
2889.0164       3869.9914       1.2816e-08       -0.1351 
2889.0164       3869.9914       1.5466e-08       -0.2277 
2889.0164       3869.9914       1.8116e-08       -0.3379 
2889.0164       3869.9914       2.0766e-08       -0.4633 
2889.0164       3869.9914       2.3417e-08       -0.6021 
2889.0164       3869.9914       2.6067e-08       -0.7526 
2889.0164       3869.9914       2.8717e-08       -0.9137 
2889.0164       3869.9914       3.1367e-08       -1.0842 
2889.0164       3869.9914       3.4018e-08       -1.2635 
2889.0164       3869.9914       3.6668e-08       -1.4506 
2889.0164       3869.9914       3.9318e-08       -1.6450 
2889.0164       3869.9914       4.1969e-08       -1.8461 
2889.0164       3869.9914       4.4619e-08       -2.0535 
2889.0164       3869.9914       4.7269e-08       -2.2666 
2889.0164       3869.9914       4.9919e-08       -2.4851 
2889.0164       3869.9914       5.2570e-08       -2.7088 
3869.9914       5184.0598       0.0000e+00       -0.0000 
3869.9914       5184.0598       3.4322e-15       0.0000 
3869.9914       5184.0598       2.1174e-09       -0.0972 
3869.9914       5184.0598       4.2347e-09       -0.2052 
3869.9914       5184.0598       6.3521e-09       -0.3224 
3869.9914       5184.0598       8.4695e-09       -0.4475 
3869.9914       5184.0598       1.0587e-08       -0.5797 
3869.9914       5184.0598       1.2704e-08       -0.7181 
3869.9914       5184.0598       1.4822e-08       -0.8622 
3869.9914       5184.0598       1.6939e-08       -1.0113 
3869.9914       5184.0598       1.9056e-08       -1.1649 
3869.9914       5184.0598       2.1174e-08       -1.3228 
3869.9914       5184.0598       2.3291e-08       -1.4846 
3869.9914       5184.0598       2.5408e-08       -1.6500 
3869.9914       5184.0598       2.7526e-08       -1.8187 
3869.9914       5184.0598       2.9643e-08       -1.9904 
3869.9914       5184.0598       3.1761e-08       -2.1651 
3869.9914       5184.0598       3.3878e-08       -2.3424 
3869.9914       5184.0598       3.5995e-08       -2.5224 
3869.9914       5184.0598       3.8113e-08       -2.7047 
5184.0598       6944.3244       0.0000e+00       -0.9704 
5184.0598       6944.3244       1.8214e-09       -0.6486 
5184.0598       6944.3244       3.6427e-09       -0.4368 
5184.0598       6944.3244       5.4641e-09       -0.2890 
5184.0598       6944.3244       7.2855e-09       -0.1837 
5184.0598       6944.3244       9.1069e-09       -0.1089 
5184.0598       6944.3244       1.0928e-08       -0.0574 
5184.0598       6944.3244       1.2750e-08       -0.0242 
5184.0598       6944.3244       1.4571e-08       -0.0059 
5184.0598       6944.3244       1.6392e-08       0.0000 
5184.0598       6944.3244       2.3023e-08       -0.0579 
5184.0598       6944.3244       2.9653e-08       -0.2040 
5184.0598       6944.3244       3.6283e-08       -0.4103 
5184.0598       6944.3244       4.2913e-08       -0.6612 
5184.0598       6944.3244       4.9543e-08       -0.9467 
5184.0598       6944.3244       5.6174e-08       -1.2600 
5184.0598       6944.3244       6.2804e-08       -1.5964 
5184.0598       6944.3244       6.9434e-08       -1.9522 
5184.0598       6944.3244       7.6064e-08       -2.3248 
5184.0598       6944.3244       8.2694e-08       -2.7119 
6944.3244       9302.5069       0.0000e+00       -0.0000 
6944.3244       9302.5069       1.5144e-14       0.0000 
6944.3244       9302.5069       3.6623e-09       -0.0843 
6944.3244       9302.5069       7.3245e-09       -0.1839 
6944.3244       9302.5069       1.0987e-08       -0.2958 
6944.3244       9302.5069       1.4649e-08       -0.4180 
6944.3244       9302.5069       1.8311e-08       -0.5489 
6944.3244       9302.5069       2.1974e-08       -0.6872 
6944.3244       9302.5069       2.5636e-08       -0.8320 
6944.3244       9302.5069       2.9298e-08       -0.9826 
6944.3244       9302.5069       3.2960e-08       -1.1382 
6944.3244       9302.5069       3.6623e-08       -1.2984 
6944.3244       9302.5069       4.0285e-08       -1.4628 
6944.3244       9302.5069       4.3947e-08       -1.6309 
6944.3244       9302.5069       4.7609e-08       -1.8025 
6944.3244       9302.5069       5.1272e-08       -1.9772 
6944.3244       9302.5069       5.4934e-08       -2.1549 
6944.3244       9302.5069       5.8596e-08       -2.3353 
6944.3244       9302.5069       6.2259e-08       -2.5183 
6944.3244       9302.5069       6.5921e-08       -2.7037 
9302.5069       12461.2038       0.0000e+00       0.0000 
9302.5069       12461.2038       1.4547e-12       -0.0000 
9302.5069       12461.2038       3.0638e-09       -0.1468 
9302.5069       12461.2038       6.1261e-09       -0.2941 
9302.5069       12461.2038       9.1884e-09       -0.4418 
9302.5069       12461.2038       1.2251e-08       -0.5900 
9302.5069       12461.2038       1.5313e-08       -0.7387 
9302.5069       12461.2038       1.8375e-08       -0.8877 
9302.5069       12461.2038       2.1438e-08       -1.0372 
9302.5069       12461.2038       2.4500e-08       -1.1871 
9302.5069       12461.2038       2.7562e-08       -1.3374 
9302.5069       12461.2038       3.0624e-08       -1.4880 
9302.5069       12461.2038       3.3687e-08       -1.6390 
9302.5069       12461.2038       3.6749e-08       -1.7904 
9302.5069       12461.2038       3.9811e-08       -1.9422 
9302.5069       12461.2038       4.2874e-08       -2.0942 
9302.5069       12461.2038       4.5936e-08       -2.2467 
9302.5069       12461.2038       4.8998e-08       -2.3994 
9302.5069       12461.2038       5.2061e-08       -2.5525 
9302.5069       12461.2038       5.5123e-08       -2.7058 
12461.2038       16692.4468       0.0000e+00       -0.0000 
12461.2038       16692.4468       4.0626e-14       0.0000 
12461.2038       16692.4468       3.4960e-09       -0.1497 
12461.2038       16692.4468       6.9919e-09       -0.2995 
12461.2038       16692.4468       1.0488e-08       -0.4494 
12461.2038       16692.4468       1.3984e-08       -0.5993 
12461.2038       16692.4468       1.7480e-08       -0.7494 
12461.2038       16692.4468       2.0976e-08       -0.8995 
12461.2038       16692.4468       2.4471e-08       -1.0496 
12461.2038       16692.4468       2.7967e-08       -1.1999 
12461.2038       16692.4468       3.1463e-08       -1.3502 
12461.2038       16692.4468       3.4959e-08       -1.5005 
12461.2038       16692.4468       3.8455e-08       -1.6510 
12461.2038       16692.4468       4.1951e-08       -1.8015 
12461.2038       16692.4468       4.5447e-08       -1.9521 
12461.2038       16692.4468       4.8943e-08       -2.1027 
12461.2038       16692.4468       5.2439e-08       -2.2534 
12461.2038       16692.4468       5.5935e-08       -2.4042 
12461.2038       16692.4468       5.9431e-08       -2.5550 
12461.2038       16692.4468       6.2927e-08       -2.7059 
16692.4468       22360.9371       0.0000e+00       -0.0000 
16692.4468       22360.9371       2.6204e-15       0.0000 
16692.4468       22360.9371       5.9361e-09       -0.1168 
16692.4468       22360.9371       1.1872e-08       -0.2406 
16692.4468       22360.9371       1.7808e-08       -0.3705 
16692.4468       22360.9371       2.3744e-08       -0.5055 
16692.4468       22360.9371       2.9681e-08       -0.6449 
16692.4468       22360.9371       3.5617e-08       -0.7884 
16692.4468       22360.9371       4.1553e-08       -0.9353 
16692.4468       22360.9371       4.7489e-08       -1.0853 
16692.4468       22360.9371       5.3425e-08       -1.2382 
16692.4468       22360.9371       5.9361e-08       -1.3935 
16692.4468       22360.9371       6.5297e-08       -1.5512 
16692.4468       22360.9371       7.1233e-08       -1.7109 
16692.4468       22360.9371       7.7170e-08       -1.8725 
16692.4468       22360.9371       8.3106e-08       -2.0359 
16692.4468       22360.9371       8.9042e-08       -2.2009 
16692.4468       22360.9371       9.4978e-08       -2.3675 
16692.4468       22360.9371       1.0091e-07       -2.5353 
16692.4468       22360.9371       1.0685e-07       -2.7045 
22360.9371       29953.6672       0.0000e+00       -0.0000 
22360.9371       29953.6672       4.8415e-15       0.0000 
22360.9371       29953.6672       5.8637e-09       -0.1503 
22360.9371       29953.6672       1.1727e-08       -0.3006 
22360.9371       29953.6672       1.7591e-08       -0.4508 
22360.9371       29953.6672       2.3455e-08       -0.6011 
22360.9371       29953.6672       2.9319e-08       -0.7514 
22360.9371       29953.6672       3.5182e-08       -0.9017 
22360.9371       29953.6672       4.1046e-08       -1.0521 
22360.9371       29953.6672       4.6910e-08       -1.2024 
22360.9371       29953.6672       5.2774e-08       -1.3527 
22360.9371       29953.6672       5.8637e-08       -1.5030 
22360.9371       29953.6672       6.4501e-08       -1.6534 
22360.9371       29953.6672       7.0365e-08       -1.8037 
22360.9371       29953.6672       7.6229e-08       -1.9541 
22360.9371       29953.6672       8.2092e-08       -2.1044 
22360.9371       29953.6672       8.7956e-08       -2.2548 
22360.9371       29953.6672       9.3820e-08       -2.4051 
22360.9371       29953.6672       9.9683e-08       -2.5555 
22360.9371       29953.6672       1.0555e-07       -2.7059 
29953.6672       40124.5339       0.0000e+00       -0.0000 
29953.6672       40124.5339       2.6784e-14       0.0000 
29953.6672       40124.5339       7.5930e-09       -0.1503 
29953.6672       40124.5339       1.5186e-08       -0.3006 
29953.6672       40124.5339       2.2779e-08       -0.4510 
29953.6672       40124.5339       3.0372e-08       -0.6013 
29953.6672       40124.5339       3.7965e-08       -0.7516 
29953.6672       40124.5339       4.5558e-08       -0.9019 
29953.6672       40124.5339       5.3151e-08       -1.0523 
29953.6672       40124.5339       6.0744e-08       -1.2026 
29953.6672       40124.5339       6.8337e-08       -1.3529 
29953.6672       40124.5339       7.5930e-08       -1.5032 
29953.6672       40124.5339       8.3523e-08       -1.6536 
29953.6672       40124.5339       9.1116e-08       -1.8039 
29953.6672       40124.5339       9.8709e-08       -1.9542 
29953.6672       40124.5339       1.0630e-07       -2.1046 
29953.6672       40124.5339       1.1390e-07       -2.2549 
29953.6672       40124.5339       1.2149e-07       -2.4052 
29953.6672       40124.5339       1.2908e-07       -2.5556 
29953.6672       40124.5339       1.3667e-07       -2.7059 
40124.5339       53748.9519       0.0000e+00       -0.0000 
40124.5339       53748.9519       3.0936e-14       0.0000 
40124.5339       53748.9519       1.0060e-08       -0.1503 
40124.5339       53748.9519       2.0119e-08       -0.3006 
40124.5339       53748.9519       3.0179e-08       -0.4510 
40124.5339       53748.9519       4.0239e-08       -0.6013 
40124.5339       53748.9519       5.0298e-08       -0.7516 
40124.5339       53748.9519       6.0358e-08       -0.9020 
40124.5339       53748.9519       7.0418e-08       -1.0523 
40124.5339       53748.9519       8.0477e-08       -1.2026 
40124.5339       53748.9519       9.0537e-08       -1.3529 
40124.5339       53748.9519       1.0060e-07       -1.5033 
40124.5339       53748.9519       1.1066e-07       -1.6536 
40124.5339       53748.9519       1.2072e-07       -1.8039 
40124.5339       53748.9519       1.3078e-07       -1.9543 
40124.5339       53748.9519       1.4084e-07       -2.1046 
40124.5339       53748.9519       1.5090e-07       -2.2549 
40124.5339       53748.9519       1.6095e-07       -2.4052 
40124.5339       53748.9519       1.7101e-07       -2.5556 
40124.5339       53748.9519       1.8107e-07       -2.7059 
53748.9519       72001.2440       0.0000e+00       0.0000 
53748.9519       72001.2440       6.9788e-14       -0.0000 
53748.9519       72001.2440       1.8332e-08       -0.1181 
53748.9519       72001.2440       3.6663e-08       -0.2429 
53748.9519       72001.2440       5.4994e-08       -0.3734 
53748.9519       72001.2440       7.3326e-08       -0.5089 
53748.9519       72001.2440       9.1657e-08       -0.6487 
53748.9519       72001.2440       1.0999e-07       -0.7922 
53748.9519       72001.2440       1.2832e-07       -0.9392 
53748.9519       72001.2440       1.4665e-07       -1.0892 
53748.9519       72001.2440       1.6498e-07       -1.2419 
53748.9519       72001.2440       1.8331e-07       -1.3970 
53748.9519       72001.2440       2.0165e-07       -1.5544 
53748.9519       72001.2440       2.1998e-07       -1.7138 
53748.9519       72001.2440       2.3831e-07       -1.8751 
53748.9519       72001.2440       2.5664e-07       -2.0381 
53748.9519       72001.2440       2.7497e-07       -2.2026 
53748.9519       72001.2440       2.9330e-07       -2.3686 
53748.9519       72001.2440       3.1163e-07       -2.5360 
53748.9519       72001.2440       3.2997e-07       -2.7046 
72001.2440       96449.5043       0.0000e+00       -0.0000 
72001.2440       96449.5043       8.6940e-16       0.0000 
72001.2440       96449.5043       1.8233e-08       -0.1503 
72001.2440       96449.5043       3.6466e-08       -0.3007 
72001.2440       96449.5043       5.4700e-08       -0.4510 
72001.2440       96449.5043       7.2933e-08       -0.6013 
72001.2440       96449.5043       9.1166e-08       -0.7516 
72001.2440       96449.5043       1.0940e-07       -0.9020 
72001.2440       96449.5043       1.2763e-07       -1.0523 
72001.2440       96449.5043       1.4587e-07       -1.2026 
72001.2440       96449.5043       1.6410e-07       -1.3529 
72001.2440       96449.5043       1.8233e-07       -1.5033 
72001.2440       96449.5043       2.0057e-07       -1.6536 
72001.2440       96449.5043       2.1880e-07       -1.8039 
72001.2440       96449.5043       2.3703e-07       -1.9543 
72001.2440       96449.5043       2.5526e-07       -2.1046 
72001.2440       96449.5043       2.7350e-07       -2.2549 
72001.2440       96449.5043       2.9173e-07       -2.4052 
72001.2440       96449.5043       3.0996e-07       -2.5556 
72001.2440       96449.5043       3.2820e-07       -2.7059 
96449.5043       129199.2522       0.0000e+00       0.0000 
96449.5043       129199.2522       7.8144e-16       -0.0000 
96449.5043       129199.2522       2.5020e-08       -0.1503 
96449.5043       129199.2522       5.0039e-08       -0.3006 
96449.5043       129199.2522       7.5059e-08       -0.4509 
96449.5043       129199.2522       1.0008e-07       -0.6011 
96449.5043       129199.2522       1.2510e-07       -0.7515 
96449.5043       129199.2522       1.5012e-07       -0.9018 
96449.5043       129199.2522       1.7514e-07       -1.0521 
96449.5043       129199.2522       2.0016e-07       -1.2024 
96449.5043       129199.2522       2.2518e-07       -1.3527 
96449.5043       129199.2522       2.5020e-07       -1.5030 
96449.5043       129199.2522       2.7522e-07       -1.6534 
96449.5043       129199.2522       3.0023e-07       -1.8037 
96449.5043       129199.2522       3.2525e-07       -1.9541 
96449.5043       129199.2522       3.5027e-07       -2.1044 
96449.5043       129199.2522       3.7529e-07       -2.2548 
96449.5043       129199.2522       4.0031e-07       -2.4052 
96449.5043       129199.2522       4.2533e-07       -2.5555 
96449.5043       129199.2522       4.5035e-07       -2.7059 
129199.2522       173069.2852       0.0000e+00       0.0000 
129199.2522       173069.2852       2.1076e-14       -0.0000 
129199.2522       173069.2852       4.9094e-08       -0.0992 
129199.2522       173069.2852       9.8187e-08       -0.2103 
129199.2522       173069.2852       1.4728e-07       -0.3312 
129199.2522       173069.2852       1.9637e-07       -0.4602 
129199.2522       173069.2852       2.4547e-07       -0.5959 
129199.2522       173069.2852       2.9456e-07       -0.7376 
129199.2522       173069.2852       3.4366e-07       -0.8842 
129199.2522       173069.2852       3.9275e-07       -1.0352 
129199.2522       173069.2852       4.4184e-07       -1.1902 
129199.2522       173069.2852       4.9094e-07       -1.3485 
129199.2522       173069.2852       5.4003e-07       -1.5100 
129199.2522       173069.2852       5.8912e-07       -1.6742 
129199.2522       173069.2852       6.3822e-07       -1.8409 
129199.2522       173069.2852       6.8731e-07       -2.0098 
129199.2522       173069.2852       7.3640e-07       -2.1809 
129199.2522       173069.2852       7.8550e-07       -2.3539 
129199.2522       173069.2852       8.3459e-07       -2.5286 
129199.2522       173069.2852       8.8369e-07       -2.7049 
173069.2852       231840.8711       0.0000e+00       0.0000 
173069.2852       231840.8711       6.2102e-16       -0.0000 
173069.2852       231840.8711       4.4458e-08       -0.1503 
173069.2852       231840.8711       8.8917e-08       -0.3007 
173069.2852       231840.8711       1.3338e-07       -0.4510 
173069.2852       231840.8711       1.7783e-07       -0.6013 
173069.2852       231840.8711       2.2229e-07       -0.7516 
173069.2852       231840.8711       2.6675e-07       -0.9020 
173069.2852       231840.8711       3.1121e-07       -1.0523 
173069.2852       231840.8711       3.5567e-07       -1.2026 
173069.2852       231840.8711       4.0013e-07       -1.3529 
173069.2852       231840.8711       4.4458e-07       -1.5033 
173069.2852       231840.8711       4.8904e-07       -1.6536 
173069.2852       231840.8711       5.3350e-07       -1.8039 
173069.2852       231840.8711       5.7796e-07       -1.9543 
173069.2852       231840.8711       6.2242e-07       -2.1046 
173069.2852       231840.8711       6.6688e-07       -2.2549 
173069.2852       231840.8711       7.1134e-07       -2.4052 
173069.2852       231840.8711       7.5579e-07       -2.5556 
173069.2852       231840.8711       8.0025e-07       -2.7059 
231840.8711       310563.2050       0.0000e+00       0.0000 
231840.8711       310563.2050       5.4993e-16       -0.0000 
231840.8711       310563.2050       6.0659e-08       -0.1503 
231840.8711       310563.2050       1.2132e-07       -0.3006 
231840.8711       310563.2050       1.8198e-07       -0.4509 
231840.8711       310563.2050       2.4264e-07       -0.6012 
231840.8711       310563.2050       3.0330e-07       -0.7515 
231840.8711       310563.2050       3.6395e-07       -0.9018 
231840.8711       310563.2050       4.2461e-07       -1.0521 
231840.8711       310563.2050       4.8527e-07       -1.2024 
231840.8711       310563.2050       5.4593e-07       -1.3528 
231840.8711       310563.2050       6.0659e-07       -1.5031 
231840.8711       310563.2050       6.6725e-07       -1.6534 
231840.8711       310563.2050       7.2791e-07       -1.8038 
231840.8711       310563.2050       7.8857e-07       -1.9541 
231840.8711       310563.2050       8.4923e-07       -2.1045 
231840.8711       310563.2050       9.0989e-07       -2.2548 
231840.8711       310563.2050       9.7054e-07       -2.4052 
231840.8711       310563.2050       1.0312e-06       -2.5555 
231840.8711       310563.2050       1.0919e-06       -2.7059 
310563.2050       416015.9675       0.0000e+00       0.0000 
310563.2050       416015.9675       4.7332e-10       -0.0009 
310563.2050       416015.9675       8.1160e-08       -0.1512 
310563.2050       416015.9675       1.6185e-07       -0.3014 
310563.2050       416015.9675       2.4253e-07       -0.4517 
310563.2050       416015.9675       3.2322e-07       -0.6020 
310563.2050       416015.9675       4.0391e-07       -0.7523 
310563.2050       416015.9675       4.8459e-07       -0.9025 
310563.2050       416015.9675       5.6528e-07       -1.0528 
310563.2050       416015.9675       6.4597e-07       -1.2031 
310563.2050       416015.9675       7.2665e-07       -1.3534 
310563.2050       416015.9675       8.0734e-07       -1.5036 
310563.2050       416015.9675       8.8803e-07       -1.6539 
310563.2050       416015.9675       9.6871e-07       -1.8042 
310563.2050       416015.9675       1.0494e-06       -1.9545 
310563.2050       416015.9675       1.1301e-06       -2.1048 
310563.2050       416015.9675       1.2108e-06       -2.2550 
310563.2050       416015.9675       1.2915e-06       -2.4053 
310563.2050       416015.9675       1.3721e-06       -2.5556 
310563.2050       416015.9675       1.4528e-06       -2.7059 
416015.9675       557275.5639       0.0000e+00       0.0000 
416015.9675       557275.5639       4.2156e-10       -0.0006 
416015.9675       557275.5639       1.1003e-07       -0.1509 
416015.9675       557275.5639       2.1965e-07       -0.3012 
416015.9675       557275.5639       3.2926e-07       -0.4515 
416015.9675       557275.5639       4.3887e-07       -0.6018 
416015.9675       557275.5639       5.4848e-07       -0.7520 
416015.9675       557275.5639       6.5810e-07       -0.9023 
416015.9675       557275.5639       7.6771e-07       -1.0526 
416015.9675       557275.5639       8.7732e-07       -1.2029 
416015.9675       557275.5639       9.8693e-07       -1.3532 
416015.9675       557275.5639       1.0965e-06       -1.5035 
416015.9675       557275.5639       1.2062e-06       -1.6538 
416015.9675       557275.5639       1.3158e-06       -1.8041 
416015.9675       557275.5639       1.4254e-06       -1.9544 
416015.9675       557275.5639       1.5350e-06       -2.1047 
416015.9675       557275.5639       1.6446e-06       -2.2550 
416015.9675       557275.5639       1.7542e-06       -2.4053 
416015.9675       557275.5639       1.8638e-06       -2.5556 
416015.9675       557275.5639       1.9734e-06       -2.7059 
557275.5639       746517.5120       0.0000e+00       0.0000 
557275.5639       746517.5120       3.7544e-10       -0.0004 
557275.5639       746517.5120       1.5070e-07       -0.1507 
557275.5639       746517.5120       3.0103e-07       -0.3010 
557275.5639       746517.5120       4.5136e-07       -0.4513 
557275.5639       746517.5120       6.0168e-07       -0.6016 
557275.5639       746517.5120       7.5201e-07       -0.7519 
557275.5639       746517.5120       9.0234e-07       -0.9022 
557275.5639       746517.5120       1.0527e-06       -1.0525 
557275.5639       746517.5120       1.2030e-06       -1.2028 
557275.5639       746517.5120       1.3533e-06       -1.3531 
557275.5639       746517.5120       1.5036e-06       -1.5034 
557275.5639       746517.5120       1.6540e-06       -1.6537 
557275.5639       746517.5120       1.8043e-06       -1.8041 
557275.5639       746517.5120       1.9546e-06       -1.9544 
557275.5639       746517.5120       2.1050e-06       -2.1047 
557275.5639       746517.5120       2.2553e-06       -2.2550 
557275.5639       746517.5120       2.4056e-06       -2.4053 
557275.5639       746517.5120       2.5559e-06       -2.5556 
557275.5639       746517.5120       2.7063e-06       -2.7059 
746517.5120       1000000.0000       0.0000e+00       0.0000 
746517.5120       1000000.0000       3.3397e-10       -0.0002 
746517.5120       1000000.0000       2.1791e-07       -0.1505 
746517.5120       1000000.0000       4.3548e-07       -0.3009 
746517.5120       1000000.0000       6.5305e-07       -0.4512 
746517.5120       1000000.0000       8.7062e-07       -0.6015 
746517.5120       1000000.0000       1.0882e-06       -0.7518 
746517.5120       1000000.0000       1.3058e-06       -0.9021 
746517.5120       1000000.0000       1.5233e-06       -1.0524 
746517.5120       1000000.0000       1.7409e-06       -1.2027 
746517.5120       1000000.0000       1.9585e-06       -1.3531 
746517.5120       1000000.0000       2.1761e-06       -1.5034 
746517.5120       1000000.0000       2.3936e-06       -1.6537 
746517.5120       1000000.0000       2.6112e-06       -1.8040 
746517.5120       1000000.0000       2.8288e-06       -1.9543 
746517.5120       1000000.0000       3.0463e-06       -2.1046 
746517.5120       1000000.0000       3.2639e-06       -2.2550 
746517.5120       1000000.0000       3.4815e-06       -2.4053 
746517.5120       1000000.0000       3.6991e-06       -2.5556 
746517.5120       1000000.0000       3.9166e-06       -2.7059 
