28
0.0048     12.0     1
0.0024     12.0     1
0.1040     12.0     1
1.2700     12.0     1
4.2000     12.0     1
174.30     12.0     1
0.0000      4.0     1
0.0000      2.0     1
0.1057      4.0     1
0.0000      2.0     1
1.7770      4.0     1
0.0000      2.0     0
0.0000     16.0     0
0.0000      2.0     0
91.188      3.0     0
80.400      6.0     0
125.00      1.0     0
10.0         4.0         1
0.0         2.0         0
91.1876         2.0         0
79.82435974619784         2.0         0
79.82435974619784         2.0         0
0.0         16.0         0
10.0         1.0         0
10.0         2.0         0
1000.0         1.0         0
70.0         2.0         0
70.0         6.0         0
